441.47 441.06 494.43 440.92 494.47 457.10 441.51 457.23 ship 0 0.999406 votes=1
601.84 664.20 667.63 662.47 668.10 680.48 602.31 682.21 ship 0 0.999355 votes=1
447.64 668.68 499.96 668.45 500.04 686.56 447.72 686.80 ship 0 0.999295 votes=1
330.90 720.69 384.39 720.01 384.62 737.46 331.12 738.14 ship 0 0.999262 votes=1
295.50 504.96 296.49 430.94 317.12 431.21 316.13 505.23 ship 0 0.999216 votes=1
429.14 223.89 488.98 221.75 489.64 240.21 429.80 242.36 ship 0 0.999152 votes=1
706.81 656.63 756.05 656.39 756.13 672.95 706.89 673.19 ship 0 0.999145 votes=1
452.46 594.16 496.49 594.33 496.44 608.32 452.41 608.16 ship 0 0.999084 votes=1
357.32 137.90 357.79 198.91 338.90 199.06 338.43 138.04 ship 0 0.999024 votes=1
349.91 639.50 350.09 689.85 332.57 689.91 332.38 639.56 ship 0 0.998945 votes=1
438.24 486.06 495.50 484.59 495.93 501.48 438.67 502.95 ship 0 0.998897 votes=1
637.69 558.41 673.20 557.76 673.42 569.75 637.91 570.40 ship 0 0.998870 votes=1
454.48 529.23 493.68 529.08 493.73 542.87 454.53 543.02 ship 0 0.998756 votes=1
591.78 540.65 624.01 538.97 624.59 550.07 592.35 551.75 ship 0 0.998753 votes=1
588.65 425.28 623.64 422.73 624.59 435.84 589.60 438.38 ship 0 0.998741 votes=1
707.04 242.54 743.11 242.61 743.09 255.76 707.02 255.69 ship 0 0.998724 votes=1
709.28 538.16 743.73 537.62 743.92 549.84 709.47 550.38 ship 0 0.998697 votes=1
510.28 595.17 549.99 595.09 550.01 607.53 510.31 607.61 ship 0 0.998651 votes=1
509.17 176.71 546.68 176.22 546.85 188.71 509.34 189.20 ship 0 0.998648 votes=1
293.57 223.79 294.42 144.74 312.66 144.93 311.81 223.99 ship 0 0.998645 votes=1
436.36 418.78 495.19 417.15 495.66 434.14 436.83 435.77 ship 0 0.998623 votes=1
442.23 396.80 493.23 396.55 493.31 412.72 442.31 412.97 ship 0 0.998594 votes=1
710.51 443.23 745.30 441.66 745.85 453.74 711.06 455.31 ship 0 0.998590 votes=1
505.77 81.31 541.30 80.98 541.43 94.11 505.89 94.44 ship 0 0.998517 votes=1
180.46 67.43 182.18 137.28 160.24 137.82 158.52 67.97 ship 0 0.998506 votes=1
709.96 519.99 744.36 519.86 744.40 531.22 710.00 531.35 ship 0 0.998469 votes=1
633.10 119.63 669.93 119.50 669.97 132.24 633.15 132.36 ship 0 0.998456 votes=1
334.92 328.61 336.67 269.33 354.12 269.85 352.37 329.13 ship 0 0.998405 votes=1
445.44 117.76 486.44 117.82 486.43 129.60 445.42 129.54 ship 0 0.998362 votes=1
588.32 307.29 622.22 306.87 622.36 318.17 588.46 318.60 ship 0 0.998334 votes=1
587.93 193.19 620.00 191.07 620.75 202.51 588.69 204.63 ship 0 0.998292 votes=1
504.34 98.19 542.41 98.24 542.40 112.01 504.32 111.96 ship 0 0.998277 votes=1
449.87 353.67 492.58 352.93 492.81 366.27 450.11 367.01 ship 0 0.998272 votes=1
587.66 502.39 625.95 500.18 626.69 512.95 588.40 515.16 ship 0 0.998264 votes=1
509.32 159.46 543.84 159.24 543.91 170.90 509.39 171.12 ship 0 0.998244 votes=1
505.37 202.34 543.55 201.15 543.93 213.46 505.75 214.65 ship 0 0.998227 votes=1
453.27 570.44 494.57 569.98 494.72 583.26 453.42 583.71 ship 0 0.998147 votes=1
589.05 269.87 622.23 269.42 622.38 280.04 589.20 280.48 ship 0 0.998139 votes=1
637.24 521.30 672.48 520.64 672.70 531.97 637.46 532.64 ship 0 0.998081 votes=1
504.21 117.27 545.22 116.15 545.59 129.83 504.58 130.96 ship 0 0.998069 votes=1
707.47 592.96 746.48 591.97 746.82 605.59 707.82 606.58 ship 0 0.998061 votes=1
444.76 135.89 490.86 136.41 490.67 153.11 444.58 152.59 ship 0 0.998034 votes=1
512.99 569.87 551.47 569.96 551.45 581.73 512.96 581.63 ship 0 0.998028 votes=1
703.66 134.69 742.44 134.95 742.34 149.99 703.55 149.73 ship 0 0.997981 votes=1
706.94 631.93 748.38 630.62 748.79 643.53 707.35 644.84 ship 0 0.997924 votes=1
510.42 486.80 546.33 485.04 546.89 496.51 510.98 498.27 ship 0 0.997923 votes=1
443.74 548.47 495.74 547.83 495.94 564.29 443.95 564.93 ship 0 0.997907 votes=1
587.25 288.71 624.15 288.47 624.23 300.76 587.33 301.00 ship 0 0.997882 votes=1
509.86 289.21 545.86 289.22 545.86 302.72 509.85 302.71 ship 0 0.997841 votes=1
442.60 635.20 495.88 633.81 496.33 651.04 443.05 652.42 ship 0 0.997750 votes=1
428.65 199.00 484.27 199.21 484.20 217.24 428.58 217.03 ship 0 0.997732 votes=1
596.26 136.31 622.54 136.36 622.51 147.25 596.24 147.19 ship 0 0.997586 votes=1
592.00 406.96 623.65 404.42 624.58 416.06 592.94 418.60 ship 0 0.997535 votes=1
635.82 213.19 665.16 212.91 665.26 222.96 635.92 223.25 ship 0 0.997492 votes=1
587.54 327.23 622.90 327.08 622.95 339.57 587.60 339.72 ship 0 0.997456 votes=1
506.97 352.69 545.85 352.72 545.84 364.05 506.96 364.02 ship 0 0.997445 votes=1
443.83 310.82 492.14 311.22 492.02 325.72 443.70 325.31 ship 0 0.997427 votes=1
592.03 519.78 625.15 521.82 624.38 534.20 591.27 532.15 ship 0 0.997416 votes=1
714.54 499.44 745.62 498.14 746.07 509.04 714.99 510.34 ship 0 0.997158 votes=1
333.76 440.78 334.91 393.31 348.78 393.64 347.62 441.12 ship 0 0.997101 votes=1
454.09 508.57 489.01 507.24 489.52 520.60 454.60 521.92 ship 0 0.997062 votes=1
333.17 382.42 334.39 336.44 349.67 336.85 348.46 382.83 ship 0 0.996975 votes=1
453.07 463.42 494.13 466.30 493.17 480.04 452.11 477.16 ship 0 0.996944 votes=1
332.65 263.86 333.35 210.10 351.15 210.34 350.46 264.10 ship 0 0.996904 votes=1
635.22 191.11 669.43 193.57 668.61 204.90 634.41 202.44 ship 0 0.996670 votes=1
346.25 585.68 346.68 625.74 332.34 625.89 331.91 585.83 ship 0 0.996665 votes=1
511.48 668.15 550.01 667.33 550.28 680.23 511.75 681.05 ship 0 0.996622 votes=1
638.12 500.22 666.53 498.84 666.99 508.41 638.58 509.80 ship 0 0.996529 votes=1
589.88 345.37 623.68 343.96 624.19 356.14 590.39 357.55 ship 0 0.996384 votes=1
713.88 459.56 741.66 459.70 741.61 469.63 713.83 469.49 ship 0 0.996343 votes=1
718.05 575.31 745.94 575.17 745.99 585.51 718.11 585.65 ship 0 0.996336 votes=1
508.13 263.13 546.16 262.52 546.37 275.64 508.34 276.25 ship 0 0.996308 votes=1
586.41 152.95 621.84 153.49 621.66 165.58 586.22 165.04 ship 0 0.996189 votes=1
506.97 309.44 541.29 307.73 541.84 318.79 507.52 320.51 ship 0 0.996133 votes=1
638.85 251.47 665.10 251.03 665.27 260.94 639.02 261.39 ship 0 0.996074 votes=1
451.27 247.68 489.90 247.09 490.09 259.80 451.46 260.39 ship 0 0.996065 votes=1
510.97 636.48 550.42 636.30 550.48 650.26 511.04 650.43 ship 0 0.996017 votes=1
450.98 83.33 485.02 83.74 484.90 93.87 450.86 93.46 ship 0 0.995981 votes=1
441.36 268.89 493.13 263.97 494.63 279.74 442.86 284.66 ship 0 0.995904 votes=1
643.52 483.73 673.96 483.85 673.92 494.47 643.48 494.35 ship 0 0.995869 votes=1
514.56 136.13 540.70 135.55 540.96 146.94 514.81 147.52 ship 0 0.995763 votes=1
634.50 422.04 673.38 422.05 673.37 435.53 634.50 435.53 ship 0 0.995755 votes=1
512.30 505.56 543.39 505.15 543.55 517.34 512.46 517.75 ship 0 0.995726 votes=1
454.45 158.66 487.85 158.30 487.98 171.48 454.59 171.84 ship 0 0.995522 votes=1
635.24 103.28 660.68 102.91 660.83 113.63 635.40 114.01 ship 0 0.995376 votes=1
711.28 365.07 744.55 362.94 745.37 375.63 712.09 377.77 ship 0 0.994802 votes=1
335.67 696.76 370.48 695.37 371.01 708.62 336.20 710.00 ship 0 0.994165 votes=1
453.89 97.79 485.37 97.48 485.47 107.74 453.99 108.06 ship 0 0.994022 votes=1
638.33 368.17 663.88 367.86 664.00 378.00 638.46 378.32 ship 0 0.993968 votes=1
441.49 374.57 491.73 375.15 491.55 390.82 441.30 390.23 ship 0 0.993728 votes=1
712.69 100.76 740.78 100.09 741.01 109.67 712.92 110.33 ship 0 0.993553 votes=1
712.78 262.35 737.44 259.57 738.63 270.09 713.96 272.88 ship 0 0.993452 votes=1
710.13 420.58 743.52 420.75 743.47 430.22 710.08 430.05 ship 0 0.993388 votes=1
711.88 326.45 738.82 325.73 739.07 334.99 712.13 335.71 ship 0 0.992541 votes=1
758.80 209.83 783.36 209.60 783.45 219.63 758.89 219.86 ship 0 0.992535 votes=1
643.13 614.35 671.46 613.50 671.77 623.67 643.43 624.52 ship 0 0.992180 votes=1
587.03 81.64 614.85 81.63 614.85 92.39 587.03 92.39 ship 0 0.991991 votes=1
712.94 193.22 739.89 193.05 739.96 204.11 713.01 204.28 ship 0 0.991692 votes=1
442.00 177.23 487.34 177.76 487.15 194.46 441.81 193.94 ship 0 0.991646 votes=1
508.42 528.56 549.33 528.35 549.40 541.83 508.49 542.05 ship 0 0.990533 votes=1
410.69 114.04 410.77 87.76 422.03 87.79 421.95 114.08 ship 0 0.990427 votes=1
755.09 95.94 779.91 95.76 779.98 105.94 755.16 106.12 ship 0 0.990080 votes=1
714.15 81.90 740.38 82.87 739.99 93.32 713.77 92.35 ship 0 0.989525 votes=1
591.62 386.95 626.17 386.34 626.37 397.72 591.82 398.32 ship 0 0.989373 votes=1
637.98 290.65 662.56 291.76 662.05 303.11 637.47 302.00 ship 0 0.989286 votes=1
717.09 303.25 741.96 304.10 741.63 313.90 716.75 313.05 ship 0 0.989052 votes=1
593.41 104.91 617.93 103.77 618.37 113.21 593.85 114.35 ship 0 0.987045 votes=1
754.83 136.56 780.77 136.26 780.89 146.38 754.94 146.68 ship 0 0.986706 votes=1
716.81 559.11 742.95 559.63 742.76 569.32 716.62 568.80 ship 0 0.986684 votes=1
639.00 406.12 665.36 405.85 665.46 416.13 639.10 416.40 ship 0 0.986509 votes=1
512.67 399.62 538.50 399.06 538.74 410.13 512.91 410.70 ship 0 0.985927 votes=1
598.71 614.42 627.25 612.97 627.79 623.68 599.26 625.13 ship 0 0.984433 votes=1
760.35 66.42 782.85 66.51 782.81 75.76 760.32 75.67 ship 0 0.984139 votes=1
597.23 465.88 623.05 465.50 623.21 475.90 597.38 476.28 ship 0 0.983563 votes=1
641.82 537.48 669.14 536.71 669.45 547.71 642.13 548.48 ship 0 0.982390 votes=1
767.85 616.36 768.23 639.44 758.62 639.60 758.25 616.52 ship 0 0.978535 votes=1
587.02 119.73 618.57 119.42 618.67 129.98 587.12 130.29 ship 0 0.976364 votes=1
720.51 482.62 745.00 482.84 744.91 493.08 720.42 492.86 ship 0 0.969205 votes=1
601.49 600.81 622.82 600.40 623.00 609.67 601.67 610.08 ship 0 0.960555 votes=1
664.55 71.43 672.67 672.06 597.05 673.08 588.93 72.45 harbor 0 0.958966 votes=1
756.55 393.71 756.63 373.05 766.08 373.09 766.00 393.74 ship 0 0.958284 votes=1
540.97 71.13 554.24 671.07 448.38 673.41 435.12 73.47 harbor 0 0.956074 votes=1
248.93 167.08 250.76 188.02 241.32 188.84 239.49 167.90 ship 0 0.946982 votes=1
356.38 576.99 356.41 599.99 347.45 600.00 347.42 577.00 ship 0 0.938515 votes=1
380.12 106.75 380.77 86.58 389.51 86.86 388.87 107.03 ship 0 0.932942 votes=1
756.41 79.14 777.89 79.34 777.80 89.04 756.32 88.84 ship 0 0.928632 votes=1
519.63 553.19 542.01 553.69 541.79 563.44 519.41 562.94 ship 0 0.920997 votes=1
522.99 469.37 545.65 469.69 545.52 479.49 522.85 479.17 ship 0 0.920728 votes=1
591.91 251.46 619.82 251.40 619.84 262.48 591.93 262.54 ship 0 0.914220 votes=1
759.51 261.27 782.28 261.16 782.32 269.49 759.55 269.61 ship 0 0.910562 votes=1
760.32 302.53 782.01 302.11 782.21 311.95 760.51 312.38 ship 0 0.905593 votes=1
767.15 538.77 767.17 559.00 757.50 559.00 757.48 538.78 ship 0 0.904512 votes=1
706.22 652.29 714.45 47.53 779.59 48.42 771.36 653.17 harbor 0 0.880367 votes=1
715.29 610.19 746.58 612.99 745.37 626.41 714.09 623.61 ship 0 0.871123 votes=1
765.76 349.40 766.36 370.66 756.66 370.93 756.06 349.67 ship 0 0.753148 votes=1
759.01 245.57 781.70 245.96 781.53 255.51 758.85 255.11 ship 0 0.751074 votes=1
523.60 653.26 551.33 653.71 551.17 663.79 523.44 663.34 ship 0 0.631100 votes=1
352.88 53.30 355.18 728.51 305.70 728.68 303.40 53.47 harbor 0 0.612245 votes=1
