19.50 451.09 381.67 6.05 566.35 156.34 204.19 601.38 Expressway-Service-area 0 0.998477 votes=1
293.24 649.12 645.33 215.38 833.24 367.92 481.14 801.65 Expressway-Service-area 0 0.998365 votes=1
143.48 747.00 155.84 726.88 160.93 730.00 148.56 750.13 vehicle 0 0.992992 votes=1
413.06 445.71 425.29 428.99 429.47 432.05 417.24 448.77 vehicle 0 0.990013 votes=1
496.96 448.16 511.07 428.22 516.05 431.74 501.94 451.68 vehicle 0 0.989553 votes=1
580.68 372.77 610.36 374.96 609.87 381.64 580.19 379.45 vehicle 0 0.988372 votes=1
427.32 200.02 453.54 198.13 453.98 204.24 427.76 206.12 vehicle 0 0.980228 votes=1
385.76 264.21 409.69 260.12 410.78 266.47 386.85 270.56 vehicle 0 0.978323 votes=1
514.98 286.79 530.61 265.17 535.61 268.78 519.98 290.40 vehicle 0 0.977799 votes=1
538.89 432.02 570.39 426.33 571.55 432.73 540.05 438.42 vehicle 0 0.940530 votes=1
302.99 545.38 311.69 530.49 316.32 533.20 307.62 548.09 vehicle 0 0.926926 votes=1
475.95 520.20 495.03 519.95 495.10 525.29 476.01 525.53 vehicle 0 0.891892 votes=1
646.45 252.69 648.48 268.00 642.88 268.74 640.85 253.43 vehicle 0 0.751588 votes=1
