430.16 428.11 462.48 388.57 474.65 398.51 442.33 438.06 ship 0 0.997662 votes=1
472.39 379.60 498.29 349.64 508.40 358.39 482.51 388.34 ship 0 0.997541 votes=1
297.33 405.53 341.45 444.76 331.00 456.52 286.87 417.29 ship 0 0.996884 votes=1
307.83 393.92 331.98 411.38 324.97 421.08 300.82 403.61 ship 0 0.996720 votes=1
413.62 414.15 450.05 373.78 461.85 384.43 425.42 424.80 ship 0 0.996596 votes=1
328.62 367.35 353.78 390.57 345.10 399.97 319.94 376.75 ship 0 0.996093 votes=1
459.64 366.59 486.08 333.16 497.43 342.14 470.99 375.57 ship 0 0.996009 votes=1
501.51 411.42 531.90 366.54 544.93 375.36 514.54 420.24 ship 0 0.995980 votes=1
411.13 343.19 430.09 356.61 424.98 363.83 406.02 350.41 ship 0 0.995176 votes=1
472.70 465.10 487.68 442.30 495.86 447.67 480.89 470.48 ship 0 0.994537 votes=1
410.80 283.86 432.72 302.62 425.78 310.73 403.86 291.98 ship 0 0.994307 votes=1
244.07 290.46 273.30 313.84 265.80 323.23 236.56 299.84 ship 0 0.994058 votes=1
232.95 362.08 266.84 389.06 258.00 400.17 224.11 373.19 ship 0 0.993758 votes=1
281.56 245.94 310.15 269.85 301.60 280.07 273.01 256.16 ship 0 0.992642 votes=1
393.37 365.16 409.21 379.61 403.04 386.37 387.20 371.93 ship 0 0.992273 votes=1
430.96 320.62 448.62 333.68 443.80 340.20 426.14 327.14 ship 0 0.991510 votes=1
422.38 272.38 446.87 291.95 439.88 300.70 415.39 281.14 ship 0 0.991221 votes=1
258.09 281.05 283.40 301.24 276.15 310.33 250.84 290.14 ship 0 0.990911 votes=1
135.57 413.73 149.20 396.52 156.22 402.07 142.58 419.29 ship 0 0.990733 votes=1
346.55 345.87 372.19 366.53 364.94 375.53 339.30 354.87 ship 0 0.990630 votes=1
98.42 349.76 121.89 370.93 113.98 379.70 90.51 358.52 ship 0 0.990536 votes=1
380.05 376.62 397.82 391.93 392.42 398.20 374.65 382.88 ship 0 0.990231 votes=1
276.90 264.01 300.27 279.99 294.25 288.79 270.88 272.81 ship 0 0.988440 votes=1
360.38 335.93 382.42 355.00 374.99 363.59 352.95 344.53 ship 0 0.988406 votes=1
475.94 494.61 487.29 480.24 493.95 485.50 482.60 499.87 ship 0 0.988103 votes=1
473.15 291.51 497.79 310.47 491.09 319.18 466.45 300.22 ship 0 0.987199 votes=1
237.12 304.20 263.55 325.08 257.01 333.35 230.58 312.48 ship 0 0.986901 votes=1
337.03 528.55 370.92 554.01 363.43 563.96 329.55 538.50 ship 0 0.985362 votes=1
348.56 409.43 368.12 424.70 362.74 431.58 343.19 416.31 ship 0 0.984391 votes=1
497.16 461.74 506.55 442.21 514.92 446.23 505.53 465.76 ship 0 0.983990 votes=1
501.58 313.63 529.78 334.35 522.92 343.69 494.71 322.97 ship 0 0.983610 votes=1
217.02 322.40 244.62 343.39 236.92 353.51 209.33 332.52 ship 0 0.980313 votes=1
200.85 335.69 227.52 355.31 221.15 363.97 194.48 344.35 ship 0 0.980112 votes=1
226.90 313.01 251.54 333.24 244.23 342.15 219.59 321.93 ship 0 0.980010 votes=1
296.76 227.94 326.98 252.02 317.40 264.05 287.18 239.97 ship 0 0.976918 votes=1
118.82 342.24 151.54 367.59 142.64 379.08 109.92 353.73 ship 0 0.975328 votes=1
388.72 305.74 413.78 324.88 407.66 332.89 382.60 313.74 ship 0 0.967868 votes=1
111.65 397.10 126.04 410.73 120.55 416.53 106.16 402.89 ship 0 0.967639 votes=1
361.02 400.02 377.26 416.37 370.33 423.25 354.09 406.90 ship 0 0.966723 votes=1
443.39 516.24 457.82 503.32 463.29 509.43 448.86 522.35 ship 0 0.963270 votes=1
173.82 394.21 192.11 410.24 186.72 416.38 168.44 400.35 ship 0 0.960278 votes=1
337.45 419.05 358.48 438.36 351.24 446.24 330.22 426.93 ship 0 0.943824 votes=1
439.08 311.34 456.14 321.99 451.79 328.94 434.74 318.30 ship 0 0.933022 votes=1
155.66 379.01 171.01 390.53 165.98 397.22 150.64 385.69 ship 0 0.928257 votes=1
185.24 351.28 352.82 112.39 429.27 166.01 261.68 404.91 harbor 0 0.901326 votes=1
296.27 407.47 430.35 259.85 478.88 303.93 344.80 451.55 harbor 0 0.879927 votes=1
371.29 387.42 386.68 401.00 381.00 407.44 365.61 393.86 ship 0 0.836514 votes=1
535.80 341.05 564.08 362.78 556.67 372.43 528.38 350.70 ship 0 0.619600 votes=1
