81.22 434.55 138.65 439.49 136.99 458.75 79.56 453.82 ship 0 0.999313 votes=1
599.39 117.38 663.72 109.18 666.25 129.01 601.92 137.21 ship 0 0.999243 votes=1
178.79 206.02 180.38 154.68 198.15 155.23 196.56 206.57 ship 0 0.999154 votes=1
97.06 205.27 97.64 150.90 116.26 151.09 115.67 205.47 ship 0 0.999136 votes=1
756.07 323.91 759.43 373.38 740.64 374.66 737.28 325.18 ship 0 0.999119 votes=1
88.46 239.06 145.63 240.69 145.09 259.50 87.92 257.87 ship 0 0.999111 votes=1
238.51 208.60 241.96 157.09 260.44 158.33 256.99 209.84 ship 0 0.999005 votes=1
86.45 368.66 143.17 370.72 142.54 387.97 85.82 385.91 ship 0 0.998987 votes=1
262.10 212.12 263.01 158.87 280.44 159.17 279.53 212.42 ship 0 0.998955 votes=1
600.78 89.29 666.90 80.36 669.85 102.19 603.73 111.12 ship 0 0.998925 votes=1
288.13 228.95 355.40 229.72 355.17 250.31 287.89 249.55 ship 0 0.998851 votes=1
218.27 205.81 220.07 157.72 237.80 158.38 236.00 206.48 ship 0 0.998819 votes=1
162.16 328.07 202.52 329.37 202.06 343.58 161.70 342.28 ship 0 0.998818 votes=1
713.95 522.31 754.24 508.65 759.08 522.94 718.79 536.59 ship 0 0.998685 votes=1
617.65 140.62 667.71 133.76 670.09 151.08 620.03 157.94 ship 0 0.998670 votes=1
619.34 195.74 670.89 189.66 672.78 205.69 621.23 211.77 ship 0 0.998638 votes=1
67.66 212.00 148.78 214.35 148.15 235.97 67.03 233.62 ship 0 0.998638 votes=1
82.41 290.15 145.69 293.13 144.67 314.80 81.39 311.82 ship 0 0.998636 votes=1
138.67 200.68 140.80 152.97 158.75 153.77 156.62 201.48 ship 0 0.998628 votes=1
305.86 219.25 308.25 158.08 326.49 158.79 324.10 219.96 ship 0 0.998604 votes=1
691.16 393.78 727.97 390.25 729.28 403.92 692.47 407.45 ship 0 0.998594 votes=1
745.18 270.89 748.65 316.78 733.01 317.96 729.54 272.08 ship 0 0.998541 votes=1
79.99 460.64 137.84 461.81 137.48 479.80 79.62 478.63 ship 0 0.998527 votes=1
455.98 228.99 456.94 187.01 473.14 187.38 472.18 229.36 ship 0 0.998507 votes=1
293.82 437.88 334.12 437.16 334.36 450.71 294.06 451.44 ship 0 0.998479 votes=1
627.34 160.84 667.77 155.82 669.42 169.13 628.99 174.15 ship 0 0.998451 votes=1
81.18 481.54 136.01 482.45 135.69 501.42 80.86 500.52 ship 0 0.998386 votes=1
328.19 220.24 330.06 174.39 346.05 175.04 344.19 220.89 ship 0 0.998381 votes=1
86.45 315.12 146.40 320.09 144.78 339.58 84.84 334.61 ship 0 0.998337 votes=1
286.54 211.29 288.62 163.45 305.70 164.19 303.62 212.03 ship 0 0.998300 votes=1
201.41 207.69 202.31 168.93 216.67 169.26 215.77 208.03 ship 0 0.998298 votes=1
440.20 223.92 443.16 186.99 455.65 187.99 452.68 224.92 ship 0 0.998292 votes=1
499.49 501.84 499.90 466.06 512.38 466.20 511.97 501.99 ship 0 0.998264 votes=1
476.18 227.87 476.78 191.76 489.68 191.98 489.07 228.09 ship 0 0.998241 votes=1
291.82 419.65 337.81 420.86 337.44 435.22 291.44 434.01 ship 0 0.998132 votes=1
162.59 285.92 213.50 286.74 213.21 304.64 162.30 303.82 ship 0 0.998103 votes=1
161.58 348.95 201.82 348.72 201.90 363.16 161.66 363.39 ship 0 0.998099 votes=1
120.09 206.20 120.30 153.89 137.24 153.95 137.03 206.26 ship 0 0.998084 votes=1
167.00 244.81 221.51 245.45 221.32 262.16 166.80 261.52 ship 0 0.998041 votes=1
75.22 263.20 152.35 268.27 150.95 289.56 73.82 284.49 ship 0 0.998028 votes=1
457.63 314.27 504.92 319.48 503.25 334.60 455.97 329.39 ship 0 0.997995 votes=1
419.39 225.60 424.49 181.74 439.95 183.54 434.85 227.40 ship 0 0.997913 votes=1
144.66 516.43 199.93 519.29 198.96 538.13 143.68 535.27 ship 0 0.997905 votes=1
578.25 430.19 614.16 430.82 613.94 443.11 578.04 442.48 ship 0 0.997888 votes=1
439.55 507.34 497.75 510.17 496.84 528.87 438.64 526.03 ship 0 0.997864 votes=1
170.57 219.16 226.32 220.69 225.75 241.35 170.00 239.82 ship 0 0.997825 votes=1
568.79 464.80 607.41 464.38 607.56 477.81 568.93 478.22 ship 0 0.997810 votes=1
405.66 220.64 407.05 185.66 418.22 186.10 416.83 221.08 ship 0 0.997806 votes=1
151.12 486.44 203.61 490.18 202.42 506.89 149.93 503.15 ship 0 0.997655 votes=1
462.63 296.43 499.38 298.55 498.60 312.08 461.85 309.96 ship 0 0.997643 votes=1
160.33 308.12 210.54 310.40 209.80 326.79 159.59 324.51 ship 0 0.997627 votes=1
354.59 385.04 390.54 386.27 390.05 400.51 354.11 399.28 ship 0 0.997553 votes=1
301.76 322.17 344.13 323.06 343.81 338.13 301.44 337.24 ship 0 0.997486 votes=1
455.56 371.32 494.40 370.94 494.54 385.39 455.70 385.76 ship 0 0.997478 votes=1
351.47 424.29 386.41 424.64 386.30 436.49 351.35 436.14 ship 0 0.997469 votes=1
369.02 232.31 415.05 234.18 414.34 251.54 368.32 249.66 ship 0 0.997418 votes=1
688.38 342.22 724.38 339.60 725.34 352.81 689.34 355.43 ship 0 0.997303 votes=1
463.29 258.99 502.60 262.28 501.53 275.07 462.22 271.78 ship 0 0.997292 votes=1
359.86 308.38 399.98 312.63 398.56 326.02 358.44 321.76 ship 0 0.997290 votes=1
573.65 483.69 612.89 482.65 613.23 495.39 573.99 496.43 ship 0 0.997288 votes=1
451.25 446.31 490.62 448.46 489.82 463.09 450.45 460.93 ship 0 0.997189 votes=1
511.89 227.56 515.10 192.89 526.96 193.99 523.75 228.66 ship 0 0.997178 votes=1
528.97 233.39 530.25 198.62 542.86 199.09 541.57 233.85 ship 0 0.996981 votes=1
79.63 200.24 80.29 153.02 94.54 153.22 93.88 200.44 ship 0 0.996915 votes=1
292.09 457.37 332.55 458.72 332.07 472.95 291.61 471.61 ship 0 0.996902 votes=1
356.95 347.68 399.09 349.09 398.59 364.03 356.45 362.62 ship 0 0.996829 votes=1
305.25 305.05 346.86 306.70 346.31 320.51 304.71 318.86 ship 0 0.996771 votes=1
581.97 235.65 584.86 205.61 596.21 206.70 593.32 236.74 ship 0 0.996766 votes=1
491.44 227.98 494.33 184.27 510.05 185.31 507.17 229.02 ship 0 0.996728 votes=1
455.54 391.81 492.70 393.69 492.06 406.32 454.91 404.44 ship 0 0.996678 votes=1
456.18 333.63 500.93 335.92 500.21 349.98 455.46 347.69 ship 0 0.996600 votes=1
364.47 271.47 403.90 273.16 403.31 287.09 363.87 285.40 ship 0 0.996575 votes=1
451.40 428.04 492.34 430.08 491.57 445.54 450.63 443.49 ship 0 0.996556 votes=1
353.71 402.89 394.13 404.33 393.62 418.73 353.20 417.29 ship 0 0.996481 votes=1
583.81 344.18 611.61 342.78 612.15 353.44 584.35 354.84 ship 0 0.996343 votes=1
760.58 380.16 762.74 424.12 744.80 425.00 742.64 381.04 ship 0 0.996318 votes=1
457.38 352.22 500.05 355.37 498.97 369.91 456.31 366.75 ship 0 0.996307 votes=1
546.69 232.30 546.84 199.27 557.35 199.32 557.19 232.35 ship 0 0.996274 votes=1
566.54 236.40 566.87 201.29 579.77 201.41 579.45 236.52 ship 0 0.996256 votes=1
158.33 367.46 203.49 369.46 202.79 385.14 157.63 383.14 ship 0 0.996157 votes=1
683.08 294.37 719.50 293.53 719.77 305.23 683.35 306.06 ship 0 0.996149 votes=1
78.63 513.03 136.33 514.51 135.84 533.59 78.14 532.11 ship 0 0.995900 votes=1
450.77 409.38 491.51 410.26 491.22 423.77 450.48 422.89 ship 0 0.995890 votes=1
152.93 449.02 197.85 451.98 196.79 468.08 151.87 465.12 ship 0 0.995864 votes=1
336.36 503.08 382.93 508.19 381.20 524.00 334.62 518.90 ship 0 0.995706 votes=1
78.07 335.65 145.95 341.64 143.87 365.24 75.99 359.25 ship 0 0.995701 votes=1
578.84 395.64 611.49 396.20 611.31 406.88 578.66 406.32 ship 0 0.995657 votes=1
304.02 343.29 343.04 345.78 342.17 359.50 303.15 357.02 ship 0 0.995605 votes=1
297.88 399.05 338.35 401.34 337.53 415.91 297.06 413.62 ship 0 0.995554 votes=1
348.04 479.56 383.82 479.17 383.96 491.83 348.18 492.23 ship 0 0.995525 votes=1
348.00 443.78 384.79 445.97 384.10 457.56 347.31 455.37 ship 0 0.995465 votes=1
446.16 485.50 487.90 485.60 487.86 500.14 446.12 500.03 ship 0 0.995453 votes=1
302.73 363.23 338.25 363.43 338.18 374.50 302.66 374.30 ship 0 0.995011 votes=1
387.98 223.35 389.48 183.11 403.94 183.65 402.43 223.89 ship 0 0.994985 votes=1
358.41 367.87 395.59 368.19 395.48 381.67 358.29 381.35 ship 0 0.994943 votes=1
345.44 217.60 350.68 178.42 364.97 180.33 359.73 219.51 ship 0 0.994840 votes=1
694.75 375.87 729.41 375.07 729.68 386.72 695.02 387.52 ship 0 0.994801 votes=1
583.51 292.03 612.49 292.27 612.39 304.02 583.41 303.78 ship 0 0.994634 votes=1
582.66 358.81 614.27 358.41 614.42 370.50 582.82 370.91 ship 0 0.994402 votes=1
692.77 100.88 696.72 152.28 678.83 153.65 674.88 102.25 ship 0 0.994259 votes=1
576.44 447.27 611.70 447.00 611.79 459.65 576.54 459.91 ship 0 0.994176 votes=1
580.03 377.46 612.33 377.51 612.31 388.87 580.01 388.83 ship 0 0.993970 votes=1
81.85 414.82 135.38 418.36 134.43 432.58 80.90 429.04 ship 0 0.993958 votes=1
306.31 282.86 345.37 283.26 345.22 297.41 306.17 297.01 ship 0 0.993707 votes=1
585.04 309.48 616.17 309.34 616.22 321.09 585.09 321.23 ship 0 0.993283 votes=1
360.23 325.25 400.54 329.76 398.91 344.24 358.61 339.72 ship 0 0.993271 votes=1
153.37 430.90 201.66 432.24 201.27 446.06 152.99 444.71 ship 0 0.993157 votes=1
159.25 387.39 202.29 392.37 200.68 406.34 157.64 401.36 ship 0 0.992804 votes=1
623.53 452.10 623.86 423.79 635.56 423.93 635.23 452.24 ship 0 0.992803 votes=1
689.54 327.25 724.19 325.85 724.64 337.13 690.00 338.54 ship 0 0.992444 votes=1
365.29 220.17 370.10 179.55 385.29 181.35 380.47 221.97 ship 0 0.992420 votes=1
699.23 412.25 731.46 410.89 731.96 422.80 699.73 424.15 ship 0 0.992319 votes=1
78.56 390.06 140.52 392.00 139.93 410.89 77.97 408.96 ship 0 0.992053 votes=1
49.43 201.19 51.72 144.40 70.67 145.17 68.38 201.96 ship 0 0.991708 votes=1
703.53 449.43 734.79 443.09 737.07 454.31 705.81 460.66 ship 0 0.991695 votes=1
361.94 288.94 400.44 290.29 399.95 304.31 361.45 302.96 ship 0 0.991689 votes=1
290.52 500.85 331.44 500.49 331.57 515.81 290.65 516.17 ship 0 0.991567 votes=1
586.10 325.32 614.33 324.54 614.65 336.16 586.42 336.94 ship 0 0.991016 votes=1
294.49 475.97 329.62 476.96 329.29 488.64 294.16 487.65 ship 0 0.990478 votes=1
693.80 359.73 727.48 359.14 727.68 370.87 694.00 371.46 ship 0 0.990466 votes=1
348.70 461.76 386.35 465.27 385.16 478.02 347.51 474.50 ship 0 0.990426 votes=1
577.52 413.23 612.96 412.27 613.29 424.52 577.85 425.48 ship 0 0.989467 votes=1
164.19 195.73 164.53 167.62 176.19 167.77 175.85 195.87 ship 0 0.988967 votes=1
154.78 408.03 210.90 409.98 210.34 426.26 154.21 424.31 ship 0 0.988537 votes=1
314.73 267.72 348.11 269.06 347.66 280.13 314.29 278.79 ship 0 0.985285 votes=1
770.59 425.83 778.38 505.72 756.07 507.90 748.28 428.00 ship 0 0.985250 votes=1
458.94 240.33 508.12 242.75 507.38 257.85 458.20 255.44 ship 0 0.984858 votes=1
630.89 177.17 666.90 175.31 667.53 187.54 631.53 189.40 ship 0 0.984180 votes=1
705.89 475.70 735.88 472.42 737.13 483.81 707.14 487.09 ship 0 0.982639 votes=1
157.23 471.19 195.82 472.07 195.55 484.06 156.96 483.17 ship 0 0.979423 votes=1
450.39 465.72 483.75 467.98 483.04 478.50 449.68 476.24 ship 0 0.977804 votes=1
683.29 259.79 713.71 257.64 714.59 270.08 684.17 272.24 ship 0 0.976212 votes=1
291.99 507.25 310.01 228.85 403.25 234.89 385.23 513.29 harbor 0 0.974051 votes=1
77.12 517.80 86.46 181.91 213.32 185.44 203.98 521.33 harbor 0 0.969039 votes=1
167.96 267.21 211.70 269.14 211.08 283.22 167.34 281.29 ship 0 0.957833 votes=1
687.33 278.82 716.24 279.22 716.09 290.20 687.17 289.80 ship 0 0.956703 votes=1
316.52 250.20 346.39 252.97 345.39 263.69 315.53 260.92 ship 0 0.935847 votes=1
740.01 256.87 764.77 512.82 709.00 518.21 684.24 262.27 harbor 0 0.890942 votes=1
450.11 513.32 459.81 241.28 515.57 243.27 505.87 515.31 harbor 0 0.889024 votes=1
578.09 513.22 610.51 513.73 610.21 533.08 577.79 532.57 ship 0 0.870639 votes=1
709.12 492.78 739.21 491.57 739.72 504.23 709.63 505.44 ship 0 0.857185 votes=1
573.92 510.78 579.37 249.04 630.69 250.10 625.24 511.85 harbor 0 0.804344 votes=1
702.17 429.91 735.15 424.25 737.30 436.79 704.33 442.45 ship 0 0.744581 votes=1
