180.02 388.41 688.58 567.67 625.60 746.36 117.03 567.10 Expressway-Service-area 0 0.997536 votes=1
259.26 -5.60 803.47 193.75 701.98 470.81 157.77 271.46 Expressway-Service-area 0 0.996015 votes=1
346.52 445.72 371.23 454.46 368.79 461.36 344.08 452.63 vehicle 0 0.990683 votes=1
550.07 358.25 560.35 380.92 553.82 383.88 543.55 361.21 vehicle 0 0.989385 votes=1
424.15 475.30 451.91 486.48 449.22 493.17 421.46 481.99 vehicle 0 0.988619 votes=1
482.30 496.26 517.11 508.44 514.05 517.20 479.23 505.02 vehicle 0 0.983749 votes=1
503.43 317.84 525.83 329.34 523.25 334.36 500.85 322.86 vehicle 0 0.982371 votes=1
420.36 460.14 442.35 390.23 456.61 394.71 434.62 464.62 overpass 0 0.960237 votes=1
352.16 406.37 374.19 416.76 370.89 423.74 348.87 413.35 vehicle 0 0.956801 votes=1
457.41 322.45 467.75 349.30 460.83 351.97 450.49 325.11 vehicle 0 0.954744 votes=1
528.98 350.98 541.02 375.55 535.17 378.43 523.12 353.85 vehicle 0 0.935157 votes=1
499.08 339.20 527.16 355.24 523.23 362.11 495.15 346.08 vehicle 0 0.892902 votes=1
268.21 337.37 296.97 344.09 295.69 349.54 266.93 342.82 vehicle 0 0.858552 votes=1
