537.73 390.70 546.32 430.17 531.75 433.34 523.17 393.87 ship 0 0.998522 votes=1
640.75 367.96 647.14 405.84 632.20 408.36 625.82 370.47 ship 0 0.998290 votes=1
500.47 201.34 515.01 231.69 502.57 237.65 488.03 207.30 ship 0 0.997501 votes=1
565.82 386.29 575.37 421.29 560.72 425.29 551.17 390.29 ship 0 0.996737 votes=1
498.61 579.22 503.29 610.66 490.33 612.59 485.65 581.15 ship 0 0.996388 votes=1
621.16 580.22 624.98 614.10 611.05 615.67 607.23 581.79 ship 0 0.995704 votes=1
435.56 182.34 448.29 213.21 435.93 218.30 423.20 187.43 ship 0 0.995044 votes=1
530.44 190.24 541.96 219.52 528.75 224.72 517.22 195.44 ship 0 0.993716 votes=1
526.64 348.11 532.43 378.11 519.47 380.61 513.68 350.62 ship 0 0.992543 votes=1
551.33 591.93 559.08 625.34 544.42 628.74 536.67 595.33 ship 0 0.991435 votes=1
462.59 168.03 475.50 199.77 461.67 205.39 448.76 173.65 ship 0 0.991213 votes=1
570.34 587.18 576.99 623.29 564.18 625.65 557.53 589.54 ship 0 0.986673 votes=1
376.82 222.62 387.77 248.88 375.76 253.90 364.80 227.63 ship 0 0.983763 votes=1
365.37 213.00 548.04 129.57 581.69 203.26 399.02 286.68 harbor 0 0.982740 votes=1
495.98 549.13 678.63 521.21 690.88 601.34 508.23 629.27 harbor 0 0.982129 votes=1
505.39 349.72 634.12 321.48 652.51 405.35 523.79 433.59 harbor 0 0.979348 votes=1
484.84 215.45 495.05 239.80 481.99 245.27 471.78 220.92 ship 0 0.959590 votes=1
651.79 572.72 655.15 603.50 642.62 604.86 639.27 574.09 ship 0 0.831269 votes=1
