229.86 320.03 230.97 265.83 276.46 266.75 275.35 320.96 airplane 0 0.999515 votes=1
90.39 431.94 91.30 386.52 125.44 387.20 124.53 432.62 airplane 0 0.999436 votes=1
122.91 273.62 123.09 314.23 90.60 314.38 90.42 273.77 airplane 0 0.999418 votes=1
92.72 670.10 93.03 620.48 128.27 620.70 127.96 670.32 airplane 0 0.999413 votes=1
84.96 197.76 85.95 148.67 119.33 149.35 118.34 198.44 airplane 0 0.999389 votes=1
90.08 373.56 90.55 329.51 125.44 329.88 124.97 373.93 airplane 0 0.999357 votes=1
239.86 134.70 240.12 94.08 271.79 94.28 271.53 134.91 airplane 0 0.999336 votes=1
233.79 194.49 234.53 149.89 266.58 150.42 265.84 195.02 airplane 0 0.999309 votes=1
272.07 34.72 272.28 78.95 236.64 79.12 236.42 34.89 airplane 0 0.999298 votes=1
119.65 210.60 120.63 257.83 89.12 258.48 88.14 211.25 airplane 0 0.999293 votes=1
123.87 740.99 127.06 780.63 95.52 783.17 92.33 743.52 airplane 0 0.999284 votes=1
95.31 725.62 95.58 681.54 128.46 681.73 128.19 725.82 airplane 0 0.999193 votes=1
268.54 209.67 269.25 253.17 237.55 253.69 236.84 210.19 airplane 0 0.999147 votes=1
91.96 491.42 93.21 443.60 127.03 444.49 125.78 492.31 airplane 0 0.999124 votes=1
94.03 609.66 96.43 559.93 130.63 561.58 128.23 611.31 airplane 0 0.998771 votes=1
128.20 502.86 129.38 549.36 95.17 550.22 93.99 503.73 airplane 0 0.998691 votes=1
