361.39 179.11 407.50 91.77 445.87 112.02 399.76 199.36 vehicle 0 0.999508 votes=1
503.88 130.01 545.46 46.18 578.62 62.63 537.04 146.46 vehicle 0 0.999464 votes=1
523.98 217.60 557.01 149.43 591.37 166.07 558.34 234.24 vehicle 0 0.999348 votes=1
372.11 391.13 404.47 320.53 434.50 334.30 402.13 404.89 vehicle 0 0.999333 votes=1
448.27 241.66 488.07 167.96 521.40 185.95 481.60 259.66 vehicle 0 0.999302 votes=1
215.77 342.60 260.03 259.08 295.72 277.99 251.45 361.51 vehicle 0 0.999273 votes=1
590.23 94.76 633.49 16.48 667.17 35.10 623.91 113.37 vehicle 0 0.999099 votes=1
469.98 629.00 515.34 548.73 550.10 568.38 504.74 648.64 vehicle 0 0.998509 votes=1
295.94 581.26 338.67 478.77 378.14 495.22 335.41 597.71 vehicle 0 0.998385 votes=1
206.51 760.43 243.55 683.92 278.81 700.99 241.78 777.50 vehicle 0 0.998304 votes=1
395.78 523.49 434.73 446.95 466.89 463.31 427.94 539.85 vehicle 0 0.997134 votes=1
