536.60 150.35 645.02 155.58 639.97 260.29 531.55 255.07 storagetank 0 0.998708 votes=1
393.12 425.38 492.60 426.11 491.91 521.31 392.43 520.59 storagetank 0 0.998600 votes=1
458.35 267.85 573.71 269.23 572.34 383.62 456.98 382.25 storagetank 0 0.998280 votes=1
610.87 260.60 743.72 268.27 736.53 393.03 603.67 385.37 storagetank 0 0.997214 votes=1
533.05 402.90 650.36 407.23 646.09 522.73 528.79 518.39 storagetank 0 0.997116 votes=1
419.15 348.66 419.59 334.70 433.29 335.13 432.85 349.09 storagetank 0 0.955735 votes=1
419.46 350.98 435.83 351.59 435.29 366.05 418.92 365.44 storagetank 0 0.952103 votes=1
418.60 318.60 432.57 320.03 431.19 333.49 417.23 332.06 storagetank 0 0.926138 votes=1
403.57 338.54 419.53 340.20 418.39 351.17 402.43 349.51 storagetank 0 0.786082 votes=1
274.93 482.01 290.09 483.66 288.69 496.49 273.53 494.83 storagetank 0 0.764802 votes=1
400.96 320.53 416.32 321.79 415.32 334.01 399.96 332.75 storagetank 0 0.749671 votes=1
314.92 482.87 334.02 484.15 333.23 495.88 314.13 494.60 storagetank 0 0.717190 votes=1
299.27 497.82 299.33 482.46 312.18 482.51 312.12 497.87 storagetank 0 0.695376 votes=1
405.10 355.45 418.82 357.24 417.53 367.07 403.82 365.28 storagetank 0 0.677475 votes=1
