646.16 462.58 715.03 481.27 708.90 503.84 640.03 485.14 ship 0 0.999329 votes=1
604.03 287.95 680.93 316.00 671.93 340.69 595.02 312.65 ship 0 0.999183 votes=1
590.10 352.16 661.67 376.77 653.63 400.17 582.06 375.56 ship 0 0.999143 votes=1
111.89 545.78 180.05 556.54 176.52 578.89 108.36 568.13 ship 0 0.999135 votes=1
108.28 571.89 165.95 581.61 162.60 601.48 104.93 591.76 ship 0 0.999129 votes=1
103.27 596.23 165.73 606.47 162.16 628.26 99.70 618.02 ship 0 0.999111 votes=1
235.96 641.76 301.38 657.47 296.30 678.63 230.88 662.92 ship 0 0.999103 votes=1
85.36 701.26 137.52 709.33 134.87 726.49 82.70 718.43 ship 0 0.999074 votes=1
58.19 428.27 118.72 441.85 114.27 461.67 53.74 448.08 ship 0 0.999048 votes=1
302.99 375.54 366.99 392.97 361.02 414.88 297.02 397.45 ship 0 0.999046 votes=1
150.98 310.14 219.88 321.10 216.14 344.58 147.24 333.62 ship 0 0.998972 votes=1
94.65 652.24 147.45 660.91 144.76 677.27 91.96 668.60 ship 0 0.998966 votes=1
131.76 441.70 193.83 453.43 189.69 475.32 127.63 463.58 ship 0 0.998932 votes=1
604.41 326.88 669.91 350.63 662.32 371.55 596.82 347.79 ship 0 0.998932 votes=1
57.77 508.67 106.17 519.02 102.67 535.39 54.27 525.04 ship 0 0.998917 votes=1
587.39 653.00 668.02 681.72 659.26 706.30 578.63 677.58 ship 0 0.998891 votes=1
325.19 665.46 365.83 674.73 362.30 690.22 321.66 680.96 ship 0 0.998863 votes=1
136.18 413.97 192.57 420.66 189.76 444.35 133.37 437.66 ship 0 0.998855 votes=1
375.75 426.42 427.33 439.65 422.54 458.34 370.96 445.11 ship 0 0.998837 votes=1
377.67 392.36 461.03 416.40 453.27 443.28 369.91 419.24 ship 0 0.998798 votes=1
27.46 585.28 91.53 596.32 88.00 616.79 23.93 605.75 ship 0 0.998744 votes=1
62.08 399.30 125.64 414.30 120.42 436.42 56.86 421.42 ship 0 0.998742 votes=1
581.44 410.31 643.89 430.51 636.49 453.38 574.04 433.18 ship 0 0.998714 votes=1
261.46 594.16 313.58 604.74 309.75 623.57 257.64 612.99 ship 0 0.998676 votes=1
573.67 712.32 631.91 727.30 625.95 750.49 567.71 735.51 ship 0 0.998655 votes=1
144.21 364.54 210.98 373.52 207.95 396.05 141.18 387.06 ship 0 0.998627 votes=1
120.62 519.56 173.28 527.10 170.11 549.23 117.45 541.68 ship 0 0.998625 votes=1
21.63 656.55 77.21 668.51 72.70 689.46 17.12 677.50 ship 0 0.998622 votes=1
83.63 347.66 134.27 361.68 129.19 380.03 78.55 366.02 ship 0 0.998602 votes=1
568.48 438.23 634.58 458.16 627.49 481.68 561.39 461.75 ship 0 0.998600 votes=1
670.57 376.85 752.56 406.66 743.72 430.98 661.73 401.17 ship 0 0.998599 votes=1
75.34 386.29 121.85 392.75 119.67 408.41 73.16 401.95 ship 0 0.998587 votes=1
263.95 566.23 322.82 581.04 317.99 600.25 259.12 585.44 ship 0 0.998571 votes=1
87.68 297.68 140.38 308.07 136.17 329.40 83.47 319.01 ship 0 0.998553 votes=1
152.76 337.19 209.01 346.92 205.24 368.66 149.00 358.93 ship 0 0.998551 votes=1
336.15 582.19 396.80 598.24 391.13 619.66 330.48 603.61 ship 0 0.998546 votes=1
701.28 288.95 771.03 306.56 764.72 331.57 694.97 313.96 ship 0 0.998540 votes=1
593.19 626.40 679.90 652.00 672.77 676.15 586.06 650.55 ship 0 0.998531 votes=1
282.27 455.43 346.24 470.81 340.59 494.30 276.62 478.92 ship 0 0.998501 votes=1
394.90 315.29 451.81 326.03 447.60 348.37 390.69 337.63 ship 0 0.998488 votes=1
603.46 598.60 686.13 627.03 678.02 650.61 595.35 622.18 ship 0 0.998451 votes=1
100.19 620.54 159.94 633.81 154.79 657.00 95.04 643.73 ship 0 0.998415 votes=1
319.03 323.61 380.82 338.33 375.10 362.38 313.30 347.67 ship 0 0.998388 votes=1
361.25 445.34 437.29 466.77 430.16 492.07 354.12 470.63 ship 0 0.998382 votes=1
21.85 633.01 82.33 643.40 78.82 663.81 18.35 653.42 ship 0 0.998331 votes=1
35.59 557.28 95.45 568.74 91.20 590.89 31.35 579.43 ship 0 0.998324 votes=1
28.75 607.58 88.43 621.71 83.88 640.93 24.20 626.80 ship 0 0.998321 votes=1
303.45 403.27 361.46 418.51 355.61 440.78 297.59 425.54 ship 0 0.998290 votes=1
633.49 487.89 709.52 511.70 701.66 536.81 625.63 513.00 ship 0 0.998243 votes=1
492.48 690.24 561.28 709.11 554.53 733.72 485.73 714.85 ship 0 0.998178 votes=1
316.87 352.51 375.43 364.86 370.68 387.38 312.12 375.03 ship 0 0.998126 votes=1
275.99 515.26 332.62 526.13 328.97 545.14 272.34 534.27 ship 0 0.998103 votes=1
41.35 536.88 99.72 544.03 97.40 562.99 39.03 555.83 ship 0 0.998067 votes=1
612.31 265.73 686.77 279.87 681.88 305.59 607.42 291.45 ship 0 0.998051 votes=1
157.05 285.27 207.65 292.86 204.67 312.76 154.06 305.17 ship 0 0.997888 votes=1
543.96 492.94 619.64 512.15 613.37 536.82 537.70 517.61 ship 0 0.997868 votes=1
276.23 483.75 341.20 499.37 335.77 521.94 270.80 506.32 ship 0 0.997806 votes=1
393.00 281.12 462.91 302.46 456.25 324.28 386.34 302.94 ship 0 0.997778 votes=1
276.77 539.82 327.39 550.24 323.49 569.19 272.87 558.77 ship 0 0.997690 votes=1
322.56 605.38 398.52 625.99 391.62 651.41 315.66 630.80 ship 0 0.997651 votes=1
530.80 519.98 611.15 540.57 604.63 566.03 524.28 545.44 ship 0 0.997638 votes=1
680.45 347.87 763.26 374.76 754.37 402.15 671.56 375.25 ship 0 0.997597 votes=1
620.94 543.94 704.27 572.71 696.26 595.91 612.93 567.14 ship 0 0.997537 votes=1
356.05 473.93 424.37 490.03 419.15 512.16 350.83 496.06 ship 0 0.997288 votes=1
91.51 674.46 139.34 678.98 137.50 698.44 89.67 693.92 ship 0 0.997237 votes=1
225.03 664.02 297.41 681.00 291.44 706.44 219.06 689.45 ship 0 0.997082 votes=1
339.91 553.20 404.48 568.67 398.62 593.12 334.05 577.65 ship 0 0.997047 votes=1
522.30 576.90 593.63 594.96 587.59 618.80 516.27 600.73 ship 0 0.996852 votes=1
610.72 569.25 681.85 591.22 674.09 616.31 602.97 594.35 ship 0 0.996821 votes=1
489.35 654.25 568.51 678.07 561.14 702.56 481.98 678.75 ship 0 0.996702 votes=1
528.93 609.81 585.36 625.61 579.39 646.93 522.96 631.12 ship 0 0.996513 votes=1
559.36 466.28 625.97 486.23 619.61 507.46 553.00 487.51 ship 0 0.996060 votes=1
654.77 433.26 730.06 457.06 722.80 480.01 647.51 456.21 ship 0 0.995539 votes=1
348.36 499.10 429.97 521.27 422.94 547.13 341.33 524.96 ship 0 0.994946 votes=1
490.91 722.37 525.49 733.85 520.26 749.59 485.68 738.11 ship 0 0.994886 votes=1
514.78 543.62 584.01 565.75 576.88 588.04 507.65 565.91 ship 0 0.994776 votes=1
60.40 487.45 104.78 493.15 102.56 510.40 58.19 504.70 ship 0 0.993984 votes=1
659.34 419.84 692.44 425.19 690.42 437.70 657.32 432.36 ship 0 0.993571 votes=1
123.00 468.76 175.99 476.54 173.59 492.84 120.61 485.06 ship 0 0.992899 votes=1
396.61 375.82 439.11 388.09 434.20 405.06 391.71 392.78 ship 0 0.990963 votes=1
323.72 639.97 368.98 649.83 365.11 667.57 319.86 657.71 ship 0 0.983122 votes=1
584.54 751.42 626.83 762.49 622.36 779.54 580.08 768.48 ship 0 0.980021 votes=1
266.48 626.70 306.16 638.90 301.83 652.95 262.16 640.75 ship 0 0.978378 votes=1
466.96 754.66 626.59 263.93 776.43 312.67 616.80 803.40 harbor 0 0.973162 votes=1
8.75 770.46 96.26 273.63 210.08 293.68 122.57 790.50 harbor 0 0.973065 votes=1
309.26 687.44 357.56 698.03 353.43 716.84 305.14 706.25 ship 0 0.972123 votes=1
214.20 764.51 338.82 285.66 468.43 319.39 343.81 798.24 harbor 0 0.966341 votes=1
575.05 697.69 597.05 702.71 594.99 711.74 572.99 706.71 ship 0 0.957896 votes=1
329.56 298.31 386.29 311.31 381.20 333.51 324.47 320.51 ship 0 0.947442 votes=1
67.51 455.54 105.30 461.43 102.62 478.60 64.84 472.70 ship 0 0.946232 votes=1
628.22 527.91 661.09 538.25 657.15 550.76 624.28 540.42 ship 0 0.928839 votes=1
108.01 726.71 128.02 727.04 127.82 739.20 107.81 738.87 ship 0 0.605761 votes=1
