159.04 558.15 247.93 559.26 247.50 593.50 158.61 592.39 vehicle 0 0.999521 votes=1
681.20 172.24 682.86 86.61 718.02 87.30 716.36 172.92 vehicle 0 0.999515 votes=1
338.67 515.32 408.14 512.68 409.39 545.56 339.92 548.20 vehicle 0 0.999507 votes=1
341.72 372.85 425.71 375.44 424.58 412.12 340.59 409.52 vehicle 0 0.999411 votes=1
138.45 158.01 223.75 157.48 223.97 193.63 138.67 194.16 vehicle 0 0.999404 votes=1
161.42 497.42 238.56 500.77 237.14 533.53 160.00 530.18 vehicle 0 0.999357 votes=1
617.08 390.39 696.90 362.97 708.25 396.02 628.43 423.44 vehicle 0 0.999322 votes=1
137.77 409.59 230.24 408.72 230.59 446.85 138.13 447.72 vehicle 0 0.999147 votes=1
340.57 421.03 419.01 422.40 418.42 455.99 339.99 454.62 vehicle 0 0.998386 votes=1
600.57 662.93 706.80 664.78 706.13 703.10 599.90 701.26 vehicle 0 0.998348 votes=1
172.26 620.50 243.84 622.05 243.21 651.34 171.62 649.79 vehicle 0 0.990679 votes=1
