92.19 313.32 99.81 139.04 146.16 141.06 138.54 315.34 ship 0 0.999013 votes=1
141.69 342.26 141.90 496.52 94.37 496.59 94.16 342.32 ship 0 0.998979 votes=1
614.76 423.79 615.87 260.37 663.99 260.70 662.87 424.12 ship 0 0.998641 votes=1
667.21 417.93 667.36 268.48 724.29 268.53 724.14 417.99 ship 0 0.998277 votes=1
90.89 334.00 90.94 456.87 42.83 456.88 42.79 334.01 ship 0 0.998173 votes=1
775.19 214.96 777.12 294.96 752.88 295.55 750.94 215.54 ship 0 0.997865 votes=1
683.45 267.30 684.62 81.64 749.52 82.06 748.34 267.71 ship 0 0.997849 votes=1
724.46 481.95 767.04 548.48 746.88 561.39 704.29 494.86 ship 0 0.997643 votes=1
613.25 263.27 613.28 81.06 680.90 81.07 680.87 263.29 ship 0 0.997281 votes=1
607.99 360.77 610.03 557.61 565.62 558.08 563.58 361.23 ship 0 0.996700 votes=1
559.13 359.46 560.92 561.09 511.64 561.52 509.85 359.90 ship 0 0.996689 votes=1
750.88 271.36 753.71 344.27 728.69 345.24 725.86 272.33 ship 0 0.993666 votes=1
611.53 550.32 613.65 429.02 674.24 430.08 672.11 551.38 ship 0 0.972153 votes=1
705.20 430.33 707.13 546.61 668.31 547.26 666.37 430.98 ship 0 0.958055 votes=1
