81.72 632.45 130.76 619.61 134.90 635.41 85.85 648.25 ship 0 0.999053 votes=1
45.72 568.91 57.08 621.49 39.43 625.30 28.07 572.72 ship 0 0.998451 votes=1
223.03 366.37 229.14 410.19 212.77 412.47 206.66 368.66 ship 0 0.998347 votes=1
349.68 333.38 360.08 376.09 343.59 380.10 333.19 337.40 ship 0 0.998305 votes=1
735.49 603.01 735.68 646.55 719.13 646.63 718.95 603.08 ship 0 0.998212 votes=1
392.35 561.46 399.22 593.12 384.60 596.29 377.73 564.63 ship 0 0.998133 votes=1
760.37 644.37 760.58 606.19 776.61 606.28 776.40 644.46 ship 0 0.998112 votes=1
117.39 452.30 126.35 505.53 108.39 508.56 99.43 455.32 ship 0 0.997912 votes=1
87.11 469.57 95.41 511.52 78.62 514.84 70.32 472.89 ship 0 0.997767 votes=1
68.38 568.82 81.02 614.03 66.89 617.98 54.25 572.77 ship 0 0.997208 votes=1
630.00 643.77 630.14 612.27 644.64 612.33 644.51 643.83 ship 0 0.995749 votes=1
31.65 639.63 61.31 635.13 63.38 648.78 33.72 653.29 ship 0 0.986045 votes=1
167.56 442.26 177.06 477.53 160.34 482.04 150.83 446.77 ship 0 0.960717 votes=1
506.36 601.49 779.53 599.41 780.08 670.58 506.90 672.67 harbor 0 0.937640 votes=1
24.60 417.18 412.36 333.68 468.36 593.75 80.60 677.25 harbor 0 0.899932 votes=1
