481.49 454.28 543.98 453.67 544.17 473.68 481.69 474.29 ship 0 0.999469 votes=1
152.11 654.03 212.72 653.47 212.90 672.77 152.29 673.33 ship 0 0.999462 votes=1
241.33 687.98 292.26 687.63 292.37 704.89 241.45 705.24 ship 0 0.999450 votes=1
151.51 224.14 217.24 222.36 217.79 242.47 152.06 244.24 ship 0 0.999450 votes=1
237.45 149.69 307.77 149.26 307.90 169.68 237.57 170.10 ship 0 0.999440 votes=1
140.46 256.97 208.56 254.40 209.31 274.19 141.21 276.76 ship 0 0.999416 votes=1
147.07 594.25 222.26 592.91 222.64 613.99 147.45 615.33 ship 0 0.999403 votes=1
405.23 588.88 462.90 587.99 463.21 607.98 405.54 608.87 ship 0 0.999402 votes=1
254.69 562.30 316.95 561.86 317.09 582.15 254.83 582.59 ship 0 0.999400 votes=1
152.88 471.51 223.88 469.51 224.50 491.50 153.50 493.51 ship 0 0.999359 votes=1
403.18 213.36 460.78 210.83 461.65 230.56 404.05 233.09 ship 0 0.999357 votes=1
153.26 381.12 214.38 378.52 215.27 399.55 154.15 402.15 ship 0 0.999340 votes=1
396.69 668.03 462.66 669.41 462.23 689.80 396.26 688.42 ship 0 0.999328 votes=1
241.21 624.71 309.78 623.52 310.12 643.12 241.54 644.31 ship 0 0.999321 votes=1
145.20 563.60 226.51 562.09 226.92 584.03 145.61 585.54 ship 0 0.999320 votes=1
394.27 159.10 459.52 157.53 459.98 176.66 394.73 178.22 ship 0 0.999311 votes=1
696.97 647.51 744.97 646.99 745.14 663.59 697.15 664.11 ship 0 0.999310 votes=1
697.24 322.78 754.73 323.24 754.58 342.10 697.09 341.64 ship 0 0.999301 votes=1
241.94 531.14 312.41 529.46 312.91 550.23 242.44 551.91 ship 0 0.999283 votes=1
696.22 374.29 746.72 373.59 746.95 389.89 696.45 390.59 ship 0 0.999281 votes=1
116.52 151.52 220.17 149.30 220.77 176.98 117.12 179.20 ship 0 0.999280 votes=1
622.09 349.97 676.64 349.47 676.81 368.36 622.26 368.85 ship 0 0.999276 votes=1
397.94 400.09 459.40 398.71 459.84 418.22 398.38 419.61 ship 0 0.999275 votes=1
140.50 625.77 218.91 623.84 219.43 645.21 141.03 647.14 ship 0 0.999264 votes=1
620.11 126.38 681.16 127.13 680.94 145.53 619.88 144.78 ship 0 0.999262 votes=1
153.74 409.16 216.89 407.08 217.57 427.62 154.41 429.70 ship 0 0.999253 votes=1
160.89 351.13 220.08 351.72 219.90 370.02 160.70 369.43 ship 0 0.999252 votes=1
696.08 596.88 749.86 596.55 749.97 614.86 696.19 615.19 ship 0 0.999251 votes=1
625.25 647.67 676.93 646.90 677.20 664.79 625.52 665.56 ship 0 0.999245 votes=1
242.50 195.42 304.59 194.59 304.85 213.86 242.75 214.69 ship 0 0.999239 votes=1
158.63 531.55 222.20 530.64 222.49 550.36 158.91 551.27 ship 0 0.999238 votes=1
695.00 572.49 745.52 571.42 745.89 588.92 695.37 589.98 ship 0 0.999235 votes=1
482.38 588.44 545.91 587.92 546.07 607.29 482.53 607.81 ship 0 0.999234 votes=1
620.03 200.50 676.36 199.80 676.58 217.90 620.25 218.60 ship 0 0.999198 votes=1
237.95 376.21 303.41 376.60 303.29 397.99 237.83 397.61 ship 0 0.999195 votes=1
403.33 480.53 464.60 480.40 464.64 499.02 403.37 499.15 ship 0 0.999182 votes=1
480.81 318.43 538.39 317.90 538.58 337.82 480.99 338.35 ship 0 0.999173 votes=1
241.92 717.24 290.91 716.39 291.19 732.66 242.20 733.50 ship 0 0.999154 votes=1
479.56 211.93 536.16 211.21 536.41 230.16 479.80 230.88 ship 0 0.999153 votes=1
244.53 467.68 299.31 467.62 299.33 486.27 244.55 486.33 ship 0 0.999149 votes=1
402.93 560.07 465.30 561.25 464.93 580.74 402.57 579.57 ship 0 0.999136 votes=1
238.71 347.20 305.86 347.19 305.86 367.62 238.71 367.63 ship 0 0.999134 votes=1
135.11 123.12 206.24 121.46 206.73 142.46 135.60 144.12 ship 0 0.999122 votes=1
695.98 423.40 748.09 423.28 748.13 441.20 696.02 441.31 ship 0 0.999116 votes=1
158.81 687.27 221.69 686.83 221.83 706.16 158.95 706.60 ship 0 0.999108 votes=1
241.33 254.17 303.49 253.93 303.57 274.98 241.41 275.22 ship 0 0.999095 votes=1
145.35 193.21 220.11 192.70 220.26 214.49 145.50 215.00 ship 0 0.999094 votes=1
249.01 312.99 305.09 311.00 305.77 330.04 249.68 332.04 ship 0 0.999092 votes=1
619.65 176.76 673.67 175.29 674.16 193.38 620.14 194.85 ship 0 0.999085 votes=1
240.38 406.96 306.21 405.68 306.63 427.64 240.81 428.92 ship 0 0.999070 votes=1
475.61 132.02 534.02 132.44 533.88 151.68 475.47 151.26 ship 0 0.999060 votes=1
246.07 592.55 301.12 592.17 301.25 610.70 246.19 611.08 ship 0 0.999052 votes=1
242.53 498.37 307.11 497.54 307.38 518.35 242.80 519.17 ship 0 0.999040 votes=1
480.09 184.97 541.60 183.14 542.18 202.71 480.67 204.55 ship 0 0.999039 votes=1
482.55 615.07 534.79 615.25 534.73 634.46 482.48 634.28 ship 0 0.999038 votes=1
686.34 124.44 742.30 126.35 741.65 145.48 685.69 143.57 ship 0 0.999034 votes=1
626.65 623.45 679.42 621.24 680.16 639.07 627.40 641.28 ship 0 0.999019 votes=1
481.21 399.55 540.96 399.78 540.88 419.70 481.13 419.47 ship 0 0.999015 votes=1
695.55 521.35 751.82 521.43 751.79 541.32 695.52 541.24 ship 0 0.999009 votes=1
242.23 124.16 294.85 124.21 294.83 143.52 242.21 143.47 ship 0 0.998995 votes=1
390.23 318.19 460.83 318.23 460.81 339.25 390.22 339.21 ship 0 0.998966 votes=1
145.91 502.99 224.20 503.41 224.09 523.99 145.80 523.57 ship 0 0.998953 votes=1
239.41 223.21 301.86 222.12 302.22 242.46 239.76 243.55 ship 0 0.998951 votes=1
636.57 721.10 673.27 721.71 673.06 734.35 636.36 733.74 ship 0 0.998938 votes=1
619.05 372.93 680.32 372.39 680.49 392.26 619.23 392.80 ship 0 0.998935 votes=1
393.81 614.58 466.31 614.40 466.36 633.85 393.86 634.04 ship 0 0.998898 votes=1
235.22 284.63 310.82 282.71 311.38 304.61 235.78 306.53 ship 0 0.998889 votes=1
621.56 249.10 676.90 248.77 677.01 267.35 621.67 267.67 ship 0 0.998878 votes=1
398.59 293.89 459.42 290.36 460.61 311.08 399.79 314.60 ship 0 0.998868 votes=1
693.65 274.64 741.65 274.11 741.83 290.55 693.84 291.08 ship 0 0.998834 votes=1
628.18 451.19 679.04 449.30 679.68 466.44 628.81 468.33 ship 0 0.998834 votes=1
691.94 151.13 742.21 150.42 742.43 166.32 692.16 167.02 ship 0 0.998828 votes=1
121.06 720.87 221.31 717.58 222.14 742.98 121.90 746.28 ship 0 0.998813 votes=1
411.29 535.85 459.41 535.14 459.65 550.88 411.52 551.59 ship 0 0.998794 votes=1
401.14 454.43 461.02 453.51 461.31 472.18 401.43 473.10 ship 0 0.998778 votes=1
621.44 226.15 677.45 224.43 678.02 243.06 622.01 244.78 ship 0 0.998776 votes=1
483.90 561.20 541.41 561.54 541.30 579.42 483.79 579.08 ship 0 0.998770 votes=1
624.72 300.40 679.40 299.42 679.72 317.66 625.04 318.63 ship 0 0.998756 votes=1
398.43 238.64 460.73 238.22 460.87 257.91 398.57 258.34 ship 0 0.998756 votes=1
397.70 266.57 456.59 265.54 456.96 286.51 398.07 287.54 ship 0 0.998736 votes=1
394.35 507.91 462.83 507.17 463.05 527.86 394.57 528.60 ship 0 0.998735 votes=1
695.85 449.25 746.30 450.29 745.97 466.79 695.51 465.76 ship 0 0.998717 votes=1
396.36 346.32 462.24 345.30 462.56 366.17 396.68 367.19 ship 0 0.998613 votes=1
692.59 225.84 741.14 225.75 741.17 244.13 692.63 244.22 ship 0 0.998598 votes=1
621.60 672.35 679.31 671.14 679.70 689.66 621.98 690.88 ship 0 0.998556 votes=1
624.93 698.22 677.10 698.81 676.92 714.40 624.75 713.82 ship 0 0.998504 votes=1
623.95 597.57 679.75 596.73 680.04 615.67 624.23 616.51 ship 0 0.998501 votes=1
145.49 316.96 223.36 316.14 223.60 338.26 145.72 339.08 ship 0 0.998489 votes=1
403.38 426.00 462.52 426.35 462.40 447.06 403.26 446.71 ship 0 0.998465 votes=1
619.95 151.02 671.38 151.89 671.09 169.28 619.66 168.41 ship 0 0.998452 votes=1
696.30 699.29 744.67 700.00 744.46 714.41 696.09 713.69 ship 0 0.998361 votes=1
694.08 199.78 748.46 199.17 748.67 218.22 694.29 218.82 ship 0 0.998350 votes=1
627.00 274.80 678.09 273.85 678.43 292.11 627.34 293.06 ship 0 0.998349 votes=1
623.41 523.01 677.21 522.80 677.28 540.72 623.48 540.93 ship 0 0.998333 votes=1
486.67 240.47 529.03 238.44 529.70 252.47 487.35 254.50 ship 0 0.998311 votes=1
693.85 301.57 742.88 296.85 744.36 312.24 695.33 316.96 ship 0 0.998293 votes=1
398.07 372.99 459.61 373.32 459.50 393.25 397.96 392.91 ship 0 0.998151 votes=1
402.72 722.64 461.71 722.59 461.72 738.78 402.74 738.84 ship 0 0.998068 votes=1
479.66 293.14 533.34 293.14 533.35 312.03 479.66 312.04 ship 0 0.997968 votes=1
693.89 176.29 742.64 174.96 743.05 190.14 694.30 191.47 ship 0 0.997557 votes=1
483.99 642.22 545.91 642.16 545.93 660.14 484.00 660.20 ship 0 0.997494 votes=1
479.70 157.55 538.92 157.33 538.99 176.42 479.77 176.64 ship 0 0.997296 votes=1
626.64 571.70 671.41 573.24 670.79 591.36 626.02 589.83 ship 0 0.997224 votes=1
624.41 498.35 677.13 498.41 677.10 516.33 624.39 516.27 ship 0 0.996930 votes=1
403.26 187.64 458.25 186.08 458.74 203.13 403.75 204.70 ship 0 0.996496 votes=1
626.47 325.10 677.92 325.17 677.90 341.43 626.45 341.36 ship 0 0.994283 votes=1
482.45 345.27 525.70 345.64 525.60 356.96 482.36 356.59 ship 0 0.994198 votes=1
403.45 135.18 460.83 133.27 461.36 149.12 403.98 151.03 ship 0 0.992427 votes=1
698.32 721.49 738.82 720.12 739.48 739.66 698.98 741.03 ship 0 0.989046 votes=1
694.28 254.02 746.09 254.45 745.98 267.22 694.17 266.78 ship 0 0.988543 votes=1
632.24 423.07 673.04 425.04 672.22 441.97 631.42 440.00 ship 0 0.988044 votes=1
409.24 120.49 441.52 121.16 441.32 130.73 409.04 130.06 ship 0 0.986898 votes=1
301.99 132.45 304.97 761.88 142.87 762.65 139.90 133.21 harbor 0 0.965362 votes=1
536.97 136.11 539.52 756.98 401.57 757.55 399.02 136.68 harbor 0 0.963884 votes=1
745.98 132.23 749.57 750.77 628.25 751.48 624.66 132.94 harbor 0 0.962870 votes=1
283.16 434.66 305.34 434.28 305.52 444.66 283.34 445.05 ship 0 0.867925 votes=1
