369.34 410.96 472.73 436.20 464.57 469.62 361.19 444.38 ship 0 0.999317 votes=1
181.71 312.03 276.10 334.25 269.25 363.34 174.86 341.12 ship 0 0.999294 votes=1
569.96 224.25 634.27 240.13 628.61 263.07 564.29 247.20 ship 0 0.999293 votes=1
235.97 107.56 309.69 116.20 306.96 139.48 233.24 130.84 ship 0 0.999266 votes=1
486.73 206.83 553.09 215.12 550.43 236.43 484.07 228.14 ship 0 0.999232 votes=1
565.32 257.89 643.85 273.89 638.54 299.90 560.02 283.90 ship 0 0.999228 votes=1
98.66 211.67 183.50 237.44 175.39 264.15 90.54 238.39 ship 0 0.999145 votes=1
526.56 410.97 606.91 426.12 602.28 450.65 521.94 435.50 ship 0 0.999128 votes=1
578.27 192.38 649.40 209.04 644.10 231.66 572.97 215.00 ship 0 0.999115 votes=1
217.39 172.24 302.17 189.11 296.64 216.87 211.86 200.00 ship 0 0.999110 votes=1
194.77 277.46 270.95 304.89 262.28 328.96 186.10 301.53 ship 0 0.999107 votes=1
554.79 296.68 641.27 316.55 635.37 342.26 548.88 322.39 ship 0 0.999103 votes=1
229.49 136.62 300.94 160.11 293.52 182.68 222.07 159.19 ship 0 0.999071 votes=1
505.40 142.81 564.98 156.13 560.56 175.93 500.97 162.61 ship 0 0.999064 votes=1
398.94 370.40 501.01 394.19 493.72 425.48 391.65 401.69 ship 0 0.999054 votes=1
548.34 326.91 650.26 354.06 642.33 383.81 540.42 356.65 ship 0 0.999023 votes=1
78.95 246.18 167.81 272.38 158.86 302.77 69.99 276.57 ship 0 0.998966 votes=1
207.19 211.50 279.79 221.59 276.41 245.95 203.80 235.85 ship 0 0.998923 votes=1
525.42 375.73 589.34 382.06 587.19 403.82 523.26 397.49 ship 0 0.998917 votes=1
203.31 238.11 305.81 261.65 298.47 293.60 195.97 270.06 ship 0 0.998906 votes=1
500.53 173.05 561.75 190.04 556.31 209.63 495.09 192.64 ship 0 0.998875 votes=1
152.32 109.47 207.60 123.48 202.44 143.86 147.15 129.85 ship 0 0.998850 votes=1
103.61 184.92 194.67 209.14 188.24 233.33 97.17 209.11 ship 0 0.998816 votes=1
521.72 114.86 573.60 125.90 569.57 144.83 517.69 133.78 ship 0 0.998807 votes=1
137.62 134.73 204.44 156.94 197.48 177.89 130.66 155.69 ship 0 0.998505 votes=1
583.03 464.59 701.75 496.37 692.61 530.54 573.88 498.76 ship 0 0.998281 votes=1
414.79 341.58 512.03 363.36 505.63 391.94 408.39 370.16 ship 0 0.997869 votes=1
463.25 241.27 539.72 250.20 537.17 271.99 460.70 263.06 ship 0 0.997266 votes=1
51.18 276.30 161.94 302.37 154.96 332.03 44.20 305.96 ship 0 0.996727 votes=1
138.17 163.50 195.40 175.89 191.28 194.91 134.05 182.52 ship 0 0.996695 votes=1
606.59 145.42 633.28 151.00 630.79 162.90 604.10 157.32 ship 0 0.996460 votes=1
481.55 442.65 574.17 465.46 563.33 509.49 470.71 486.68 ship 0 0.995901 votes=1
86.76 323.61 143.79 41.93 320.87 77.77 263.84 359.46 harbor 0 0.976476 votes=1
648.56 318.68 686.09 329.75 680.92 347.26 643.40 336.20 ship 0 0.967021 votes=1
418.40 446.16 483.30 67.47 696.38 103.99 631.48 482.68 harbor 0 0.905914 votes=1
