52.40 365.59 133.49 354.44 138.18 388.52 57.09 399.67 vehicle 0 0.999619 votes=1
399.91 377.09 493.71 371.00 496.15 408.65 402.36 414.74 vehicle 0 0.999581 votes=1
410.32 525.34 493.88 520.82 495.76 555.68 412.20 560.20 vehicle 0 0.999537 votes=1
332.97 585.51 414.26 579.61 416.73 613.63 335.44 619.53 vehicle 0 0.999516 votes=1
410.25 486.43 491.80 474.40 496.73 507.82 415.18 519.84 vehicle 0 0.999510 votes=1
300.37 340.83 384.89 332.72 388.01 365.21 303.49 373.32 vehicle 0 0.999502 votes=1
631.39 261.43 715.46 256.55 717.55 292.60 633.48 297.47 vehicle 0 0.999470 votes=1
308.81 493.33 392.71 485.53 395.70 517.65 311.79 525.45 vehicle 0 0.999402 votes=1
297.13 386.12 381.88 381.76 383.72 417.48 298.97 421.84 vehicle 0 0.999384 votes=1
390.83 284.66 470.19 281.30 471.75 317.93 392.39 321.30 vehicle 0 0.999351 votes=1
346.17 64.73 451.41 59.94 453.20 99.17 347.96 103.96 vehicle 0 0.999141 votes=1
315.45 534.67 399.27 532.52 400.14 566.25 316.32 568.40 vehicle 0 0.999060 votes=1
