472.47 518.47 474.25 408.35 521.34 409.11 519.56 519.23 vehicle 0 0.999589 votes=1
630.98 185.11 633.60 68.37 680.79 69.43 678.16 186.17 vehicle 0 0.999586 votes=1
276.55 652.89 277.57 543.68 327.38 544.14 326.36 653.36 vehicle 0 0.999577 votes=1
530.95 661.68 532.61 545.16 578.39 545.82 576.73 662.34 vehicle 0 0.999548 votes=1
173.79 537.62 173.97 646.32 128.93 646.39 128.76 537.69 vehicle 0 0.999528 votes=1
706.68 541.87 707.06 657.23 659.74 657.38 659.36 542.03 vehicle 0 0.999521 votes=1
356.58 524.38 356.68 407.64 405.79 407.69 405.69 524.42 vehicle 0 0.999521 votes=1
754.59 398.16 763.57 521.37 721.42 524.44 712.44 401.24 vehicle 0 0.999514 votes=1
407.95 656.91 410.80 539.31 459.09 540.48 456.25 658.08 vehicle 0 0.999485 votes=1
699.37 176.43 702.35 62.70 743.93 63.79 740.95 177.52 vehicle 0 0.999428 votes=1
189.94 372.56 190.33 489.67 138.81 489.84 138.41 372.74 vehicle 0 0.999392 votes=1
595.03 525.61 598.26 417.73 648.96 419.26 645.73 527.13 vehicle 0 0.999373 votes=1
554.69 65.98 555.85 190.50 503.89 190.98 502.73 66.47 vehicle 0 0.999358 votes=1
