673.28 577.03 674.52 639.93 656.97 640.27 655.73 577.37 ship 0 0.999421 votes=1
644.89 499.41 646.36 557.63 627.49 558.11 626.01 499.89 ship 0 0.999351 votes=1
691.66 143.76 692.12 191.55 676.29 191.71 675.82 143.91 ship 0 0.999212 votes=1
507.19 589.54 515.41 675.70 492.15 677.91 483.93 591.76 ship 0 0.999187 votes=1
533.06 585.65 538.46 656.42 518.21 657.96 512.81 587.19 ship 0 0.999091 votes=1
558.43 586.20 562.77 658.84 544.81 659.91 540.48 587.28 ship 0 0.999086 votes=1
668.92 503.63 669.09 560.03 651.30 560.09 651.12 503.68 ship 0 0.999085 votes=1
595.12 502.59 599.13 560.63 580.75 561.90 576.74 503.86 ship 0 0.999074 votes=1
542.89 404.21 544.08 348.30 561.22 348.66 560.03 404.57 ship 0 0.999031 votes=1
494.26 117.16 494.46 75.92 507.62 75.99 507.42 117.23 ship 0 0.999022 votes=1
584.53 325.60 585.92 266.66 604.28 267.09 602.89 326.03 ship 0 0.998996 votes=1
460.22 74.27 460.49 147.54 439.17 147.61 438.90 74.35 ship 0 0.998974 votes=1
512.76 118.64 513.16 75.89 528.44 76.04 528.04 118.78 ship 0 0.998941 votes=1
655.33 186.66 655.71 143.05 670.82 143.18 670.44 186.79 ship 0 0.998938 votes=1
569.66 197.54 570.80 139.46 588.49 139.81 587.35 197.89 ship 0 0.998884 votes=1
649.42 141.19 649.85 191.72 631.87 191.88 631.44 141.35 ship 0 0.998881 votes=1
478.92 592.80 487.92 683.96 464.49 686.27 455.48 595.11 ship 0 0.998864 votes=1
682.13 126.62 683.77 85.25 697.98 85.81 696.35 127.18 ship 0 0.998840 votes=1
717.61 128.00 719.13 82.84 736.25 83.42 734.73 128.58 ship 0 0.998839 votes=1
547.60 197.82 548.00 140.15 566.48 140.28 566.08 197.94 ship 0 0.998831 votes=1
608.34 141.52 608.66 190.24 593.40 190.34 593.09 141.61 ship 0 0.998763 votes=1
638.39 405.31 639.49 350.67 657.68 351.04 656.58 405.68 ship 0 0.998756 votes=1
700.68 348.36 700.75 392.63 685.28 392.66 685.20 348.39 ship 0 0.998736 votes=1
720.73 615.93 721.12 570.11 736.25 570.24 735.85 616.06 ship 0 0.998730 votes=1
620.13 502.47 621.28 560.96 603.12 561.32 601.98 502.83 ship 0 0.998724 votes=1
704.77 382.03 704.80 346.19 718.53 346.20 718.51 382.04 ship 0 0.998663 votes=1
588.51 123.02 588.74 81.03 602.92 81.11 602.69 123.09 ship 0 0.998626 votes=1
495.23 502.25 498.46 569.13 478.24 570.11 475.01 503.22 ship 0 0.998588 votes=1
203.42 773.03 204.91 742.89 215.48 743.41 213.99 773.56 ship 0 0.998552 votes=1
485.42 338.71 486.28 415.01 465.22 415.25 464.36 338.95 ship 0 0.998529 votes=1
695.55 576.99 697.19 642.80 678.99 643.26 677.35 577.44 ship 0 0.998528 votes=1
663.03 393.89 663.06 345.15 679.33 345.16 679.30 393.90 ship 0 0.998516 votes=1
541.39 324.60 541.84 259.41 560.40 259.53 559.95 324.72 ship 0 0.998337 votes=1
605.57 584.01 609.56 655.53 591.04 656.56 587.05 585.04 ship 0 0.998304 votes=1
700.60 621.30 700.68 575.32 714.71 575.35 714.62 621.33 ship 0 0.998094 votes=1
493.68 322.10 493.88 264.42 512.99 264.49 512.78 322.17 ship 0 0.998013 votes=1
474.53 120.04 476.18 77.63 490.72 78.20 489.07 120.61 ship 0 0.998012 votes=1
726.22 376.92 726.46 346.37 737.97 346.46 737.74 377.01 ship 0 0.997644 votes=1
368.20 47.93 369.20 12.77 380.39 13.08 379.39 48.25 ship 0 0.997579 votes=1
582.52 82.21 582.61 121.87 570.70 121.89 570.61 82.24 ship 0 0.997492 votes=1
700.29 127.68 701.51 95.02 713.74 95.48 712.53 128.13 ship 0 0.997236 votes=1
628.14 138.78 628.51 189.82 613.45 189.93 613.08 138.89 ship 0 0.996973 votes=1
665.39 126.26 666.75 84.70 679.97 85.13 678.61 126.69 ship 0 0.996823 votes=1
647.03 124.30 649.39 84.89 661.74 85.63 659.39 125.04 ship 0 0.996611 votes=1
626.69 124.56 628.24 86.21 639.96 86.69 638.40 125.04 ship 0 0.996118 votes=1
740.43 124.97 740.84 95.01 752.62 95.17 752.20 125.13 ship 0 0.996037 votes=1
516.77 137.52 516.93 168.09 506.16 168.14 506.00 137.58 ship 0 0.995498 votes=1
735.35 266.90 736.78 329.89 718.48 330.30 717.05 267.32 ship 0 0.994617 votes=1
739.68 603.04 739.82 569.32 751.03 569.36 750.89 603.08 ship 0 0.992998 votes=1
417.87 66.22 418.39 41.59 429.70 41.83 429.18 66.46 ship 0 0.990656 votes=1
464.92 321.41 466.59 269.50 483.01 270.03 481.34 321.94 ship 0 0.989946 votes=1
739.58 179.40 739.97 148.56 751.65 148.70 751.26 179.54 ship 0 0.982130 votes=1
435.35 517.15 744.91 493.91 755.52 635.30 445.97 658.53 harbor 0 0.977807 votes=1
689.76 746.64 765.90 740.97 769.10 783.99 692.96 789.66 harbor 0 0.975620 votes=1
452.61 80.70 774.93 88.91 772.44 186.85 450.12 178.63 harbor 0 0.972351 votes=1
454.87 264.51 776.02 266.63 775.15 398.58 454.00 396.46 harbor 0 0.955502 votes=1
739.38 260.57 747.20 277.31 740.38 280.50 732.55 263.76 ship 0 0.936521 votes=1
