703.22 552.82 703.36 511.26 717.41 511.31 717.26 552.87 ship 0 0.998931 votes=1
700.84 495.09 701.25 448.11 714.34 448.23 713.93 495.21 ship 0 0.998889 votes=1
726.16 552.29 728.33 481.59 751.23 482.30 749.06 553.00 ship 0 0.998638 votes=1
752.90 230.62 753.38 307.26 725.57 307.43 725.09 230.80 ship 0 0.998574 votes=1
235.22 625.96 235.32 590.08 246.65 590.11 246.55 625.99 ship 0 0.998552 votes=1
159.14 484.12 159.22 453.47 170.61 453.50 170.53 484.15 ship 0 0.998339 votes=1
206.56 621.61 206.75 589.21 217.64 589.28 217.45 621.68 ship 0 0.998097 votes=1
278.80 619.70 279.00 589.40 289.30 589.47 289.10 619.76 ship 0 0.998075 votes=1
250.49 619.85 250.54 589.40 261.17 589.42 261.11 619.87 ship 0 0.997775 votes=1
232.50 452.92 232.56 482.31 221.50 482.33 221.44 452.94 ship 0 0.997712 votes=1
187.53 551.24 187.67 580.11 177.22 580.16 177.09 551.29 ship 0 0.997649 votes=1
396.43 624.42 396.50 588.97 408.31 588.99 408.25 624.44 ship 0 0.997624 votes=1
207.01 481.79 207.14 452.06 218.06 452.10 217.93 481.84 ship 0 0.997499 votes=1
264.69 578.56 264.90 550.16 274.77 550.23 274.57 578.63 ship 0 0.997487 votes=1
305.90 588.12 305.99 618.71 294.57 618.74 294.48 588.16 ship 0 0.997467 votes=1
303.66 451.32 303.78 483.27 292.99 483.31 292.86 451.36 ship 0 0.997350 votes=1
308.38 621.28 309.28 589.37 319.24 589.65 318.34 621.56 ship 0 0.997333 votes=1
290.00 550.93 290.10 579.68 279.62 579.71 279.52 550.97 ship 0 0.997330 votes=1
545.51 286.76 545.75 326.35 533.76 326.42 533.52 286.84 ship 0 0.997057 votes=1
366.03 620.80 366.06 589.13 377.34 589.14 377.30 620.82 ship 0 0.996692 votes=1
187.63 419.13 188.02 445.42 177.82 445.58 177.43 419.29 ship 0 0.996503 votes=1
176.02 622.50 176.02 589.90 186.75 589.90 186.75 622.50 ship 0 0.996499 votes=1
140.87 626.10 141.31 584.49 154.86 584.63 154.42 626.24 ship 0 0.996436 votes=1
711.89 285.22 712.53 330.89 699.67 331.07 699.03 285.40 ship 0 0.996423 votes=1
169.31 413.24 170.13 443.47 160.07 443.74 159.26 413.51 ship 0 0.996412 votes=1
159.20 620.84 159.28 588.08 171.28 588.11 171.20 620.88 ship 0 0.996244 votes=1
375.72 548.65 376.92 577.72 366.33 578.15 365.14 549.09 ship 0 0.996062 votes=1
218.17 552.67 218.34 581.80 207.02 581.86 206.86 552.73 ship 0 0.995666 votes=1
743.42 321.04 743.63 354.41 726.91 354.51 726.70 321.15 ship 0 0.995618 votes=1
318.84 547.96 319.42 578.95 307.81 579.17 307.23 548.18 ship 0 0.995597 votes=1
176.23 482.60 176.23 452.80 187.83 452.80 187.83 482.60 ship 0 0.995587 votes=1
559.99 284.14 560.58 320.44 548.77 320.64 548.17 284.33 ship 0 0.995297 votes=1
190.33 481.58 190.43 453.85 200.57 453.88 200.47 481.62 ship 0 0.995048 votes=1
221.10 621.14 221.23 591.22 230.57 591.26 230.43 621.18 ship 0 0.995026 votes=1
373.75 452.22 374.59 480.91 365.58 481.17 364.75 452.49 ship 0 0.994914 votes=1
381.31 620.60 381.33 588.45 391.87 588.46 391.85 620.61 ship 0 0.994776 votes=1
361.65 453.93 361.73 482.06 352.31 482.08 352.23 453.96 ship 0 0.994723 votes=1
160.45 581.03 160.86 545.27 173.33 545.42 172.92 581.18 ship 0 0.994365 votes=1
323.63 579.01 323.67 549.53 333.89 549.55 333.85 579.03 ship 0 0.994340 votes=1
346.53 550.16 347.24 578.96 337.73 579.20 337.02 550.39 ship 0 0.993897 votes=1
169.34 339.19 169.46 365.49 159.51 365.53 159.39 339.23 ship 0 0.993530 votes=1
275.82 417.01 276.06 444.55 265.13 444.65 264.89 417.10 ship 0 0.993201 votes=1
394.07 486.31 394.29 453.37 404.95 453.44 404.73 486.38 ship 0 0.992981 votes=1
381.12 479.47 381.21 451.92 390.31 451.95 390.21 479.50 ship 0 0.992615 votes=1
335.09 618.88 335.61 586.89 348.23 587.09 347.71 619.09 ship 0 0.992273 votes=1
249.17 480.80 249.49 452.77 260.32 452.89 260.00 480.92 ship 0 0.992226 votes=1
418.91 452.68 420.52 482.90 410.46 483.43 408.85 453.22 ship 0 0.992199 votes=1
672.83 310.72 673.13 283.14 682.85 283.24 682.56 310.82 ship 0 0.991731 votes=1
374.17 415.86 374.25 441.78 364.79 441.81 364.71 415.89 ship 0 0.991282 votes=1
392.07 551.64 392.30 579.02 382.18 579.11 381.96 551.72 ship 0 0.991231 votes=1
573.71 285.20 574.06 314.92 564.35 315.04 564.00 285.32 ship 0 0.990831 votes=1
220.94 443.52 221.13 421.03 229.59 421.10 229.40 443.59 ship 0 0.990702 votes=1
337.03 480.06 337.17 451.87 347.19 451.92 347.04 480.11 ship 0 0.990320 votes=1
418.57 548.44 419.10 576.69 410.16 576.86 409.63 548.60 ship 0 0.990221 votes=1
726.88 430.74 727.16 395.70 737.97 395.78 737.69 430.83 ship 0 0.989155 votes=1
663.19 282.06 664.69 306.90 655.51 307.45 654.01 282.62 ship 0 0.989066 votes=1
307.82 479.88 307.89 453.78 317.64 453.81 317.57 479.91 ship 0 0.988961 votes=1
246.52 421.22 246.67 443.51 236.83 443.57 236.68 421.28 ship 0 0.988339 votes=1
322.28 338.09 322.50 363.42 313.60 363.50 313.37 338.17 ship 0 0.988287 votes=1
217.59 245.73 217.59 268.23 209.23 268.23 209.23 245.73 ship 0 0.988266 votes=1
230.64 555.68 230.68 580.53 221.45 580.54 221.42 555.70 ship 0 0.988213 votes=1
167.89 246.72 168.52 273.09 159.30 273.31 158.67 246.94 ship 0 0.988169 votes=1
198.01 330.03 198.11 310.00 205.86 310.04 205.76 330.07 ship 0 0.988070 votes=1
207.60 338.25 208.85 363.14 199.52 363.61 198.27 338.72 ship 0 0.986985 votes=1
246.33 453.07 247.16 481.07 237.00 481.37 236.17 453.38 ship 0 0.986985 votes=1
257.32 247.23 257.52 268.57 248.86 268.65 248.65 247.31 ship 0 0.986120 votes=1
304.26 418.21 304.60 443.29 295.36 443.42 295.02 418.33 ship 0 0.985840 votes=1
422.01 590.43 422.89 619.74 411.89 620.07 411.01 590.76 ship 0 0.985816 votes=1
208.12 444.08 208.25 422.85 216.93 422.91 216.80 444.14 ship 0 0.984131 votes=1
526.45 272.98 527.24 310.77 512.33 311.08 511.53 273.29 ship 0 0.983860 votes=1
190.25 620.38 190.65 593.42 200.79 593.57 200.39 620.53 ship 0 0.983615 votes=1
345.88 216.66 346.00 237.28 337.82 237.32 337.71 216.70 ship 0 0.982932 votes=1
257.64 419.44 257.71 443.58 249.56 443.60 249.49 419.46 ship 0 0.982415 votes=1
402.44 418.98 403.41 441.99 394.81 442.35 393.83 419.34 ship 0 0.980736 votes=1
276.06 589.19 276.14 619.35 265.49 619.37 265.42 589.21 ship 0 0.980706 votes=1
337.52 363.81 337.75 338.29 347.58 338.38 347.35 363.90 ship 0 0.979305 votes=1
331.69 419.40 333.78 442.94 324.68 443.75 322.59 420.21 ship 0 0.979191 votes=1
233.23 338.95 233.83 364.33 224.71 364.55 224.10 339.17 ship 0 0.979051 votes=1
236.74 363.74 236.90 340.38 245.26 340.44 245.10 363.80 ship 0 0.978848 votes=1
395.62 578.47 395.78 553.29 404.97 553.35 404.81 578.53 ship 0 0.977736 votes=1
159.67 330.57 159.90 306.60 169.20 306.68 168.97 330.66 ship 0 0.977609 votes=1
150.86 548.40 430.38 546.96 430.76 620.03 151.24 621.48 harbor 0 0.977571 votes=1
389.49 362.81 389.70 339.07 398.33 339.14 398.12 362.89 ship 0 0.976960 votes=1
710.95 235.95 711.07 261.86 701.42 261.90 701.29 236.00 ship 0 0.976952 votes=1
390.12 419.99 390.16 443.12 380.92 443.14 380.88 420.01 ship 0 0.976101 votes=1
361.80 418.87 361.93 444.45 352.53 444.50 352.40 418.92 ship 0 0.976059 votes=1
286.23 363.56 286.36 339.40 295.65 339.46 295.51 363.62 ship 0 0.975918 votes=1
433.49 584.62 434.06 616.61 425.78 616.76 425.21 584.77 ship 0 0.973871 votes=1
425.83 341.04 426.37 365.12 417.47 365.32 416.93 341.24 ship 0 0.973776 votes=1
423.88 575.60 424.61 552.55 432.88 552.81 432.15 575.86 ship 0 0.969632 votes=1
402.44 364.11 402.88 338.38 411.17 338.52 410.73 364.26 ship 0 0.969419 votes=1
424.70 444.62 427.09 419.66 434.73 420.39 432.34 445.35 ship 0 0.968907 votes=1
183.50 339.40 183.72 367.87 172.61 367.96 172.39 339.48 ship 0 0.967810 votes=1
153.59 214.95 418.66 214.81 418.69 266.97 153.62 267.11 harbor 0 0.966816 votes=1
323.58 479.89 323.79 452.38 334.15 452.46 333.94 479.97 ship 0 0.966267 votes=1
152.04 418.50 428.06 416.77 428.47 481.56 152.45 483.28 harbor 0 0.964996 votes=1
605.79 282.62 606.06 321.15 594.04 321.24 593.78 282.70 ship 0 0.964528 votes=1
181.30 245.17 182.06 267.31 174.04 267.59 173.28 245.45 ship 0 0.963428 votes=1
432.92 453.52 433.81 479.54 425.67 479.82 424.78 453.79 ship 0 0.961935 votes=1
219.18 308.90 219.60 330.56 210.97 330.73 210.55 309.07 ship 0 0.961659 votes=1
185.30 238.02 185.64 215.88 193.05 216.00 192.71 238.13 ship 0 0.957779 votes=1
151.59 311.18 418.07 310.80 418.15 362.75 151.67 363.13 harbor 0 0.956566 votes=1
335.97 245.15 336.43 265.67 326.52 265.89 326.07 245.37 ship 0 0.953528 votes=1
284.56 339.67 285.54 364.69 275.13 365.10 274.15 340.08 ship 0 0.951748 votes=1
371.23 306.62 371.56 329.80 363.33 329.92 363.00 306.73 ship 0 0.950407 votes=1
309.42 245.20 310.01 267.31 301.46 267.54 300.87 245.43 ship 0 0.949889 votes=1
362.32 552.32 362.72 577.86 353.75 578.00 353.35 552.46 ship 0 0.941903 votes=1
364.25 362.62 364.28 336.45 373.37 336.45 373.35 362.63 ship 0 0.940792 votes=1
260.02 364.75 260.56 341.46 269.80 341.67 269.26 364.97 ship 0 0.939586 votes=1
418.97 418.08 419.09 443.71 410.78 443.75 410.66 418.11 ship 0 0.933642 votes=1
351.44 329.92 351.45 309.69 359.93 309.70 359.92 329.92 ship 0 0.931779 votes=1
310.10 219.27 310.50 239.41 301.66 239.58 301.25 219.44 ship 0 0.931363 votes=1
410.41 216.28 410.63 237.69 401.94 237.78 401.72 216.37 ship 0 0.925046 votes=1
207.24 217.37 207.47 239.39 199.22 239.48 198.98 217.45 ship 0 0.923327 votes=1
396.59 216.83 396.78 237.50 388.96 237.57 388.76 216.90 ship 0 0.922420 votes=1
168.14 505.73 168.56 523.66 160.48 523.85 160.06 505.92 ship 0 0.919472 votes=1
243.00 309.93 243.52 329.76 235.11 329.98 234.59 310.15 ship 0 0.914625 votes=1
361.03 337.79 361.28 362.27 352.21 362.36 351.95 337.89 ship 0 0.909642 votes=1
283.61 218.86 283.70 239.02 275.63 239.06 275.54 218.90 ship 0 0.898829 votes=1
173.42 238.09 173.64 216.10 181.38 216.17 181.16 238.17 ship 0 0.898323 votes=1
424.61 308.84 424.66 333.57 415.62 333.59 415.57 308.86 ship 0 0.863292 votes=1
388.39 330.20 388.46 308.65 396.71 308.68 396.64 330.23 ship 0 0.854742 votes=1
173.19 332.30 173.57 313.36 182.12 313.53 181.74 332.47 ship 0 0.826674 votes=1
259.24 219.43 259.30 238.14 251.35 238.17 251.30 219.46 ship 0 0.808774 votes=1
303.74 554.91 303.98 579.35 295.39 579.43 295.15 554.99 ship 0 0.807530 votes=1
336.54 442.87 336.65 421.19 345.30 421.23 345.19 442.91 ship 0 0.793981 votes=1
505.26 420.01 508.16 705.99 493.18 706.14 490.29 420.17 harbor 0 0.784596 votes=1
145.93 577.04 146.65 557.13 153.87 557.39 153.15 577.30 ship 0 0.746493 votes=1
519.82 268.15 717.40 260.41 719.52 314.48 521.94 322.22 harbor 0 0.739287 votes=1
241.03 217.74 241.56 238.32 233.73 238.52 233.20 217.94 ship 0 0.672562 votes=1
218.74 216.22 218.92 238.19 210.45 238.26 210.27 216.29 ship 0 0.652726 votes=1
386.77 266.82 387.36 244.09 396.34 244.32 395.75 267.05 ship 0 0.618569 votes=1
