548.24 532.15 548.68 465.53 569.29 465.66 568.85 532.29 ship 0 0.999400 votes=1
657.88 589.08 660.65 480.66 686.87 481.33 684.10 589.75 ship 0 0.999343 votes=1
624.22 320.24 624.73 379.86 605.30 380.03 604.80 320.41 ship 0 0.999331 votes=1
596.46 467.22 596.97 532.24 578.60 532.38 578.09 467.37 ship 0 0.999324 votes=1
633.84 381.23 634.10 316.93 654.54 317.01 654.28 381.31 ship 0 0.999319 votes=1
472.18 377.77 472.24 318.40 491.43 318.43 491.36 377.79 ship 0 0.999229 votes=1
579.71 375.17 580.94 318.13 599.29 318.53 598.06 375.57 ship 0 0.999197 votes=1
485.33 552.00 485.49 615.70 464.16 615.75 464.01 552.05 ship 0 0.999190 votes=1
393.37 753.46 446.49 752.72 446.74 770.60 393.62 771.34 ship 0 0.999111 votes=1
729.04 695.66 729.61 777.44 707.05 777.60 706.48 695.82 ship 0 0.999059 votes=1
543.07 468.97 543.87 530.12 524.85 530.37 524.05 469.22 ship 0 0.999050 votes=1
394.30 610.29 451.11 610.83 450.94 628.22 394.14 627.68 ship 0 0.999038 votes=1
374.22 135.37 428.31 170.00 417.79 186.43 363.70 151.81 ship 0 0.999013 votes=1
402.21 514.71 450.14 515.26 449.96 530.82 402.03 530.27 ship 0 0.999011 votes=1
651.43 469.66 651.55 533.79 632.04 533.83 631.91 469.70 ship 0 0.998969 votes=1
497.09 378.04 497.21 314.61 515.81 314.65 515.69 378.08 ship 0 0.998954 votes=1
288.33 695.15 338.14 694.13 338.48 710.53 288.67 711.56 ship 0 0.998942 votes=1
550.65 368.50 551.72 318.12 569.21 318.49 568.13 368.88 ship 0 0.998930 votes=1
402.40 658.27 446.93 657.94 447.04 672.33 402.51 672.66 ship 0 0.998913 votes=1
396.47 422.20 453.92 421.21 454.21 437.75 396.75 438.74 ship 0 0.998911 votes=1
284.33 621.70 339.45 622.58 339.18 638.93 284.07 638.05 ship 0 0.998904 votes=1
511.32 708.20 511.34 777.33 492.80 777.34 492.78 708.20 ship 0 0.998898 votes=1
389.25 705.23 449.80 705.09 449.84 723.97 389.29 724.12 ship 0 0.998879 votes=1
410.37 732.92 448.30 733.36 448.15 746.05 410.22 745.61 ship 0 0.998867 votes=1
562.95 707.89 563.01 778.56 542.29 778.58 542.23 707.90 ship 0 0.998862 votes=1
622.13 777.35 622.64 707.19 642.34 707.33 641.83 777.50 ship 0 0.998847 votes=1
687.50 306.43 687.62 379.96 662.64 380.00 662.52 306.47 ship 0 0.998797 votes=1
282.36 575.02 336.51 575.03 336.50 591.81 282.36 591.81 ship 0 0.998786 votes=1
410.54 88.71 479.54 133.84 468.16 151.22 399.17 106.09 ship 0 0.998784 votes=1
494.17 530.43 495.04 467.12 515.05 467.40 514.18 530.70 ship 0 0.998769 votes=1
402.18 445.94 453.76 446.37 453.62 463.17 402.04 462.74 ship 0 0.998766 votes=1
281.20 718.04 322.95 718.06 322.95 733.33 281.20 733.31 ship 0 0.998719 votes=1
393.10 585.87 450.24 586.83 449.95 604.13 392.81 603.16 ship 0 0.998655 votes=1
570.45 777.26 571.14 717.31 589.49 717.52 588.80 777.47 ship 0 0.998652 votes=1
699.22 697.13 699.31 774.82 677.66 774.85 677.57 697.16 ship 0 0.998639 votes=1
292.86 432.33 330.53 431.97 330.66 444.96 292.98 445.32 ship 0 0.998540 votes=1
568.27 551.22 569.21 621.92 548.60 622.19 547.67 551.50 ship 0 0.998522 votes=1
282.34 408.80 335.26 408.53 335.35 426.32 282.43 426.59 ship 0 0.998463 votes=1
462.23 769.13 462.72 708.44 482.36 708.60 481.87 769.28 ship 0 0.998438 votes=1
517.29 778.29 518.33 717.30 537.84 717.63 536.80 778.62 ship 0 0.998345 votes=1
401.83 399.56 455.47 399.65 455.44 415.61 401.81 415.52 ship 0 0.998295 votes=1
280.46 551.98 338.77 552.49 338.63 568.53 280.32 568.02 ship 0 0.998248 votes=1
281.38 335.41 340.13 338.05 339.39 354.41 280.65 351.77 ship 0 0.998206 votes=1
407.00 468.36 453.67 468.66 453.57 482.98 406.91 482.67 ship 0 0.998179 votes=1
283.02 361.90 337.50 361.74 337.55 377.48 283.06 377.64 ship 0 0.998161 votes=1
289.83 527.38 322.83 527.75 322.69 540.72 289.68 540.35 ship 0 0.998156 votes=1
527.09 380.09 527.53 320.30 545.87 320.44 545.42 380.22 ship 0 0.998093 votes=1
438.26 33.00 510.47 73.53 500.78 90.80 428.56 50.28 ship 0 0.998016 votes=1
569.94 251.09 570.01 301.95 552.05 301.98 551.97 251.11 ship 0 0.997921 votes=1
488.64 471.75 490.42 531.22 470.87 531.81 469.09 472.34 ship 0 0.997844 votes=1
287.20 504.73 334.71 503.09 335.28 519.55 287.77 521.19 ship 0 0.997839 votes=1
514.40 551.28 514.76 622.98 493.65 623.09 493.29 551.39 ship 0 0.997824 votes=1
407.56 352.50 454.29 355.03 453.55 368.61 406.83 366.08 ship 0 0.997308 votes=1
458.77 301.29 461.05 242.95 480.66 243.72 478.38 302.06 ship 0 0.997281 votes=1
508.12 297.77 508.38 254.45 522.40 254.54 522.14 297.85 ship 0 0.997028 votes=1
400.73 680.88 449.61 681.40 449.43 698.69 400.55 698.17 ship 0 0.996956 votes=1
346.00 176.63 389.55 205.42 380.70 218.82 337.14 190.03 ship 0 0.996922 votes=1
402.00 492.02 453.99 492.97 453.69 509.51 401.70 508.57 ship 0 0.996803 votes=1
278.85 670.31 333.68 671.07 333.48 685.00 278.65 684.23 ship 0 0.996793 votes=1
285.99 745.96 334.06 746.97 333.80 759.22 285.73 758.21 ship 0 0.996740 votes=1
488.60 295.32 489.15 253.53 502.30 253.70 501.75 295.49 ship 0 0.996456 votes=1
281.18 648.28 325.50 646.82 326.01 662.53 281.69 663.99 ship 0 0.996325 votes=1
425.99 62.42 495.00 107.58 483.86 124.60 414.85 79.45 ship 0 0.996297 votes=1
391.60 115.97 446.77 148.26 437.54 164.05 382.36 131.76 ship 0 0.995965 votes=1
621.32 299.93 621.34 259.41 633.86 259.41 633.84 299.94 ship 0 0.995810 votes=1
286.78 766.09 319.56 766.10 319.55 776.87 286.78 776.85 ship 0 0.995461 votes=1
409.15 564.05 446.45 563.23 446.68 574.09 409.39 574.91 ship 0 0.992204 votes=1
288.95 385.04 320.60 384.40 320.80 394.35 289.15 394.98 ship 0 0.991796 votes=1
660.04 99.09 673.28 120.06 664.66 125.50 651.42 104.54 ship 0 0.990021 votes=1
660.66 622.11 661.23 594.52 670.33 594.71 669.76 622.30 ship 0 0.987581 votes=1
597.63 300.78 599.16 256.16 614.52 256.68 613.00 301.31 ship 0 0.987020 votes=1
476.43 -16.64 529.79 14.76 519.45 32.34 466.09 0.94 ship 0 0.985646 votes=1
723.01 176.95 736.29 197.49 728.31 202.65 715.03 182.11 ship 0 0.985143 votes=1
748.21 591.67 748.33 566.91 759.12 566.97 758.99 591.72 ship 0 0.984786 votes=1
323.14 221.62 358.34 241.95 352.32 252.36 317.13 232.03 ship 0 0.983784 votes=1
410.53 300.19 453.92 301.19 453.45 321.56 410.06 320.56 ship 0 0.983509 votes=1
747.88 716.35 747.96 685.78 758.02 685.80 757.94 716.37 ship 0 0.982210 votes=1
703.05 153.03 715.90 170.79 707.23 177.06 694.38 159.31 ship 0 0.981458 votes=1
749.86 367.51 750.36 342.00 761.21 342.21 760.71 367.73 ship 0 0.980627 votes=1
544.44 249.07 544.67 300.70 528.64 300.78 528.41 249.14 ship 0 0.976197 votes=1
760.47 371.76 760.79 396.79 751.17 396.91 750.85 371.88 ship 0 0.973066 votes=1
617.02 46.48 633.44 66.02 625.46 72.73 609.03 53.18 ship 0 0.971346 votes=1
285.02 457.98 329.11 457.12 329.40 472.09 285.31 472.95 ship 0 0.970557 votes=1
281.92 268.60 335.40 268.02 335.55 281.97 282.08 282.55 ship 0 0.968079 votes=1
747.77 529.78 748.10 501.58 758.30 501.70 757.97 529.90 ship 0 0.965969 votes=1
457.80 247.18 674.53 250.24 672.66 382.43 455.93 379.38 harbor 0 0.956919 votes=1
758.18 754.24 758.31 778.58 748.41 778.64 748.28 754.29 ship 0 0.940674 votes=1
747.74 558.98 748.09 537.36 757.53 537.51 757.17 559.14 ship 0 0.930640 votes=1
744.01 204.00 760.21 228.02 751.39 233.96 735.19 209.94 ship 0 0.915224 votes=1
444.72 468.76 661.69 468.83 661.64 622.73 444.67 622.66 harbor 0 0.914633 votes=1
639.05 76.15 649.86 92.44 643.25 96.82 632.44 80.54 ship 0 0.901274 votes=1
259.16 782.78 260.61 262.24 333.91 262.44 332.46 782.98 harbor 0 0.867244 votes=1
749.81 634.68 750.11 613.70 759.63 613.84 759.32 634.82 ship 0 0.826498 votes=1
435.59 703.76 754.51 699.31 755.78 790.61 436.86 795.05 harbor 0 0.810484 votes=1
749.56 326.85 749.73 298.60 760.66 298.67 760.49 326.92 ship 0 0.809579 votes=1
749.13 669.12 749.82 649.47 758.87 649.79 758.18 669.44 ship 0 0.763058 votes=1
