673.81 276.18 747.57 276.27 747.54 300.45 673.79 300.36 ship 0 0.999457 votes=1
630.33 505.05 636.13 573.17 612.26 575.21 606.46 507.08 ship 0 0.999396 votes=1
734.65 499.89 734.88 574.48 707.84 574.56 707.61 499.97 ship 0 0.999367 votes=1
530.25 477.82 533.28 397.02 560.86 398.06 557.83 478.85 ship 0 0.999362 votes=1
664.88 233.48 736.80 229.68 738.14 254.97 666.22 258.77 ship 0 0.999321 votes=1
562.61 508.19 563.58 588.56 535.44 588.90 534.47 508.53 ship 0 0.999314 votes=1
595.83 277.36 660.57 276.94 660.70 297.56 595.97 297.98 ship 0 0.999292 votes=1
569.58 580.10 570.00 509.13 598.17 509.29 597.76 580.26 ship 0 0.999276 votes=1
765.44 500.30 769.35 561.21 746.98 562.65 743.08 501.73 ship 0 0.999260 votes=1
546.20 170.09 653.82 169.45 654.01 200.57 546.38 201.21 ship 0 0.999223 votes=1
499.24 47.08 653.42 24.98 659.01 63.98 504.82 86.07 ship 0 0.999215 votes=1
507.41 285.64 577.90 278.51 580.11 300.31 509.61 307.45 ship 0 0.999173 votes=1
571.03 215.07 670.50 212.05 671.43 242.64 571.96 245.66 ship 0 0.999105 votes=1
670.81 503.33 671.48 558.08 651.54 558.33 650.87 503.58 ship 0 0.999076 votes=1
570.78 477.46 574.33 416.31 596.57 417.60 593.02 478.75 ship 0 0.999058 votes=1
512.18 246.99 567.64 247.48 567.48 265.90 512.01 265.40 ship 0 0.999041 votes=1
622.91 415.34 623.41 478.17 600.82 478.36 600.31 415.52 ship 0 0.999001 votes=1
653.11 480.31 653.61 414.58 675.83 414.75 675.33 480.48 ship 0 0.998819 votes=1
494.09 215.91 560.35 213.53 561.05 232.91 494.79 235.29 ship 0 0.998767 votes=1
620.56 699.21 621.41 744.88 604.72 745.19 603.88 699.52 ship 0 0.997716 votes=1
498.04 588.38 500.00 503.73 522.28 504.24 520.32 588.89 ship 0 0.997424 votes=1
650.28 144.45 738.18 140.17 739.51 167.38 651.60 171.67 ship 0 0.997317 votes=1
710.65 459.43 759.92 460.22 759.65 476.78 710.39 475.99 ship 0 0.996811 votes=1
509.19 402.21 522.39 483.75 500.21 487.34 487.01 405.80 ship 0 0.996647 votes=1
698.36 341.09 745.39 337.83 746.61 355.59 699.58 358.84 ship 0 0.996364 votes=1
711.58 409.42 755.00 407.84 755.57 423.33 712.15 424.92 ship 0 0.996095 votes=1
672.53 742.65 674.10 696.42 691.58 697.01 690.01 743.25 ship 0 0.994822 votes=1
702.60 371.61 750.58 362.89 753.98 381.57 706.00 390.30 ship 0 0.993198 votes=1
726.86 708.97 727.11 751.63 711.91 751.72 711.66 709.06 ship 0 0.982238 votes=1
513.45 417.58 761.78 407.42 768.23 564.91 519.89 575.07 harbor 0 0.959941 votes=1
527.61 677.05 797.00 676.81 797.07 752.78 527.68 753.02 harbor 0 0.905803 votes=1
716.40 213.64 739.02 222.21 735.18 232.34 712.56 223.78 ship 0 0.905642 votes=1
711.71 723.87 711.82 750.00 702.70 750.03 702.60 723.90 ship 0 0.704736 votes=1
532.85 192.45 722.50 191.73 722.90 298.57 533.25 299.30 harbor 0 0.612950 votes=1
