176.97 201.82 295.88 193.78 298.57 233.61 179.66 241.65 ship 0 0.999437 votes=1
148.56 154.22 293.28 139.63 297.35 179.98 152.63 194.57 ship 0 0.999402 votes=1
189.45 99.68 310.55 83.45 315.84 122.91 194.73 139.14 ship 0 0.999389 votes=1
265.00 775.98 268.07 638.72 307.19 639.59 304.12 776.85 ship 0 0.999381 votes=1
432.23 463.99 555.92 451.02 559.89 488.98 436.21 501.94 ship 0 0.999373 votes=1
165.68 310.10 307.40 296.04 311.63 338.59 169.91 352.66 ship 0 0.999363 votes=1
454.19 106.97 467.36 312.62 416.49 315.88 403.32 110.23 ship 0 0.999360 votes=1
419.26 397.27 547.34 392.77 548.83 435.19 420.74 439.68 ship 0 0.999329 votes=1
428.53 509.64 564.37 505.91 565.57 549.43 429.72 553.17 ship 0 0.999292 votes=1
524.50 151.32 539.12 314.77 491.58 319.02 476.97 155.57 ship 0 0.999289 votes=1
210.08 254.36 304.30 250.46 305.61 282.13 211.39 286.03 ship 0 0.999256 votes=1
162.33 370.02 274.22 368.41 274.75 405.24 162.86 406.85 ship 0 0.999201 votes=1
390.89 346.26 543.97 336.57 546.62 378.47 393.54 388.16 ship 0 0.999066 votes=1
518.67 73.67 606.00 59.59 610.81 89.36 523.48 103.45 ship 0 0.999058 votes=1
450.32 568.80 573.12 564.62 574.49 605.03 451.69 609.20 ship 0 0.998993 votes=1
574.95 292.74 642.14 285.23 644.97 310.54 577.78 318.05 ship 0 0.998967 votes=1
554.21 180.39 613.29 176.53 614.89 201.03 555.81 204.89 ship 0 0.998711 votes=1
593.33 439.25 654.64 433.85 656.74 457.64 595.43 463.03 ship 0 0.998531 votes=1
581.80 372.95 634.47 365.93 637.07 385.43 584.40 392.46 ship 0 0.998511 votes=1
584.78 406.15 640.47 397.12 644.10 419.50 588.41 428.53 ship 0 0.998376 votes=1
546.89 146.94 601.93 141.68 604.16 165.06 549.12 170.32 ship 0 0.998337 votes=1
600.94 516.11 661.80 509.45 664.43 533.46 603.57 540.12 ship 0 0.998111 votes=1
565.88 220.20 631.01 209.66 635.14 235.19 570.01 245.73 ship 0 0.998047 votes=1
555.08 686.05 591.26 683.88 592.32 701.60 556.14 703.77 ship 0 0.997811 votes=1
564.58 255.30 632.87 250.03 634.90 276.40 566.62 281.67 ship 0 0.997620 votes=1
603.97 556.02 656.42 544.67 661.18 566.69 608.73 578.04 ship 0 0.996965 votes=1
216.16 707.39 223.23 773.40 197.18 776.18 190.12 710.17 ship 0 0.993651 votes=1
525.89 715.64 528.96 754.26 513.48 755.49 510.41 716.87 ship 0 0.983146 votes=1
611.75 671.83 646.49 670.48 647.14 687.35 612.40 688.70 ship 0 0.981923 votes=1
608.25 598.30 653.49 587.61 658.19 607.49 612.95 618.18 ship 0 0.973731 votes=1
605.10 648.54 642.57 646.25 643.50 661.49 606.03 663.78 ship 0 0.930794 votes=1
553.24 666.43 586.02 662.13 588.00 677.19 555.21 681.49 ship 0 0.929061 votes=1
613.16 78.66 687.61 769.39 506.37 788.92 431.92 98.20 harbor 0 0.912661 votes=1
564.66 713.78 592.33 736.58 582.61 748.38 554.94 725.58 ship 0 0.838751 votes=1
540.89 717.69 543.25 752.17 533.02 752.87 530.67 718.39 ship 0 0.812867 votes=1
542.36 614.58 584.80 610.39 587.65 639.23 545.21 643.43 ship 0 0.807124 votes=1
