574.97 60.39 598.77 61.52 598.34 70.60 574.54 69.47 vehicle 0 0.986301 votes=1
574.21 80.94 597.12 81.38 596.93 91.00 574.02 90.56 vehicle 0 0.985075 votes=1
573.89 93.74 599.10 93.34 599.24 102.48 574.03 102.88 vehicle 0 0.982664 votes=1
760.42 37.57 787.88 37.32 787.96 47.06 760.51 47.31 vehicle 0 0.979152 votes=1
523.19 86.95 543.62 86.69 543.75 96.56 523.32 96.82 vehicle 0 0.967833 votes=1
526.44 63.10 545.64 64.04 545.23 72.52 526.02 71.58 vehicle 0 0.952421 votes=1
524.55 42.16 544.34 41.42 544.65 49.51 524.85 50.25 vehicle 0 0.937711 votes=1
523.99 152.30 554.10 160.11 551.67 169.48 521.56 161.68 vehicle 0 0.867565 votes=1
612.66 73.38 636.61 70.28 637.89 80.14 613.94 83.25 vehicle 0 0.841210 votes=1
575.18 50.37 598.57 50.39 598.56 58.59 575.18 58.58 vehicle 0 0.622540 votes=1
622.04 106.37 635.43 107.43 634.64 117.23 621.26 116.16 vehicle 0 0.618447 votes=1
