404.09 408.52 406.85 340.93 434.11 342.04 431.35 409.63 ship 0 0.999423 votes=1
452.57 253.68 453.16 321.85 427.67 322.07 427.07 253.90 ship 0 0.999405 votes=1
517.71 329.79 522.82 260.43 549.19 262.37 544.08 331.74 ship 0 0.999247 votes=1
327.52 423.69 328.41 337.59 360.74 337.93 359.85 424.02 ship 0 0.999236 votes=1
288.56 392.83 289.64 305.85 315.18 306.17 314.10 393.14 ship 0 0.999171 votes=1
448.04 118.45 453.71 64.95 474.89 67.20 469.22 120.69 ship 0 0.999146 votes=1
489.15 330.68 489.66 271.32 512.63 271.51 512.12 330.88 ship 0 0.999115 votes=1
585.56 344.26 588.78 272.29 614.43 273.44 611.21 345.41 ship 0 0.999089 votes=1
535.33 135.25 538.50 81.90 560.39 83.20 557.21 136.56 ship 0 0.999065 votes=1
456.14 326.27 458.85 257.79 486.80 258.90 484.10 327.38 ship 0 0.998991 votes=1
472.87 422.25 485.58 344.88 511.30 349.10 498.58 426.48 ship 0 0.998949 votes=1
399.87 116.37 412.50 38.51 434.79 42.13 422.15 119.98 ship 0 0.998914 votes=1
438.22 191.30 444.80 143.21 463.40 145.75 456.82 193.85 ship 0 0.998879 votes=1
285.01 167.01 297.12 61.79 332.18 65.82 320.07 171.04 ship 0 0.998623 votes=1
372.45 396.92 376.23 336.34 399.52 337.79 395.74 398.37 ship 0 0.998560 votes=1
531.48 439.66 540.83 354.05 572.75 357.54 563.39 443.15 ship 0 0.998359 votes=1
574.73 281.21 574.84 333.77 556.00 333.81 555.88 281.25 ship 0 0.998355 votes=1
359.90 188.30 373.57 127.62 396.08 132.69 382.40 193.37 ship 0 0.998087 votes=1
541.58 206.09 549.68 156.35 568.98 159.49 560.89 209.23 ship 0 0.997909 votes=1
253.75 161.93 275.54 77.46 300.04 83.78 278.26 168.25 ship 0 0.997510 votes=1
426.42 118.40 430.21 67.04 447.89 68.34 444.10 119.70 ship 0 0.997092 votes=1
569.92 121.91 615.49 42.98 641.05 57.74 595.48 136.67 ship 0 0.997018 votes=1
696.21 466.01 742.17 465.00 742.55 482.43 696.59 483.44 ship 0 0.996984 votes=1
641.26 528.63 736.52 545.65 731.05 576.29 635.79 559.28 ship 0 0.995685 votes=1
365.50 105.91 382.53 37.91 409.00 44.54 391.97 112.54 ship 0 0.989881 votes=1
642.91 495.91 762.23 496.23 762.15 527.28 642.83 526.96 ship 0 0.955592 votes=1
324.28 266.11 708.41 287.39 700.81 424.71 316.68 403.43 harbor 0 0.940914 votes=1
337.88 41.08 658.74 79.50 641.69 221.94 320.82 183.53 harbor 0 0.920268 votes=1
343.45 85.44 357.18 31.99 379.81 37.80 366.09 91.26 ship 0 0.867822 votes=1
