369.70 274.84 406.97 268.01 409.81 283.53 372.54 290.36 ship 0 0.997737 votes=1
208.87 369.35 254.75 372.35 253.60 389.85 207.72 386.85 ship 0 0.997613 votes=1
160.19 380.88 175.81 417.33 161.83 423.32 146.20 386.88 ship 0 0.997481 votes=1
179.34 372.04 197.21 406.22 183.11 413.59 165.24 379.41 ship 0 0.997426 votes=1
131.62 337.69 150.90 364.02 140.22 371.84 120.94 345.51 ship 0 0.997015 votes=1
642.14 401.21 675.63 416.79 668.69 431.69 635.21 416.12 ship 0 0.996772 votes=1
506.75 458.85 524.08 428.09 537.00 435.37 519.67 466.13 ship 0 0.996757 votes=1
77.82 418.85 100.94 446.22 90.07 455.40 66.95 428.03 ship 0 0.996639 votes=1
141.66 384.59 160.28 427.31 144.58 434.15 125.96 391.43 ship 0 0.995396 votes=1
112.63 342.38 129.53 373.48 115.39 381.16 98.50 350.06 ship 0 0.994102 votes=1
569.86 486.42 582.95 458.44 594.73 463.95 581.64 491.93 ship 0 0.993689 votes=1
526.35 467.18 543.71 431.41 557.95 438.32 540.59 474.09 ship 0 0.993265 votes=1
152.30 324.58 169.23 355.63 154.23 363.82 137.29 332.76 ship 0 0.992473 votes=1
606.52 508.07 622.30 476.75 635.63 483.47 619.86 514.78 ship 0 0.991892 votes=1
124.21 394.51 135.85 433.66 118.34 438.87 106.70 399.72 ship 0 0.991748 votes=1
135.00 240.64 167.26 218.21 176.56 231.60 144.31 254.02 ship 0 0.986781 votes=1
4.30 180.71 32.96 161.68 42.71 176.35 14.05 195.39 ship 0 0.977687 votes=1
19.79 309.81 35.10 338.61 23.84 344.60 8.53 315.80 ship 0 0.969508 votes=1
25.89 391.13 200.45 306.40 235.65 378.93 61.10 463.66 harbor 0 0.962428 votes=1
39.36 235.33 70.40 221.25 77.31 236.48 46.27 250.55 ship 0 0.957881 votes=1
492.99 273.54 514.61 281.19 511.56 289.79 489.94 282.14 ship 0 0.949320 votes=1
114.83 258.75 133.45 293.23 117.81 301.68 99.19 267.20 ship 0 0.929116 votes=1
584.98 499.47 603.87 464.70 618.27 472.53 599.39 507.30 ship 0 0.927061 votes=1
488.24 444.05 502.70 415.04 515.09 421.22 500.63 450.23 ship 0 0.908233 votes=1
-5.14 308.79 161.91 222.41 183.53 264.21 16.48 350.60 harbor 0 0.875422 votes=1
459.07 391.35 659.08 490.11 638.32 532.16 438.31 433.40 harbor 0 0.836529 votes=1
547.55 358.59 588.86 361.33 588.19 371.44 546.88 368.69 ship 0 0.740066 votes=1
