210.60 553.25 322.99 512.35 359.56 612.83 247.17 653.73 airplane 0 0.999365 votes=1
658.40 422.05 725.16 435.30 712.43 499.41 645.67 486.16 airplane 0 0.999356 votes=1
657.00 324.59 743.07 336.87 731.18 420.22 645.11 407.94 airplane 0 0.999323 votes=1
590.63 174.02 597.19 121.33 634.34 125.96 627.78 178.65 airplane 0 0.999240 votes=1
426.64 270.07 433.31 220.69 468.73 225.47 462.06 274.85 airplane 0 0.999205 votes=1
446.06 160.39 453.08 112.39 489.47 117.71 482.45 165.72 airplane 0 0.999203 votes=1
282.04 307.50 288.92 257.67 322.96 262.37 316.08 312.21 airplane 0 0.999194 votes=1
441.08 212.99 449.09 168.92 483.65 175.20 475.64 219.27 airplane 0 0.999099 votes=1
599.54 117.27 607.10 64.33 644.76 69.70 637.20 122.64 airplane 0 0.998960 votes=1
569.38 284.16 574.14 231.88 611.49 235.28 606.73 287.56 airplane 0 0.998940 votes=1
287.70 253.25 296.27 199.02 331.09 204.52 322.51 258.75 airplane 0 0.996812 votes=1
