369.08 310.25 447.17 309.90 447.29 335.54 369.20 335.89 ship 0 0.999486 votes=1
364.46 57.74 454.15 52.70 455.82 82.44 366.13 87.47 ship 0 0.999471 votes=1
368.53 370.65 458.98 370.16 459.14 399.76 368.69 400.25 ship 0 0.999428 votes=1
368.48 246.06 442.83 246.19 442.78 272.41 368.43 272.28 ship 0 0.999367 votes=1
712.88 310.83 779.74 308.92 780.43 333.35 713.58 335.26 ship 0 0.999278 votes=1
364.35 127.07 441.11 126.99 441.13 153.49 364.38 153.57 ship 0 0.999256 votes=1
370.86 405.78 451.24 406.09 451.13 434.78 370.75 434.47 ship 0 0.999224 votes=1
371.99 275.95 454.99 276.31 454.86 305.87 371.86 305.51 ship 0 0.999113 votes=1
281.73 392.56 351.37 393.45 351.04 418.58 281.40 417.68 ship 0 0.999103 votes=1
711.50 20.70 712.11 88.88 683.34 89.13 682.73 20.96 ship 0 0.999097 votes=1
603.60 173.49 654.37 167.41 656.36 184.03 605.58 190.10 ship 0 0.999096 votes=1
583.83 572.04 629.33 569.86 630.18 587.73 584.69 589.91 ship 0 0.998999 votes=1
708.27 370.95 781.30 370.18 781.56 395.27 708.54 396.05 ship 0 0.998905 votes=1
711.63 343.01 782.50 342.02 782.86 368.06 711.99 369.05 ship 0 0.998845 votes=1
698.02 166.12 782.76 165.40 783.01 193.88 698.26 194.60 ship 0 0.998731 votes=1
298.24 364.11 350.28 365.68 349.65 386.65 297.60 385.08 ship 0 0.998611 votes=1
578.36 548.93 623.86 544.10 625.85 562.91 580.35 567.73 ship 0 0.998583 votes=1
290.16 585.63 347.69 585.62 347.69 605.80 290.17 605.81 ship 0 0.998568 votes=1
737.56 554.63 796.09 554.94 795.98 576.22 737.45 575.90 ship 0 0.998545 votes=1
295.08 256.53 349.26 255.94 349.45 273.43 295.27 274.03 ship 0 0.997797 votes=1
736.61 504.48 791.33 502.20 792.20 523.05 737.48 525.33 ship 0 0.996697 votes=1
624.85 485.88 629.18 771.11 530.86 772.60 526.54 487.38 harbor 0 0.993770 votes=1
749.71 635.13 796.87 635.14 796.86 653.78 749.71 653.77 ship 0 0.993425 votes=1
714.17 10.56 798.31 9.70 799.07 83.64 714.93 84.50 harbor 0 0.904735 votes=1
421.48 48.48 426.35 779.87 305.99 780.67 301.12 49.28 harbor 0 0.865680 votes=1
