535.02 464.71 597.12 424.84 607.48 440.98 545.38 480.85 ship 0 0.999046 votes=1
717.41 599.87 731.95 517.46 752.97 521.17 738.43 603.58 ship 0 0.998995 votes=1
81.47 650.51 125.75 624.30 134.18 638.54 89.90 664.76 ship 0 0.998723 votes=1
411.47 405.73 453.15 374.94 463.01 388.30 421.33 419.08 ship 0 0.998679 votes=1
681.44 600.11 694.62 517.41 715.41 520.72 702.23 603.42 ship 0 0.998667 votes=1
233.68 334.61 306.69 307.90 313.99 327.87 240.98 354.57 ship 0 0.998414 votes=1
539.63 261.61 628.10 288.48 620.73 312.72 532.26 285.85 ship 0 0.998381 votes=1
76.43 630.34 113.20 605.12 120.97 616.45 84.20 641.67 ship 0 0.998353 votes=1
114.79 564.91 152.58 537.57 160.73 548.83 122.94 576.17 ship 0 0.998317 votes=1
438.37 262.53 488.15 261.79 488.37 276.34 438.59 277.09 ship 0 0.998244 votes=1
252.65 550.90 288.09 525.05 296.31 536.32 260.86 562.16 ship 0 0.998235 votes=1
725.13 309.35 787.63 378.72 772.81 392.06 710.32 322.69 ship 0 0.998132 votes=1
69.70 537.66 105.94 513.09 114.59 525.83 78.34 550.41 ship 0 0.998104 votes=1
277.92 275.89 326.70 258.38 334.93 281.30 286.15 298.81 ship 0 0.998094 votes=1
522.89 444.39 564.47 417.17 572.52 429.46 530.93 456.68 ship 0 0.998031 votes=1
349.63 292.48 411.58 270.08 417.77 287.21 355.82 309.61 ship 0 0.998000 votes=1
64.22 404.25 155.18 342.30 168.14 361.33 77.18 423.28 ship 0 0.997870 votes=1
281.28 474.43 332.38 443.92 341.87 459.82 290.77 490.33 ship 0 0.997577 votes=1
186.83 443.53 250.84 395.01 266.06 415.10 202.06 463.62 ship 0 0.997527 votes=1
298.66 614.07 333.13 589.72 341.37 601.40 306.91 625.74 ship 0 0.997452 votes=1
67.10 612.75 103.01 589.96 111.53 603.39 75.62 626.18 ship 0 0.997360 votes=1
689.86 319.83 724.63 359.22 712.81 369.66 678.04 330.26 ship 0 0.997253 votes=1
266.78 461.62 317.48 427.37 326.36 440.51 275.66 474.76 ship 0 0.997093 votes=1
130.38 591.90 162.73 571.04 170.39 582.91 138.04 603.78 ship 0 0.995362 votes=1
179.56 671.45 227.57 645.23 235.29 659.38 187.29 685.60 ship 0 0.994848 votes=1
39.36 713.28 61.55 701.16 66.03 709.35 43.83 721.47 ship 0 0.993790 votes=1
128.83 675.27 153.11 659.93 158.62 668.64 134.34 683.98 ship 0 0.993631 votes=1
376.83 254.57 405.29 246.04 408.28 256.04 379.82 264.57 ship 0 0.992874 votes=1
470.71 373.71 513.97 346.26 526.99 366.79 483.73 394.23 ship 0 0.992653 votes=1
493.68 399.82 531.76 374.90 538.27 384.84 500.18 409.77 ship 0 0.992523 votes=1
125.75 694.94 160.20 673.85 167.88 686.38 133.42 707.48 ship 0 0.991436 votes=1
69.12 283.07 94.52 267.66 100.31 277.19 74.90 292.61 ship 0 0.989303 votes=1
215.45 510.90 262.11 484.25 270.15 498.32 223.49 524.97 ship 0 0.988967 votes=1
479.69 507.12 511.31 487.19 519.02 499.42 487.40 519.35 ship 0 0.988897 votes=1
249.96 434.47 295.44 405.98 310.37 429.83 264.90 458.32 ship 0 0.987440 votes=1
401.38 390.26 439.58 356.02 450.10 367.75 411.90 401.99 ship 0 0.987282 votes=1
110.55 656.12 135.39 640.66 142.39 651.90 117.55 667.36 ship 0 0.984388 votes=1
92.90 546.62 134.41 518.35 147.97 538.26 106.46 566.53 ship 0 0.983960 votes=1
283.75 591.56 318.40 566.38 329.91 582.21 295.26 607.39 ship 0 0.983871 votes=1
21.28 693.65 47.91 678.63 52.77 687.25 26.13 702.27 ship 0 0.981908 votes=1
143.93 610.91 181.68 579.90 195.80 597.10 158.06 628.11 ship 0 0.981462 votes=1
131.36 512.13 236.77 666.95 144.22 729.97 38.81 575.14 harbor 0 0.977225 votes=1
107.89 259.17 156.92 226.50 173.40 251.25 124.37 283.91 ship 0 0.975617 votes=1
354.09 310.83 387.03 297.85 391.60 309.47 358.67 322.44 ship 0 0.972654 votes=1
286.07 396.59 416.43 568.87 314.09 646.31 183.73 474.03 harbor 0 0.968859 votes=1
90.42 711.50 124.64 696.41 129.79 708.10 95.57 723.19 ship 0 0.964489 votes=1
571.57 499.98 617.79 471.04 634.62 497.91 588.39 526.85 ship 0 0.964277 votes=1
225.90 531.15 268.71 496.37 284.89 516.30 242.09 551.08 ship 0 0.961227 votes=1
492.85 518.21 532.55 492.63 546.08 513.62 506.38 539.20 ship 0 0.955914 votes=1
630.59 528.27 636.42 475.93 662.03 478.79 656.20 531.12 ship 0 0.952489 votes=1
334.24 562.36 385.00 532.44 398.48 555.31 347.72 585.23 ship 0 0.945518 votes=1
358.78 585.22 387.21 570.56 393.27 582.31 364.85 596.97 ship 0 0.942102 votes=1
44.98 734.90 83.57 704.72 96.83 721.68 58.25 751.86 ship 0 0.928426 votes=1
506.01 324.31 624.42 481.48 513.43 565.10 395.02 407.93 harbor 0 0.923324 votes=1
450.11 546.02 491.90 548.51 490.40 573.76 448.60 571.27 ship 0 0.917333 votes=1
96.43 725.51 132.24 708.80 140.93 727.41 105.12 744.12 ship 0 0.890013 votes=1
160.20 228.26 199.12 206.12 211.78 228.38 172.86 250.52 ship 0 0.878531 votes=1
400.77 542.43 441.50 545.04 440.01 568.29 399.28 565.69 ship 0 0.854392 votes=1
27.50 674.37 44.38 665.22 48.19 672.25 31.30 681.40 ship 0 0.835178 votes=1
133.36 714.03 166.78 695.46 174.06 708.56 140.64 727.13 ship 0 0.826101 votes=1
