177.69 136.04 179.04 81.23 196.64 81.66 195.29 136.48 ship 0 0.998818 votes=1
1.36 778.95 33.71 779.27 33.58 792.57 1.23 792.24 ship 0 0.996003 votes=1
204.42 784.46 235.06 783.66 235.37 795.58 204.73 796.37 ship 0 0.993353 votes=1
55.97 778.86 86.15 779.18 86.02 791.67 55.84 791.35 ship 0 0.991998 votes=1
206.94 768.69 233.50 768.07 233.76 779.41 207.20 780.02 ship 0 0.980151 votes=1
443.72 244.27 445.09 102.17 481.86 102.52 480.49 244.62 harbor 0 0.970598 votes=1
84.67 155.86 186.66 158.39 186.41 168.47 84.42 165.94 harbor 0 0.963796 votes=1
412.21 42.71 440.65 42.51 440.73 53.26 412.28 53.45 ship 0 0.963705 votes=1
82.36 230.39 186.16 231.83 186.03 240.95 82.24 239.51 harbor 0 0.948202 votes=1
83.08 199.18 186.97 200.68 186.83 209.99 82.95 208.49 harbor 0 0.941564 votes=1
414.86 24.82 436.31 25.82 435.88 34.99 414.43 34.00 ship 0 0.820573 votes=1
92.01 268.69 179.46 269.64 179.35 280.02 91.90 279.06 harbor 0 0.629056 votes=1
