260.13 511.17 347.12 501.35 350.25 529.12 263.27 538.94 ship 0 0.999304 votes=1
561.88 374.75 663.71 367.66 665.99 400.41 564.16 407.50 ship 0 0.999208 votes=1
88.74 544.20 168.20 534.88 171.30 561.32 91.84 570.63 ship 0 0.999207 votes=1
573.21 467.26 672.84 456.09 676.85 491.83 577.22 503.00 ship 0 0.999207 votes=1
606.24 693.70 700.82 682.05 704.84 714.68 610.26 726.33 ship 0 0.999137 votes=1
256.59 324.99 379.85 307.50 385.65 348.33 262.38 365.83 ship 0 0.999116 votes=1
83.37 492.85 153.08 488.09 154.78 513.03 85.07 517.78 ship 0 0.999061 votes=1
599.61 650.12 688.90 644.62 690.72 674.18 601.43 679.68 ship 0 0.999019 votes=1
542.58 263.19 662.68 251.36 666.97 294.87 546.87 306.70 ship 0 0.998989 votes=1
395.54 547.72 467.81 537.78 471.30 563.11 399.03 573.05 ship 0 0.998814 votes=1
397.87 632.61 479.86 628.85 481.05 654.72 399.06 658.48 ship 0 0.998696 votes=1
28.22 361.15 127.00 349.23 130.51 378.31 31.73 390.24 ship 0 0.998695 votes=1
121.79 668.34 172.73 659.43 176.69 682.06 125.75 690.98 ship 0 0.998096 votes=1
370.91 419.54 450.25 406.43 454.73 433.58 375.39 446.69 ship 0 0.997589 votes=1
447.19 328.39 485.78 778.64 300.92 794.49 262.32 344.24 harbor 0 0.982528 votes=1
122.57 360.43 204.79 774.52 102.28 794.87 20.06 380.79 harbor 0 0.939507 votes=1
789.82 292.01 819.86 790.88 600.07 804.12 570.03 305.25 harbor 0 0.893519 votes=1
