555.27 461.68 573.84 495.21 564.33 500.47 545.76 466.95 ship 0 0.993457 votes=1
325.09 573.89 342.27 602.15 334.09 607.12 316.91 578.86 ship 0 0.992976 votes=1
449.07 233.41 467.57 270.58 457.59 275.54 439.09 238.38 ship 0 0.991355 votes=1
490.10 322.36 504.87 351.91 496.58 356.06 481.80 326.51 ship 0 0.990852 votes=1
623.27 117.45 631.35 134.86 625.36 137.64 617.28 120.23 ship 0 0.990252 votes=1
551.57 591.92 563.35 619.41 553.18 623.77 541.39 596.28 ship 0 0.989453 votes=1
377.91 717.82 393.34 744.99 383.80 750.40 368.38 723.23 ship 0 0.988999 votes=1
507.09 499.21 527.75 533.05 517.71 539.19 497.05 505.34 ship 0 0.988409 votes=1
400.23 311.94 425.16 326.32 420.02 335.24 395.08 320.86 ship 0 0.984675 votes=1
449.78 272.94 466.05 306.27 456.07 311.15 439.80 277.81 ship 0 0.983682 votes=1
582.89 500.94 594.84 528.87 579.80 535.30 567.86 507.37 ship 0 0.982585 votes=1
482.18 504.06 492.32 522.47 485.28 526.35 475.13 507.95 ship 0 0.980740 votes=1
374.62 354.71 395.05 365.91 390.75 373.76 370.31 362.56 ship 0 0.980647 votes=1
543.03 503.07 559.62 529.60 552.76 533.89 536.17 507.36 ship 0 0.974533 votes=1
375.98 283.78 400.90 299.75 395.93 307.51 371.01 291.54 ship 0 0.970387 votes=1
305.29 675.42 320.44 666.28 323.94 672.09 308.79 681.22 ship 0 0.969164 votes=1
310.81 617.11 326.91 608.03 330.47 614.34 314.37 623.42 ship 0 0.969038 votes=1
396.60 560.13 407.55 576.57 400.88 581.01 389.94 564.56 ship 0 0.968842 votes=1
412.97 293.09 434.81 308.12 430.36 314.58 408.52 299.55 ship 0 0.968295 votes=1
252.44 320.06 379.50 105.13 429.80 134.87 302.73 349.80 ship 0 0.967085 votes=1
296.17 661.40 311.82 653.21 315.06 659.40 299.41 667.59 ship 0 0.965435 votes=1
357.21 382.52 381.61 393.30 377.83 401.87 353.43 391.08 ship 0 0.962104 votes=1
409.92 553.27 419.01 572.34 411.63 575.86 402.54 556.79 ship 0 0.961779 votes=1
521.18 384.40 533.56 416.34 524.49 419.86 512.11 387.92 ship 0 0.959051 votes=1
591.43 676.04 597.11 698.80 589.05 700.81 583.37 678.05 ship 0 0.958827 votes=1
338.74 411.31 358.72 422.87 354.44 430.27 334.46 418.71 ship 0 0.958628 votes=1
426.70 541.62 435.08 559.99 427.84 563.29 419.46 544.92 ship 0 0.958266 votes=1
428.44 573.62 437.97 589.69 431.74 593.40 422.20 577.32 ship 0 0.954853 votes=1
489.43 355.05 500.99 385.68 490.79 389.53 479.23 358.90 ship 0 0.952046 votes=1
556.42 498.83 567.25 529.33 557.38 532.83 546.55 502.33 ship 0 0.951641 votes=1
352.17 392.76 373.79 406.94 369.22 413.90 347.60 399.72 ship 0 0.950500 votes=1
364.19 373.27 384.07 385.57 379.95 392.22 360.08 379.92 ship 0 0.949902 votes=1
411.35 583.37 421.63 599.10 415.41 603.17 405.12 587.44 ship 0 0.946561 votes=1
382.25 344.73 403.79 357.08 399.22 365.04 377.68 352.70 ship 0 0.945566 votes=1
346.48 676.86 362.71 664.94 367.32 671.21 351.09 683.13 ship 0 0.943651 votes=1
445.03 562.01 455.50 578.31 449.52 582.15 439.05 565.86 ship 0 0.941450 votes=1
304.52 603.39 320.54 595.46 323.82 602.09 307.80 610.02 ship 0 0.930338 votes=1
494.33 528.78 505.39 544.91 500.19 548.47 489.13 532.34 ship 0 0.929947 votes=1
434.41 397.97 461.35 424.34 453.97 431.88 427.03 405.51 ship 0 0.923209 votes=1
461.96 549.46 471.06 567.16 464.74 570.41 455.64 552.71 ship 0 0.920912 votes=1
448.60 528.11 458.52 544.81 451.68 548.88 441.75 532.18 ship 0 0.919484 votes=1
315.31 526.51 331.35 539.02 327.62 543.81 311.58 531.30 ship 0 0.917569 votes=1
562.88 712.62 567.36 731.19 559.94 732.98 555.46 714.41 ship 0 0.902927 votes=1
379.97 572.15 389.15 588.83 382.95 592.24 373.77 575.56 ship 0 0.896265 votes=1
466.03 357.32 483.13 348.91 486.31 355.36 469.20 363.77 ship 0 0.890333 votes=1
393.95 323.77 419.57 337.79 415.44 345.34 389.82 331.32 ship 0 0.890092 votes=1
383.31 275.66 405.39 292.01 401.17 297.72 379.08 281.36 ship 0 0.887587 votes=1
292.60 480.48 311.80 490.12 308.21 497.26 289.01 487.62 ship 0 0.884412 votes=1
576.62 679.87 581.68 700.54 572.21 702.86 567.15 682.19 ship 0 0.878347 votes=1
385.21 334.05 409.46 347.11 405.21 355.00 380.96 341.94 ship 0 0.873350 votes=1
471.06 280.42 481.14 306.97 472.62 310.20 462.55 283.66 ship 0 0.866436 votes=1
281.89 500.25 297.85 509.33 295.03 514.27 279.08 505.19 ship 0 0.863823 votes=1
582.14 708.26 589.71 727.36 582.26 730.31 574.69 711.21 ship 0 0.848737 votes=1
463.15 519.13 471.35 535.13 464.94 538.42 456.73 522.42 ship 0 0.848721 votes=1
323.16 634.94 339.96 627.47 342.73 633.71 325.94 641.17 ship 0 0.848559 votes=1
285.96 638.42 301.50 631.09 304.64 637.76 289.10 645.08 ship 0 0.847099 votes=1
363.63 300.66 391.41 315.92 385.98 325.80 358.20 310.54 ship 0 0.846853 votes=1
270.77 517.41 286.30 526.94 282.72 532.77 267.19 523.24 ship 0 0.844594 votes=1
418.94 284.67 442.62 300.62 438.30 307.03 414.62 291.09 ship 0 0.843247 votes=1
304.75 467.11 320.61 474.28 318.16 479.70 302.30 472.53 ship 0 0.825123 votes=1
372.27 533.86 377.83 547.00 371.49 549.69 365.93 536.54 ship 0 0.811378 votes=1
323.75 370.53 347.80 385.80 342.24 394.56 318.19 379.30 ship 0 0.801914 votes=1
344.95 541.21 353.83 553.27 347.51 557.93 338.63 545.87 ship 0 0.787498 votes=1
269.00 607.02 281.71 598.21 285.47 603.63 272.76 612.44 ship 0 0.774868 votes=1
325.34 434.13 340.81 442.97 337.26 449.17 321.80 440.33 ship 0 0.773913 votes=1
312.53 385.79 338.66 399.48 333.29 409.73 307.16 396.04 ship 0 0.752169 votes=1
371.11 294.83 396.04 309.20 391.55 316.99 366.62 302.62 ship 0 0.748437 votes=1
327.21 641.48 341.81 632.72 348.89 644.51 334.29 653.27 ship 0 0.748269 votes=1
257.27 582.96 270.73 574.71 274.69 581.17 261.23 589.42 ship 0 0.723626 votes=1
353.52 623.86 364.19 643.64 357.30 647.35 346.63 627.58 ship 0 0.720984 votes=1
302.53 401.40 330.12 417.67 323.33 429.17 295.74 412.90 ship 0 0.699213 votes=1
296.41 418.16 318.04 430.49 313.35 438.72 291.72 426.39 ship 0 0.696832 votes=1
345.31 398.34 366.54 413.03 362.37 419.06 341.13 404.37 ship 0 0.685683 votes=1
255.88 540.16 342.98 706.15 307.35 724.84 220.25 558.86 harbor 0 0.677545 votes=1
320.82 611.22 511.55 485.18 537.02 523.71 346.28 649.75 harbor 0 0.672671 votes=1
315.61 448.99 330.94 457.78 327.27 464.18 311.94 455.39 ship 0 0.647620 votes=1
596.06 589.19 608.72 618.04 602.38 620.82 589.72 591.97 ship 0 0.641287 votes=1
358.15 613.71 386.44 598.52 391.44 607.85 363.15 623.03 ship 0 0.615150 votes=1
223.83 558.32 407.15 235.52 454.63 262.48 271.31 585.28 harbor 0 0.607491 votes=1
504.29 521.43 516.04 537.11 511.09 540.81 499.35 525.14 ship 0 0.606013 votes=1
