248.86 387.32 249.78 555.75 171.21 556.18 170.29 387.75 tenniscourt 0 0.999456 votes=1
145.00 122.65 146.40 291.45 67.53 292.10 66.13 123.30 tenniscourt 0 0.999455 votes=1
762.03 117.33 762.94 285.39 683.91 285.82 683.00 117.76 tenniscourt 0 0.999450 votes=1
763.61 384.44 763.87 551.51 684.71 551.63 684.45 384.56 tenniscourt 0 0.999431 votes=1
661.81 385.31 662.41 551.96 583.22 552.24 582.62 385.59 tenniscourt 0 0.999430 votes=1
247.61 121.38 248.55 290.10 169.17 290.54 168.22 121.83 tenniscourt 0 0.999429 votes=1
148.18 387.68 149.00 557.17 68.78 557.56 67.96 388.07 tenniscourt 0 0.999417 votes=1
660.41 119.00 660.99 286.32 581.20 286.60 580.63 119.27 tenniscourt 0 0.999409 votes=1
533.41 119.48 535.02 286.94 454.90 287.71 453.30 120.25 tenniscourt 0 0.999408 votes=1
374.20 120.76 375.26 288.66 295.81 289.16 294.76 121.26 tenniscourt 0 0.999402 votes=1
534.16 385.33 535.59 552.66 456.88 553.33 455.45 386.00 tenniscourt 0 0.999401 votes=1
375.93 385.88 377.22 554.12 297.59 554.73 296.30 386.49 tenniscourt 0 0.999371 votes=1
