292.32 284.77 300.71 437.33 228.25 441.31 219.86 288.76 tenniscourt 0 0.999373 votes=1
621.02 501.04 629.15 656.52 556.47 660.32 548.34 504.84 tenniscourt 0 0.999365 votes=1
606.96 265.98 615.82 419.32 542.74 423.55 533.88 270.20 tenniscourt 0 0.999338 votes=1
502.23 271.35 510.78 424.70 437.76 428.76 429.21 275.42 tenniscourt 0 0.999317 votes=1
397.60 277.43 406.10 431.22 332.99 435.26 324.49 281.47 tenniscourt 0 0.999309 votes=1
516.00 508.42 524.13 661.59 450.66 665.50 442.53 512.32 tenniscourt 0 0.999286 votes=1
411.19 512.74 419.38 667.13 346.10 671.02 337.91 516.63 tenniscourt 0 0.999240 votes=1
306.09 519.27 314.06 673.00 241.56 676.75 233.60 523.02 tenniscourt 0 0.999202 votes=1
129.87 385.81 134.54 474.10 93.15 476.29 88.48 387.99 tenniscourt 0 0.998691 votes=1
206.27 616.50 211.54 705.48 169.36 707.97 164.09 619.00 tenniscourt 0 0.998533 votes=1
199.22 499.67 203.71 588.53 162.39 590.62 157.90 501.76 tenniscourt 0 0.998369 votes=1
185.50 265.10 190.38 353.10 148.33 355.44 143.45 267.43 tenniscourt 0 0.998309 votes=1
123.79 268.21 128.49 358.11 86.32 360.31 81.62 270.42 tenniscourt 0 0.998202 votes=1
143.62 620.45 148.70 709.43 106.97 711.81 101.88 622.83 tenniscourt 0 0.998092 votes=1
191.41 381.86 196.91 470.75 155.99 473.28 150.50 384.40 tenniscourt 0 0.998007 votes=1
136.96 503.89 141.73 592.42 99.76 594.68 94.99 506.15 tenniscourt 0 0.997393 votes=1
