486.10 469.73 541.98 468.61 542.35 487.18 486.47 488.30 ship 0 0.999439 votes=1
614.29 121.99 614.82 186.03 592.84 186.21 592.31 122.17 ship 0 0.999240 votes=1
222.75 383.74 273.54 385.47 272.95 402.60 222.17 400.87 ship 0 0.999157 votes=1
207.25 441.28 259.09 456.40 253.55 475.39 201.71 460.27 ship 0 0.999050 votes=1
145.28 383.33 197.07 385.36 196.39 402.67 144.60 400.64 ship 0 0.999038 votes=1
613.45 56.12 620.83 9.98 637.86 12.71 630.49 58.84 ship 0 0.998826 votes=1
336.69 162.39 338.30 220.85 319.62 221.36 318.01 162.90 ship 0 0.998781 votes=1
708.07 312.67 777.75 337.87 770.73 357.28 701.05 332.07 ship 0 0.998774 votes=1
97.50 582.72 104.96 537.06 120.79 539.64 113.34 585.31 ship 0 0.998687 votes=1
582.20 155.18 582.32 191.30 569.01 191.35 568.89 155.23 ship 0 0.998672 votes=1
461.73 552.71 504.98 552.50 505.06 568.81 461.81 569.02 ship 0 0.998387 votes=1
309.07 164.25 310.70 208.24 295.42 208.81 293.79 164.82 ship 0 0.998346 votes=1
685.44 386.91 730.31 401.41 725.77 415.48 680.90 400.98 ship 0 0.997762 votes=1
628.32 556.41 668.68 565.91 665.52 579.31 625.17 569.81 ship 0 0.997160 votes=1
122.42 574.75 132.98 543.53 144.76 547.52 134.20 578.73 ship 0 0.997116 votes=1
422.42 578.26 439.14 359.00 589.59 370.46 572.88 589.73 harbor 0 0.967027 votes=1
634.37 574.54 711.06 330.88 772.79 350.31 696.09 593.97 harbor 0 0.945374 votes=1
716.86 585.08 739.49 585.99 739.17 594.02 716.54 593.11 ship 0 0.917121 votes=1
133.09 587.40 150.82 362.22 272.90 371.83 255.17 597.01 harbor 0 0.913201 votes=1
3.86 157.81 605.60 137.56 607.61 197.44 5.87 217.68 harbor 0 0.870310 votes=1
621.22 3.56 797.41 39.00 792.06 65.58 615.87 30.15 harbor 0 0.742602 votes=1
