331.22 316.91 356.78 260.89 373.17 268.37 347.62 324.39 ship 0 0.999208 votes=1
236.13 382.06 262.47 318.24 282.13 326.35 255.80 390.18 ship 0 0.999130 votes=1
271.47 293.36 306.14 225.66 327.37 236.53 292.70 304.24 ship 0 0.999031 votes=1
406.25 350.36 431.11 294.52 452.05 303.84 427.20 359.68 ship 0 0.999029 votes=1
396.51 450.58 425.21 383.66 445.57 392.39 416.87 459.31 ship 0 0.999002 votes=1
563.97 426.66 589.23 374.39 606.51 382.74 581.25 435.01 ship 0 0.998967 votes=1
284.72 418.40 315.37 342.70 338.74 352.17 308.09 427.86 ship 0 0.998949 votes=1
363.93 441.30 395.89 373.23 417.17 383.23 385.22 451.29 ship 0 0.998758 votes=1
536.99 417.43 562.74 361.34 582.28 370.31 556.53 426.40 ship 0 0.998729 votes=1
418.76 466.72 447.65 400.19 468.07 409.06 439.18 475.58 ship 0 0.998550 votes=1
503.33 495.26 529.03 434.45 546.43 441.80 520.72 502.61 ship 0 0.998282 votes=1
302.39 308.77 325.12 251.07 343.45 258.29 320.73 315.99 ship 0 0.998175 votes=1
338.34 435.30 368.00 363.21 390.52 372.48 360.87 444.57 ship 0 0.997957 votes=1
539.27 492.02 554.91 452.39 569.38 458.10 553.73 497.73 ship 0 0.997748 votes=1
533.82 758.12 606.96 758.83 606.74 781.60 533.60 780.89 ship 0 0.995610 votes=1
645.22 318.17 648.37 360.46 634.68 361.48 631.53 319.19 ship 0 0.994088 votes=1
631.23 243.15 633.86 161.62 673.54 162.90 670.91 244.43 harbor 0 0.978787 votes=1
280.64 236.67 640.91 401.48 580.05 534.52 219.78 369.71 harbor 0 0.973340 votes=1
643.01 64.66 678.39 2.16 709.48 19.76 674.10 82.26 harbor 0 0.951397 votes=1
543.17 784.71 632.46 784.68 632.46 804.57 543.18 804.59 ship 0 0.891804 votes=1
402.72 124.75 446.45 72.66 486.12 105.97 442.39 158.06 harbor 0 0.828326 votes=1
12.22 200.05 59.92 309.21 40.77 317.58 -6.93 208.42 harbor 0 0.613321 votes=1
