165.67 167.29 209.84 167.92 209.39 199.88 165.22 199.25 airplane 0 0.999469 votes=1
25.47 368.36 136.43 362.11 141.17 446.10 30.21 452.36 airplane 0 0.999428 votes=1
498.44 167.74 536.67 166.83 537.41 198.23 499.18 199.13 airplane 0 0.999372 votes=1
394.18 362.57 400.15 407.82 366.15 412.30 360.18 367.05 airplane 0 0.999243 votes=1
439.39 349.72 441.29 396.02 410.68 397.28 408.77 350.98 airplane 0 0.999224 votes=1
67.17 168.41 115.15 166.76 116.17 196.47 68.19 198.11 airplane 0 0.999157 votes=1
142.97 195.95 183.77 194.82 184.73 229.64 143.94 230.76 airplane 0 0.999130 votes=1
765.06 376.83 799.35 376.10 800.09 410.22 765.79 410.96 airplane 0 0.999064 votes=1
403.93 169.04 443.82 168.20 444.40 196.09 404.51 196.93 airplane 0 0.998850 votes=1
91.91 196.00 137.61 194.50 138.78 230.16 93.08 231.65 airplane 0 0.998800 votes=1
624.21 395.01 664.61 386.21 670.29 412.30 629.89 421.10 airplane 0 0.998719 votes=1
521.69 193.26 564.61 193.99 564.03 228.12 521.12 227.39 airplane 0 0.998247 votes=1
510.46 296.55 523.31 340.57 493.03 349.41 480.18 305.39 airplane 0 0.998046 votes=1
425.44 197.00 467.98 196.35 468.41 224.22 425.87 224.87 airplane 0 0.997963 votes=1
472.16 199.35 514.34 195.41 516.91 222.89 474.73 226.83 airplane 0 0.997855 votes=1
378.10 202.57 418.05 200.43 419.35 224.79 379.40 226.93 airplane 0 0.996804 votes=1
357.22 173.78 392.33 172.16 393.54 198.35 358.43 199.98 airplane 0 0.996326 votes=1
792.76 744.92 796.67 785.31 767.93 788.09 764.03 747.70 airplane 0 0.994353 votes=1
236.78 191.23 281.98 191.10 282.08 224.99 236.88 225.13 airplane 0 0.993065 votes=1
667.84 385.98 714.75 383.01 716.45 409.92 669.54 412.89 airplane 0 0.992913 votes=1
258.58 173.94 302.81 173.47 303.07 198.56 258.85 199.03 airplane 0 0.992564 votes=1
714.40 387.16 748.71 382.89 751.94 408.78 717.63 413.06 airplane 0 0.990396 votes=1
438.13 301.16 441.80 343.97 413.19 346.42 409.52 303.61 airplane 0 0.988288 votes=1
329.90 191.82 372.97 188.31 375.65 221.18 332.57 224.69 airplane 0 0.984536 votes=1
285.34 191.44 327.49 190.88 327.91 222.91 285.76 223.47 airplane 0 0.976350 votes=1
