699.27 267.20 699.67 188.10 727.72 188.24 727.31 267.34 ship 0 0.999512 votes=1
550.21 263.62 552.43 193.53 577.92 194.34 575.69 264.43 ship 0 0.999011 votes=1
352.60 186.97 353.61 252.25 328.86 252.64 327.85 187.35 ship 0 0.998978 votes=1
81.67 245.10 165.96 238.18 168.12 264.43 83.83 271.35 ship 0 0.998867 votes=1
722.43 402.41 725.63 340.77 748.17 341.94 744.98 403.58 ship 0 0.998721 votes=1
297.58 244.04 297.64 187.96 318.31 187.98 318.25 244.06 ship 0 0.998591 votes=1
229.22 322.30 236.52 380.98 215.08 383.65 207.77 324.98 ship 0 0.998584 votes=1
692.35 189.40 692.96 262.30 667.04 262.51 666.43 189.62 ship 0 0.998581 votes=1
93.69 354.79 168.40 355.87 168.06 379.19 93.35 378.11 ship 0 0.998569 votes=1
424.89 189.94 425.82 259.06 401.93 259.38 400.99 190.26 ship 0 0.998536 votes=1
458.70 188.98 459.55 259.12 432.58 259.45 431.73 189.31 ship 0 0.998400 votes=1
75.71 276.78 164.64 274.34 165.34 299.90 76.41 302.34 ship 0 0.998179 votes=1
237.86 192.26 244.43 271.81 201.38 275.37 194.81 195.81 ship 0 0.997785 votes=1
363.67 258.66 363.78 189.93 389.19 189.97 389.08 258.70 ship 0 0.994485 votes=1
166.67 179.92 755.11 174.67 755.94 266.93 167.49 272.18 harbor 0 0.879469 votes=1
508.22 360.67 737.87 341.69 743.96 415.30 514.31 434.28 harbor 0 0.636016 votes=1
