648.32 685.17 655.26 510.01 736.22 513.21 729.29 688.37 tenniscourt 0 0.999395 votes=1
181.37 789.68 188.70 615.14 271.97 618.64 264.64 793.18 tenniscourt 0 0.999384 votes=1
263.69 404.69 269.84 230.62 352.54 233.54 346.39 407.61 tenniscourt 0 0.999382 votes=1
50.34 783.61 58.19 609.59 140.70 613.31 132.85 787.33 tenniscourt 0 0.999374 votes=1
395.43 409.75 401.69 235.78 483.91 238.74 477.65 412.71 tenniscourt 0 0.999372 votes=1
527.33 415.54 533.53 240.88 616.18 243.81 609.97 418.48 tenniscourt 0 0.999361 votes=1
384.11 696.97 390.27 522.35 473.07 525.27 466.91 699.89 tenniscourt 0 0.999352 votes=1
516.53 703.41 521.70 527.15 603.87 529.56 598.70 705.83 tenniscourt 0 0.999349 votes=1
128.11 505.22 133.99 330.91 215.91 333.67 210.03 507.98 tenniscourt 0 0.999342 votes=1
659.40 420.53 665.39 245.50 747.56 248.31 741.57 423.35 tenniscourt 0 0.999336 votes=1
