318.62 522.68 355.92 583.20 299.80 617.79 262.50 557.27 airplane 0 0.999270 votes=1
60.62 96.21 94.63 150.66 43.95 182.32 9.93 127.86 airplane 0 0.999222 votes=1
359.57 587.18 395.26 648.91 336.39 682.94 300.71 621.20 airplane 0 0.999201 votes=1
372.63 298.96 408.19 354.94 355.03 388.71 319.47 332.72 airplane 0 0.999137 votes=1
297.30 178.74 330.33 235.13 277.27 266.21 244.24 209.83 airplane 0 0.999119 votes=1
98.30 154.80 133.70 208.05 82.06 242.39 46.66 189.14 airplane 0 0.999104 votes=1
137.10 214.15 167.83 268.77 113.23 299.48 82.51 244.87 airplane 0 0.999096 votes=1
280.72 462.17 314.98 517.40 261.18 550.77 226.92 495.54 airplane 0 0.999089 votes=1
221.72 61.16 254.97 115.30 204.88 146.06 171.63 91.93 airplane 0 0.999046 votes=1
188.46 5.22 218.82 58.22 167.49 87.62 137.13 34.63 airplane 0 0.998977 votes=1
257.71 123.02 292.02 174.10 242.47 207.38 208.16 156.29 airplane 0 0.998819 votes=1
