462.01 617.85 464.79 593.21 475.40 594.40 472.62 619.05 vehicle 0 0.999368 votes=1
285.88 508.11 307.92 497.97 312.47 507.84 290.42 517.99 vehicle 0 0.999300 votes=1
755.73 364.51 781.73 352.48 786.28 362.31 760.28 374.34 vehicle 0 0.999219 votes=1
504.17 362.12 508.99 336.00 519.24 337.89 514.43 364.01 vehicle 0 0.999076 votes=1
137.91 546.95 159.06 530.39 165.62 538.77 144.47 555.33 vehicle 0 0.999032 votes=1
667.66 463.63 671.56 438.03 681.74 439.59 677.84 465.18 vehicle 0 0.998869 votes=1
353.40 494.73 380.61 483.72 385.67 496.23 358.46 507.23 vehicle 0 0.997735 votes=1
205.48 537.68 224.41 528.52 228.98 537.97 210.06 547.13 vehicle 0 0.996090 votes=1
598.64 537.64 656.59 71.17 750.43 82.82 692.48 549.30 overpass 0 0.995915 votes=1
589.97 358.73 613.55 348.59 617.90 358.69 594.32 368.83 vehicle 0 0.995650 votes=1
748.90 290.12 768.33 281.72 772.42 291.19 753.00 299.59 vehicle 0 0.995341 votes=1
430.57 610.33 485.24 154.96 579.88 166.32 525.20 621.69 overpass 0 0.994725 votes=1
