362.07 349.73 363.18 465.39 309.25 465.91 308.15 350.24 tenniscourt 0 0.999236 votes=1
361.38 172.85 363.18 288.33 308.65 289.18 306.84 173.70 tenniscourt 0 0.999224 votes=1
329.58 637.32 330.44 506.71 407.37 507.22 406.51 637.83 basketballcourt 0 0.999044 votes=1
579.34 507.75 579.71 636.77 504.29 636.99 503.92 507.97 basketballcourt 0 0.999002 votes=1
320.30 508.35 320.74 637.90 243.63 638.16 243.19 508.61 basketballcourt 0 0.998903 votes=1
416.63 636.96 417.01 507.79 493.46 508.01 493.09 637.18 basketballcourt 0 0.998886 votes=1
431.19 170.65 431.73 289.01 378.85 289.25 378.31 170.89 tenniscourt 0 0.998821 votes=1
433.01 348.72 433.52 464.50 379.49 464.74 378.98 348.96 tenniscourt 0 0.998765 votes=1
573.18 347.30 573.69 464.92 519.53 465.15 519.01 347.53 tenniscourt 0 0.998625 votes=1
573.21 170.05 573.34 288.29 518.05 288.34 517.92 170.11 tenniscourt 0 0.998488 votes=1
502.84 170.71 503.50 288.07 447.87 288.38 447.21 171.03 tenniscourt 0 0.998482 votes=1
448.55 465.00 448.85 347.43 504.83 347.57 504.52 465.14 tenniscourt 0 0.998465 votes=1
