501.06 427.33 507.62 443.34 500.80 446.13 494.24 430.13 vehicle 0 0.986798 votes=1
679.22 69.56 685.82 83.49 679.50 86.49 672.90 72.56 vehicle 0 0.986314 votes=1
132.61 298.45 144.12 309.48 139.10 314.72 127.59 303.69 vehicle 0 0.985088 votes=1
286.27 277.83 295.20 291.76 289.56 295.37 280.63 281.44 vehicle 0 0.984295 votes=1
578.51 393.42 584.71 407.76 578.25 410.54 572.06 396.21 vehicle 0 0.984078 votes=1
228.92 242.58 241.67 250.78 237.70 256.94 224.95 248.75 vehicle 0 0.981581 votes=1
718.11 108.83 724.25 119.76 718.10 123.22 711.96 112.29 vehicle 0 0.971944 votes=1
554.25 403.75 561.63 418.60 555.49 421.65 548.12 406.80 vehicle 0 0.966630 votes=1
741.67 41.47 747.29 54.23 740.91 57.04 735.29 44.28 vehicle 0 0.959246 votes=1
627.25 95.97 633.62 110.76 627.23 113.52 620.86 98.72 vehicle 0 0.955101 votes=1
638.37 364.45 645.67 378.50 639.22 381.85 631.92 367.79 vehicle 0 0.952326 votes=1
364.94 286.91 371.90 273.97 378.41 277.48 371.45 290.41 vehicle 0 0.952179 votes=1
97.01 74.05 110.45 81.25 107.30 87.13 93.86 79.93 vehicle 0 0.951986 votes=1
718.97 -0.23 725.75 14.19 719.47 17.14 712.69 2.72 vehicle 0 0.951531 votes=1
290.08 306.14 297.93 319.76 292.22 323.05 284.37 309.44 vehicle 0 0.951373 votes=1
667.98 367.49 675.24 379.97 669.23 383.46 661.98 370.98 vehicle 0 0.948377 votes=1
668.34 349.05 674.45 362.33 668.46 365.09 662.35 351.81 vehicle 0 0.946566 votes=1
248.52 296.95 258.24 312.27 251.86 316.32 242.14 301.00 vehicle 0 0.945345 votes=1
323.62 241.07 336.23 249.53 332.35 255.31 319.74 246.86 vehicle 0 0.944714 votes=1
306.28 293.64 312.77 309.50 306.51 312.06 300.03 296.20 vehicle 0 0.938874 votes=1
172.00 401.87 285.20 356.47 298.57 389.81 185.37 435.21 trainstation 0 0.931378 votes=1
265.16 292.57 272.81 303.92 267.16 307.73 259.51 296.38 vehicle 0 0.929892 votes=1
556.17 426.01 559.02 439.40 546.69 442.02 543.85 428.63 vehicle 0 0.924095 votes=1
522.05 432.13 530.16 447.55 522.77 451.43 514.66 436.02 vehicle 0 0.916777 votes=1
608.13 341.53 623.24 335.56 625.91 342.33 610.81 348.30 vehicle 0 0.912073 votes=1
754.41 32.49 761.34 44.50 755.51 47.86 748.58 35.86 vehicle 0 0.906337 votes=1
667.50 313.74 685.48 306.54 688.41 313.88 670.43 321.07 vehicle 0 0.891700 votes=1
235.26 226.15 251.19 236.08 247.40 242.15 231.48 232.22 vehicle 0 0.891394 votes=1
522.62 152.62 536.52 146.86 539.09 153.05 525.19 158.81 vehicle 0 0.886645 votes=1
623.53 370.11 631.16 385.16 624.86 388.35 617.23 373.31 vehicle 0 0.883215 votes=1
658.78 10.71 665.92 27.93 659.67 30.52 652.53 13.30 vehicle 0 0.882771 votes=1
170.61 68.91 179.50 51.58 186.88 55.36 177.99 72.70 vehicle 0 0.880676 votes=1
58.24 448.58 64.14 463.05 57.18 465.89 51.28 451.42 vehicle 0 0.862990 votes=1
785.45 76.43 793.90 90.09 787.78 93.87 779.34 80.21 vehicle 0 0.855008 votes=1
740.35 60.53 745.99 72.84 740.08 75.54 734.44 63.24 vehicle 0 0.845143 votes=1
695.37 343.75 705.80 366.90 698.73 370.08 688.30 346.93 vehicle 0 0.837850 votes=1
663.54 76.97 670.99 88.67 665.97 91.87 658.51 80.17 vehicle 0 0.829668 votes=1
283.98 192.94 298.78 199.41 296.07 205.63 281.26 199.16 vehicle 0 0.823132 votes=1
262.54 221.90 276.87 228.74 273.10 236.65 258.77 229.82 vehicle 0 0.811987 votes=1
464.41 50.28 480.25 54.87 478.42 61.19 462.58 56.60 vehicle 0 0.793919 votes=1
501.76 447.47 508.16 461.61 501.43 464.65 495.04 450.52 vehicle 0 0.780509 votes=1
608.55 378.26 616.38 395.10 609.47 398.31 601.64 381.47 vehicle 0 0.775543 votes=1
336.57 1.49 352.39 9.97 349.27 15.80 333.45 7.32 vehicle 0 0.763575 votes=1
778.66 21.92 784.51 36.35 778.29 38.87 772.43 24.45 vehicle 0 0.747249 votes=1
551.64 48.71 561.08 65.29 555.46 68.48 546.03 51.91 vehicle 0 0.734393 votes=1
152.21 357.97 161.05 373.18 152.78 377.99 143.94 362.78 vehicle 0 0.718531 votes=1
651.41 19.29 657.78 33.85 651.06 36.80 644.69 22.23 vehicle 0 0.710291 votes=1
259.66 226.58 272.04 236.71 265.30 244.95 252.92 234.82 vehicle 0 0.691535 votes=1
532.61 375.57 548.11 371.15 550.26 378.68 534.76 383.10 vehicle 0 0.659514 votes=1
