533.29 96.24 585.79 125.82 580.81 134.65 528.32 105.07 vehicle 0 0.994438 votes=1
331.24 186.67 385.68 214.18 380.25 224.91 325.81 197.40 vehicle 0 0.993664 votes=1
594.46 323.69 649.93 346.10 645.89 356.10 590.42 333.68 vehicle 0 0.993653 votes=1
394.26 21.77 456.53 55.56 451.49 64.86 389.21 31.07 vehicle 0 0.989770 votes=1
476.14 46.53 530.84 75.99 525.85 85.24 471.16 55.78 vehicle 0 0.989526 votes=1
731.11 196.67 746.50 212.52 740.58 218.28 725.18 202.42 vehicle 0 0.988691 votes=1
609.40 115.25 670.87 151.01 665.36 160.48 603.89 124.72 vehicle 0 0.983796 votes=1
483.41 263.25 539.10 290.11 533.95 300.80 478.26 273.94 vehicle 0 0.975812 votes=1
681.01 371.42 743.15 348.62 747.04 359.21 684.90 382.02 vehicle 0 0.966541 votes=1
451.87 166.58 460.87 193.69 450.42 197.16 441.42 170.05 vehicle 0 0.729280 votes=1
