320.03 261.37 326.81 179.48 365.73 182.70 358.95 264.60 tenniscourt 0 0.998829 votes=1
270.76 258.62 277.32 175.89 316.06 178.97 309.50 261.69 tenniscourt 0 0.998752 votes=1
518.52 277.71 524.88 195.03 563.03 197.96 556.66 280.64 tenniscourt 0 0.998663 votes=1
221.24 255.35 227.43 171.70 265.92 174.55 259.74 258.20 tenniscourt 0 0.998577 votes=1
369.95 266.14 375.97 183.55 415.24 186.41 409.22 269.00 tenniscourt 0 0.998561 votes=1
567.79 281.36 574.07 198.35 613.02 201.30 606.73 284.31 tenniscourt 0 0.998448 votes=1
419.59 270.05 425.55 186.96 464.33 189.74 458.37 272.83 tenniscourt 0 0.998439 votes=1
469.02 273.41 474.83 191.47 513.83 194.23 508.02 276.17 tenniscourt 0 0.998319 votes=1
167.89 329.08 746.49 369.34 723.70 696.91 145.10 656.65 groundtrackfield 0 0.998282 votes=1
462.75 774.93 466.18 708.39 501.45 710.21 498.02 776.75 basketballcourt 0 0.995948 votes=1
519.23 777.45 522.99 711.74 557.09 713.69 553.33 779.40 basketballcourt 0 0.931122 votes=1
