180.00 188.86 344.71 200.89 338.59 284.68 173.88 272.66 Expressway-toll-station 0 0.999142 votes=1
485.40 513.80 486.19 432.82 564.64 433.58 563.85 514.56 Expressway-toll-station 0 0.995697 votes=1
517.65 718.05 518.11 741.48 507.99 741.68 507.53 718.25 vehicle 0 0.992966 votes=1
408.66 259.11 410.98 229.51 420.66 230.27 418.33 259.87 vehicle 0 0.988094 votes=1
520.02 135.15 520.34 154.07 510.90 154.23 510.58 135.31 vehicle 0 0.978385 votes=1
357.05 677.59 357.53 655.94 366.56 656.14 366.08 677.79 vehicle 0 0.971493 votes=1
537.57 625.68 537.57 647.49 527.69 647.49 527.69 625.69 vehicle 0 0.962669 votes=1
28.65 676.96 30.71 697.80 20.11 698.85 18.06 678.01 vehicle 0 0.958982 votes=1
364.96 430.42 365.20 408.51 374.06 408.61 373.82 430.51 vehicle 0 0.956654 votes=1
516.61 631.42 517.68 650.59 509.05 651.08 507.98 631.90 vehicle 0 0.933688 votes=1
381.80 698.11 382.37 738.00 369.75 738.18 369.18 698.29 vehicle 0 0.892958 votes=1
408.18 697.27 409.46 716.43 401.70 716.95 400.42 697.79 vehicle 0 0.891403 votes=1
542.46 387.31 543.25 410.70 534.14 411.00 533.35 387.62 vehicle 0 0.854066 votes=1
306.22 592.60 468.36 597.00 467.93 612.81 305.79 608.40 overpass 0 0.847291 votes=1
74.31 675.03 77.64 694.36 68.84 695.88 65.51 676.55 vehicle 0 0.781654 votes=1
