184.34 10.46 184.45 37.12 173.47 37.17 173.37 10.50 vehicle 0 0.998307 votes=1
730.82 169.43 753.91 170.38 753.49 180.34 730.41 179.38 vehicle 0 0.997668 votes=1
729.99 153.45 754.24 154.24 753.92 164.02 729.67 163.23 vehicle 0 0.995512 votes=1
732.14 192.76 755.18 196.12 753.83 205.37 730.79 202.01 vehicle 0 0.994871 votes=1
170.48 256.18 197.81 256.06 197.85 266.78 170.53 266.90 vehicle 0 0.994438 votes=1
243.12 617.42 244.29 639.55 232.30 640.19 231.13 618.06 vehicle 0 0.993685 votes=1
170.89 270.78 191.92 271.42 191.65 280.08 170.63 279.44 vehicle 0 0.988713 votes=1
245.79 748.85 246.88 773.08 234.72 773.63 233.63 749.40 vehicle 0 0.979534 votes=1
260.85 74.05 261.60 96.74 249.24 97.14 248.49 74.46 vehicle 0 0.959916 votes=1
33.25 550.37 64.60 550.57 64.53 562.27 33.18 562.08 vehicle 0 0.786668 votes=1
