192.07 514.18 293.99 513.33 294.69 597.04 192.77 597.90 storagetank 0 0.998686 votes=1
450.87 542.02 540.90 545.34 537.90 626.73 447.87 623.42 storagetank 0 0.998434 votes=1
170.50 427.71 259.86 425.05 261.89 493.49 172.54 496.14 storagetank 0 0.998391 votes=1
352.70 369.64 448.67 368.97 449.25 452.54 353.28 453.21 storagetank 0 0.997772 votes=1
377.86 608.37 414.79 609.01 414.26 639.88 377.33 639.24 storagetank 0 0.997654 votes=1
60.35 539.56 182.40 538.80 183.11 652.36 61.06 653.13 storagetank 0 0.996820 votes=1
266.77 582.41 369.65 580.51 371.23 665.78 268.35 667.69 storagetank 0 0.996210 votes=1
574.93 542.00 627.01 543.26 626.09 581.27 574.01 580.01 storagetank 0 0.995072 votes=1
623.70 543.68 700.13 546.49 697.35 622.05 620.92 619.24 storagetank 0 0.993462 votes=1
569.98 606.85 623.40 605.74 624.21 644.96 570.78 646.06 storagetank 0 0.988866 votes=1
418.80 472.29 450.47 471.74 450.94 499.03 419.27 499.58 storagetank 0 0.988374 votes=1
455.10 533.59 455.19 573.07 418.78 573.16 418.68 533.68 storagetank 0 0.978770 votes=1
366.14 532.75 411.41 532.43 411.70 574.30 366.44 574.62 storagetank 0 0.867340 votes=1
243.31 132.67 347.62 335.74 253.24 384.22 148.93 181.15 harbor 0 0.832824 votes=1
339.31 479.71 357.42 480.70 356.67 494.51 338.56 493.51 storagetank 0 0.721337 votes=1
386.01 501.32 387.45 484.21 402.88 485.52 401.44 502.62 storagetank 0 0.645468 votes=1
365.60 481.19 387.24 481.76 386.89 495.00 365.25 494.44 storagetank 0 0.636382 votes=1
