368.01 683.61 368.72 592.19 398.18 592.41 397.47 683.84 ship 0 0.999456 votes=1
206.88 461.11 299.62 460.11 299.93 488.89 207.19 489.89 ship 0 0.999395 votes=1
586.55 559.53 586.99 448.16 619.95 448.30 619.50 559.66 ship 0 0.999373 votes=1
459.19 555.84 462.17 444.30 492.09 445.10 489.11 556.64 ship 0 0.999362 votes=1
584.89 588.48 585.26 672.31 556.98 672.44 556.60 588.60 ship 0 0.999312 votes=1
215.68 377.77 296.24 380.39 295.39 406.74 214.83 404.12 ship 0 0.999304 votes=1
435.78 593.09 436.42 680.84 408.25 681.04 407.60 593.29 ship 0 0.999236 votes=1
518.64 674.56 519.57 593.28 545.39 593.57 544.46 674.85 ship 0 0.999235 votes=1
208.44 253.42 321.12 251.98 321.50 281.34 208.82 282.79 ship 0 0.999203 votes=1
286.06 185.18 287.15 114.38 312.99 114.78 311.90 185.58 ship 0 0.999158 votes=1
507.98 592.80 508.08 674.77 481.02 674.80 480.93 592.83 ship 0 0.999129 votes=1
509.89 552.79 514.40 470.87 536.91 472.11 532.40 554.03 ship 0 0.999127 votes=1
232.93 102.76 233.35 185.44 204.29 185.58 203.87 102.90 ship 0 0.999058 votes=1
578.51 460.03 578.93 558.44 546.56 558.58 546.14 460.16 ship 0 0.999032 votes=1
270.21 102.92 270.31 182.24 248.87 182.27 248.77 102.95 ship 0 0.999031 votes=1
673.53 267.24 731.12 309.77 717.52 328.19 659.93 285.67 ship 0 0.998966 votes=1
209.31 297.23 297.84 294.05 298.81 320.93 210.28 324.11 ship 0 0.998951 votes=1
207.86 418.64 276.03 417.99 276.31 447.67 208.14 448.31 ship 0 0.998920 votes=1
619.78 600.40 621.95 686.11 592.61 686.85 590.44 601.14 ship 0 0.998876 votes=1
206.34 603.73 206.91 659.89 186.89 660.09 186.32 603.93 ship 0 0.998858 votes=1
269.03 664.66 269.35 596.79 288.00 596.88 287.68 664.75 ship 0 0.998669 votes=1
150.99 114.73 152.29 196.41 126.64 196.82 125.35 115.14 ship 0 0.998629 votes=1
190.53 111.41 192.07 185.95 167.27 186.46 165.73 111.92 ship 0 0.998377 votes=1
444.84 432.90 447.01 554.74 412.28 555.36 410.11 433.52 ship 0 0.998345 votes=1
119.65 287.28 174.97 286.57 175.23 307.37 119.92 308.08 ship 0 0.998299 votes=1
215.31 666.13 216.40 598.71 237.60 599.06 236.51 666.47 ship 0 0.998228 votes=1
111.84 236.17 170.38 234.68 170.86 253.78 112.33 255.27 ship 0 0.998029 votes=1
645.70 434.20 677.74 462.36 666.64 475.00 634.59 446.84 ship 0 0.998016 votes=1
119.23 379.49 179.31 381.01 178.80 401.24 118.72 399.72 ship 0 0.997936 votes=1
218.79 213.09 314.85 215.37 314.19 243.09 218.13 240.81 ship 0 0.997901 votes=1
209.84 494.09 275.24 496.92 274.03 524.78 208.63 521.95 ship 0 0.997489 votes=1
295.11 671.49 295.46 607.38 317.28 607.50 316.93 671.61 ship 0 0.997395 votes=1
118.63 208.75 170.00 207.66 170.36 224.84 118.99 225.93 ship 0 0.997265 votes=1
327.55 187.10 328.87 107.94 354.68 108.37 353.37 187.53 ship 0 0.996808 votes=1
128.16 446.81 176.39 445.67 176.81 463.42 128.58 464.56 ship 0 0.996794 votes=1
123.07 260.48 172.06 259.34 172.48 277.15 123.49 278.29 ship 0 0.996781 votes=1
114.76 425.92 175.33 425.56 175.44 444.08 114.87 444.44 ship 0 0.996675 votes=1
122.62 508.17 176.93 507.71 177.06 523.84 122.76 524.30 ship 0 0.996593 votes=1
124.28 548.30 177.11 548.22 177.13 564.10 124.30 564.17 ship 0 0.996349 votes=1
219.05 536.04 305.00 535.53 305.16 563.86 219.21 564.37 ship 0 0.996240 votes=1
123.93 403.08 176.53 402.26 176.81 420.06 124.21 420.89 ship 0 0.995680 votes=1
708.11 348.01 755.09 375.15 745.97 390.93 699.00 363.79 ship 0 0.995257 votes=1
138.95 566.73 175.03 567.66 174.66 582.14 138.57 581.21 ship 0 0.995236 votes=1
118.55 334.87 175.06 334.42 175.24 356.32 118.72 356.78 ship 0 0.995209 votes=1
662.28 392.87 704.36 421.86 694.45 436.25 652.37 407.26 ship 0 0.995177 votes=1
121.98 311.80 176.86 311.70 176.89 331.23 122.01 331.33 ship 0 0.994506 votes=1
117.66 358.91 175.19 360.15 174.80 378.50 117.26 377.26 ship 0 0.994218 votes=1
733.08 314.27 776.90 347.74 766.78 361.00 722.96 327.53 ship 0 0.993439 votes=1
130.18 528.06 174.96 528.17 174.92 544.26 130.14 544.15 ship 0 0.993143 votes=1
255.03 598.98 256.73 641.48 240.32 642.13 238.62 599.64 ship 0 0.991780 votes=1
138.82 634.18 140.37 593.61 156.34 594.22 154.79 634.79 ship 0 0.986304 votes=1
163.58 631.98 164.96 592.02 181.84 592.60 180.46 632.56 ship 0 0.964797 votes=1
115.23 471.01 172.90 470.33 173.10 487.56 115.44 488.24 ship 0 0.962379 votes=1
316.23 130.40 316.33 628.03 123.29 628.06 123.20 130.43 harbor 0 0.872111 votes=1
123.57 487.42 177.54 485.28 178.28 503.84 124.31 505.99 ship 0 0.859131 votes=1
709.90 385.38 732.11 411.32 720.30 421.42 698.09 395.49 ship 0 0.762334 votes=1
