165.88 570.58 222.31 554.03 228.11 573.82 171.68 590.37 ship 0 0.999273 votes=1
174.36 596.95 231.92 582.22 237.24 603.02 179.68 617.74 ship 0 0.999073 votes=1
97.36 361.93 156.37 348.50 160.80 367.96 101.79 381.39 ship 0 0.998945 votes=1
124.26 186.50 181.52 174.16 185.29 191.65 128.03 203.99 ship 0 0.998838 votes=1
166.02 316.46 214.08 299.39 220.30 316.91 172.24 333.99 ship 0 0.998796 votes=1
100.75 395.10 165.66 373.21 173.02 395.00 108.10 416.90 ship 0 0.998600 votes=1
270.07 46.63 357.46 19.01 366.54 47.73 279.15 75.35 ship 0 0.998415 votes=1
351.55 296.21 362.99 334.46 350.21 338.29 338.77 300.03 ship 0 0.998407 votes=1
337.30 231.92 389.33 217.76 395.00 238.60 342.97 252.75 ship 0 0.998398 votes=1
34.28 125.60 138.56 89.40 148.65 118.48 44.37 154.68 ship 0 0.998315 votes=1
312.69 156.32 366.75 140.82 372.45 160.71 318.40 176.21 ship 0 0.998288 votes=1
157.87 542.38 214.47 526.15 220.45 546.99 163.85 563.21 ship 0 0.998192 votes=1
212.84 77.87 268.09 62.36 273.08 80.16 217.83 95.67 ship 0 0.998086 votes=1
129.86 213.82 180.49 197.09 186.99 216.77 136.36 233.50 ship 0 0.998055 votes=1
270.05 316.04 285.08 362.56 270.44 367.29 255.41 320.77 ship 0 0.997891 votes=1
307.06 663.75 310.61 733.06 287.80 734.23 284.25 664.92 ship 0 0.997882 votes=1
47.02 240.69 117.53 218.53 124.39 240.34 53.88 262.51 ship 0 0.997549 votes=1
50.10 265.06 125.55 240.73 133.30 264.76 57.85 289.09 ship 0 0.997546 votes=1
320.99 181.61 379.15 160.06 387.04 181.36 328.88 202.91 ship 0 0.997447 votes=1
130.95 467.83 187.17 448.56 193.34 466.56 137.12 485.83 ship 0 0.997260 votes=1
39.67 186.48 97.67 165.17 104.96 185.03 46.97 206.34 ship 0 0.996890 votes=1
160.58 294.90 196.37 281.06 202.06 295.78 166.27 309.61 ship 0 0.996527 votes=1
35.08 213.77 108.67 188.28 116.51 210.91 42.93 236.40 ship 0 0.996338 votes=1
123.98 492.73 197.60 469.16 205.55 494.00 131.94 517.57 ship 0 0.996331 votes=1
26.55 160.06 93.55 147.69 97.25 167.72 30.25 180.10 ship 0 0.996168 votes=1
255.22 321.42 264.67 370.15 246.07 373.76 236.62 325.03 ship 0 0.995914 votes=1
244.51 486.98 263.95 547.91 241.77 554.99 222.33 494.06 ship 0 0.995852 votes=1
650.21 464.94 666.84 537.45 645.20 542.41 628.57 469.91 ship 0 0.995484 votes=1
331.86 301.21 344.78 341.17 330.05 345.93 317.13 305.97 ship 0 0.995467 votes=1
133.92 517.38 201.55 496.62 209.22 521.59 141.59 542.36 ship 0 0.995455 votes=1
395.23 648.32 399.40 690.87 384.33 692.34 380.17 649.80 ship 0 0.995395 votes=1
331.55 203.82 386.97 188.49 393.59 212.43 338.18 227.76 ship 0 0.995274 votes=1
222.35 101.74 272.11 88.68 276.83 106.63 227.07 119.69 ship 0 0.995102 votes=1
115.96 167.80 164.46 151.89 169.95 168.64 121.46 184.55 ship 0 0.995096 votes=1
365.41 658.85 369.44 695.60 356.16 697.06 352.13 660.31 ship 0 0.994795 votes=1
296.15 111.24 355.12 84.67 364.21 104.85 305.24 131.42 ship 0 0.994758 votes=1
311.76 306.18 325.95 348.15 312.91 352.56 298.72 310.59 ship 0 0.994428 votes=1
150.57 263.21 195.68 250.41 202.01 272.69 156.90 285.49 ship 0 0.994395 votes=1
113.21 447.29 176.65 419.14 186.92 442.28 123.47 470.42 ship 0 0.994301 votes=1
285.84 84.52 348.12 59.53 356.62 80.71 294.34 105.71 ship 0 0.993980 votes=1
619.70 475.88 633.10 526.30 618.24 530.25 604.85 479.82 ship 0 0.993813 votes=1
305.20 130.42 358.91 114.47 364.70 133.98 310.99 149.92 ship 0 0.993600 votes=1
236.12 125.12 283.42 115.66 287.03 133.72 239.73 143.18 ship 0 0.993325 votes=1
337.50 657.29 344.51 716.33 326.01 718.53 319.00 659.48 ship 0 0.993004 votes=1
373.59 282.74 384.23 331.06 368.49 334.52 357.86 286.20 ship 0 0.990746 votes=1
248.96 199.88 302.59 185.58 307.71 204.77 254.08 219.07 ship 0 0.989888 votes=1
108.91 135.33 160.31 126.46 163.80 146.67 112.40 155.54 ship 0 0.985140 votes=1
275.84 278.04 328.68 265.06 333.59 285.07 280.75 298.04 ship 0 0.973554 votes=1
263.97 566.27 277.55 620.27 260.36 624.59 246.78 570.60 ship 0 0.959913 votes=1
347.26 43.21 414.32 293.94 284.37 328.69 217.31 77.97 harbor 0 0.958157 votes=1
473.94 526.16 489.97 560.20 477.16 566.24 461.12 532.19 ship 0 0.957782 votes=1
82.18 337.81 145.49 324.28 150.16 346.15 86.85 359.68 ship 0 0.956298 votes=1
55.46 680.17 59.63 653.70 71.31 655.54 67.15 682.01 ship 0 0.901125 votes=1
117.89 416.90 170.55 400.09 176.06 417.34 123.39 434.15 ship 0 0.888113 votes=1
53.06 755.20 86.23 637.47 105.86 643.00 72.70 760.73 harbor 0 0.863818 votes=1
147.69 102.55 313.22 613.24 184.07 655.10 18.54 144.41 harbor 0 0.850915 votes=1
28.57 761.98 51.85 619.13 80.44 623.79 57.15 766.64 harbor 0 0.620073 votes=1
