32.62 624.21 129.83 617.95 132.06 652.61 34.85 658.87 ship 0 0.999355 votes=1
623.51 153.04 779.09 164.65 775.53 212.40 619.95 200.79 ship 0 0.999303 votes=1
209.15 678.97 210.68 762.28 178.25 762.87 176.72 679.56 ship 0 0.999261 votes=1
581.08 710.37 588.29 634.86 616.43 637.55 609.22 713.06 ship 0 0.999234 votes=1
422.00 62.63 454.40 156.73 416.78 169.68 384.39 75.58 ship 0 0.999227 votes=1
426.37 600.66 440.43 754.06 385.85 759.06 371.79 605.66 ship 0 0.999188 votes=1
639.19 279.35 776.33 284.06 774.87 326.37 637.74 321.66 ship 0 0.999057 votes=1
667.39 448.05 756.71 453.23 755.01 482.43 665.70 477.25 ship 0 0.999020 votes=1
155.91 104.10 212.08 244.46 159.56 265.48 103.39 125.12 ship 0 0.998888 votes=1
674.53 498.48 745.52 496.21 746.41 524.03 675.42 526.29 ship 0 0.998880 votes=1
655.21 393.26 766.89 394.61 766.46 430.49 654.78 429.14 ship 0 0.998781 votes=1
49.84 345.98 139.18 451.78 103.12 482.24 13.77 376.44 ship 0 0.998297 votes=1
56.33 126.69 115.68 285.04 57.01 307.03 -2.34 148.68 ship 0 0.998187 votes=1
712.45 538.61 799.52 535.77 800.55 567.45 713.49 570.29 ship 0 0.993280 votes=1
602.31 608.64 606.29 549.47 630.58 551.11 626.60 610.27 ship 0 0.992180 votes=1
28.35 479.58 120.09 473.15 122.01 500.56 30.28 506.99 ship 0 0.990147 votes=1
651.30 547.04 711.74 545.24 712.46 569.31 652.02 571.11 ship 0 0.984492 votes=1
-11.55 269.42 416.75 87.73 466.67 205.42 38.37 387.11 harbor 0 0.861654 votes=1
