219.65 512.83 220.45 586.14 194.26 586.43 193.45 513.11 ship 0 0.999543 votes=1
186.17 100.59 191.52 179.36 163.57 181.26 158.21 102.49 ship 0 0.999532 votes=1
250.18 521.11 257.77 581.12 235.58 583.92 228.00 523.91 ship 0 0.999406 votes=1
93.94 613.98 95.68 697.65 68.01 698.23 66.27 614.55 ship 0 0.999397 votes=1
294.86 116.66 354.69 115.74 355.03 138.08 295.21 139.00 ship 0 0.999348 votes=1
334.25 603.15 336.12 669.13 312.68 669.79 310.81 603.82 ship 0 0.999324 votes=1
326.49 515.51 327.33 580.68 305.53 580.96 304.69 515.79 ship 0 0.999314 votes=1
224.24 404.22 226.91 323.61 252.96 324.47 250.29 405.08 ship 0 0.999269 votes=1
372.46 603.23 372.54 691.16 342.58 691.19 342.50 603.25 ship 0 0.999236 votes=1
292.65 319.75 293.46 411.15 266.05 411.39 265.24 319.99 ship 0 0.999224 votes=1
131.11 327.95 131.47 384.61 110.64 384.75 110.27 328.08 ship 0 0.999206 votes=1
269.18 711.39 269.85 603.95 302.77 604.16 302.11 711.60 ship 0 0.999200 votes=1
143.58 121.01 149.99 173.16 130.50 175.55 124.10 123.41 ship 0 0.999173 votes=1
291.85 511.55 293.71 583.20 266.84 583.89 264.98 512.24 ship 0 0.999161 votes=1
24.23 141.24 24.56 203.86 4.19 203.97 3.86 141.34 ship 0 0.999159 votes=1
58.36 618.02 58.95 701.86 26.61 702.08 26.03 618.25 ship 0 0.999083 votes=1
179.07 491.06 179.98 578.36 148.18 578.69 147.28 491.39 ship 0 0.999063 votes=1
41.00 384.00 41.09 330.07 62.54 330.10 62.45 384.03 ship 0 0.999023 votes=1
292.29 189.27 379.73 190.26 379.41 218.64 291.97 217.65 ship 0 0.998981 votes=1
404.19 605.49 407.77 698.81 377.18 699.99 373.60 606.67 ship 0 0.998975 votes=1
367.14 513.29 368.61 581.06 346.45 581.54 344.98 513.77 ship 0 0.998956 votes=1
318.34 371.57 406.11 367.16 407.53 395.34 319.76 399.75 ship 0 0.998913 votes=1
225.33 612.98 229.39 712.45 196.02 713.82 191.95 614.34 ship 0 0.998869 votes=1
169.37 329.45 169.81 383.55 149.92 383.71 149.48 329.61 ship 0 0.998861 votes=1
203.08 177.62 203.22 110.53 225.81 110.58 225.68 177.67 ship 0 0.998858 votes=1
62.78 502.29 63.34 555.89 41.37 556.12 40.81 502.52 ship 0 0.998698 votes=1
317.18 293.04 393.88 291.90 394.16 311.06 317.47 312.20 ship 0 0.998684 votes=1
100.91 503.26 101.71 562.04 75.98 562.39 75.18 503.61 ship 0 0.998557 votes=1
119.42 201.45 206.29 200.03 206.74 227.61 119.87 229.03 ship 0 0.998089 votes=1
80.07 382.52 80.23 332.17 103.14 332.25 102.97 382.60 ship 0 0.998009 votes=1
302.70 155.57 349.92 156.58 349.51 175.59 302.29 174.58 ship 0 0.997769 votes=1
194.46 282.62 255.49 282.65 255.48 302.89 194.46 302.86 ship 0 0.997092 votes=1
105.69 682.97 106.88 650.28 120.98 650.79 119.79 683.48 ship 0 0.990758 votes=1
22.14 505.06 419.46 503.07 420.44 698.73 23.12 700.72 harbor 0 0.982736 votes=1
21.78 284.73 378.88 294.69 375.87 402.78 18.76 392.82 harbor 0 0.957591 votes=1
12.42 119.16 336.49 110.14 339.52 218.99 15.45 228.01 harbor 0 0.948368 votes=1
