418.12 194.61 426.93 152.89 455.73 158.97 446.92 200.69 airplane 0 0.997254 votes=1
459.05 232.93 461.41 254.72 444.93 256.51 442.57 234.71 airplane 0 0.974005 votes=1
411.60 223.26 425.76 229.95 419.27 243.69 405.10 237.00 airplane 0 0.956553 votes=1
395.62 225.24 404.02 201.70 423.56 208.67 415.16 232.21 airplane 0 0.937429 votes=1
473.05 253.91 478.39 299.60 451.92 302.70 446.57 257.01 airplane 0 0.936290 votes=1
492.99 515.73 511.19 552.80 486.33 565.00 468.13 527.94 airplane 0 0.933172 votes=1
479.10 382.25 481.56 401.27 464.89 403.43 462.43 384.41 airplane 0 0.872783 votes=1
405.30 295.04 408.54 273.56 428.36 276.55 425.12 298.03 airplane 0 0.867564 votes=1
477.91 354.67 493.98 352.71 495.82 367.77 479.76 369.73 airplane 0 0.866823 votes=1
442.90 536.05 461.56 537.21 460.42 555.47 441.76 554.31 airplane 0 0.862622 votes=1
465.31 306.27 469.55 290.99 482.55 294.60 478.31 309.88 airplane 0 0.838587 votes=1
460.95 445.68 462.25 421.99 477.63 422.83 476.33 446.52 airplane 0 0.807515 votes=1
406.70 318.24 408.19 298.00 427.91 299.45 426.42 319.70 airplane 0 0.697808 votes=1
472.16 340.93 490.49 338.76 492.58 356.45 474.26 358.62 airplane 0 0.688093 votes=1
421.43 429.53 423.75 410.87 440.52 412.96 438.20 431.62 airplane 0 0.662451 votes=1
466.79 402.73 470.54 428.60 458.44 430.36 454.68 404.49 airplane 0 0.614408 votes=1
