656.78 163.93 657.67 95.65 687.64 96.04 686.75 164.32 vehicle 0 0.999566 votes=1
259.66 575.67 339.99 574.02 340.65 606.33 260.32 607.97 vehicle 0 0.999526 votes=1
269.89 312.20 343.58 313.37 343.08 345.10 269.38 343.93 vehicle 0 0.999507 votes=1
61.05 733.51 135.49 734.21 135.20 765.11 60.76 764.40 vehicle 0 0.999451 votes=1
65.33 171.89 142.27 169.30 143.44 204.16 66.50 206.75 vehicle 0 0.999434 votes=1
266.67 258.83 339.14 260.53 338.39 292.40 265.92 290.71 vehicle 0 0.999375 votes=1
267.15 662.84 342.60 663.96 342.17 693.15 266.72 692.04 vehicle 0 0.999289 votes=1
69.04 377.90 146.23 376.63 146.78 409.74 69.59 411.01 vehicle 0 0.998812 votes=1
68.13 331.81 142.52 331.96 142.46 361.50 68.07 361.35 vehicle 0 0.998556 votes=1
66.41 456.84 139.33 453.01 141.01 485.04 68.09 488.87 vehicle 0 0.928608 votes=1
