102.57 85.14 187.75 78.30 189.86 104.49 104.67 111.32 ship 0 0.999487 votes=1
172.78 698.68 249.44 697.25 249.88 721.24 173.23 722.66 ship 0 0.999397 votes=1
123.09 255.04 181.19 254.71 181.31 275.82 123.21 276.15 ship 0 0.999336 votes=1
184.54 558.98 249.72 552.56 251.74 573.03 186.56 579.45 ship 0 0.999334 votes=1
115.50 407.73 232.31 395.36 235.69 427.32 118.88 439.69 ship 0 0.999314 votes=1
359.63 478.88 424.11 480.83 423.47 501.82 359.00 499.88 ship 0 0.999289 votes=1
439.24 301.01 439.75 355.95 419.30 356.14 418.79 301.20 ship 0 0.999285 votes=1
115.56 341.73 193.55 337.40 194.93 362.29 116.94 366.62 ship 0 0.999194 votes=1
458.88 478.69 526.61 475.88 527.49 497.06 459.76 499.86 ship 0 0.999191 votes=1
190.79 672.74 254.59 673.70 254.29 693.50 190.49 692.55 ship 0 0.999153 votes=1
109.11 195.81 178.98 195.09 179.23 219.93 109.36 220.64 ship 0 0.999133 votes=1
556.98 279.20 557.14 220.35 576.65 220.40 576.48 279.26 ship 0 0.999127 votes=1
182.80 644.80 249.21 638.24 251.39 660.31 184.98 666.87 ship 0 0.999101 votes=1
713.89 233.11 775.11 231.82 775.52 251.27 714.29 252.55 ship 0 0.999021 votes=1
594.67 299.32 600.78 345.77 584.01 347.97 577.90 301.52 ship 0 0.999019 votes=1
463.85 299.81 465.16 355.80 446.97 356.23 445.65 300.24 ship 0 0.998953 votes=1
717.22 415.90 719.00 452.45 705.33 453.11 703.56 416.57 ship 0 0.998943 votes=1
713.44 203.58 773.22 200.14 774.48 222.19 714.71 225.62 ship 0 0.998943 votes=1
599.82 276.27 603.06 227.68 620.35 228.83 617.11 277.42 ship 0 0.998925 votes=1
711.65 172.27 766.07 169.16 767.33 191.38 712.92 194.48 ship 0 0.998878 votes=1
121.41 315.34 181.20 306.44 184.51 328.66 124.72 337.56 ship 0 0.998873 votes=1
585.01 519.48 585.19 474.27 599.32 474.32 599.14 519.54 ship 0 0.998854 votes=1
604.07 343.57 604.59 298.23 620.11 298.41 619.59 343.75 ship 0 0.998834 votes=1
114.07 285.11 183.48 280.53 185.02 303.85 115.61 308.43 ship 0 0.998817 votes=1
127.43 174.63 188.49 174.26 188.60 192.54 127.54 192.90 ship 0 0.998760 votes=1
457.08 508.87 522.48 504.88 523.83 527.04 458.44 531.03 ship 0 0.998686 votes=1
642.75 296.28 643.30 349.06 624.29 349.26 623.73 296.48 ship 0 0.998630 votes=1
511.70 301.43 512.11 350.65 492.93 350.80 492.52 301.58 ship 0 0.998538 votes=1
416.42 280.08 417.60 219.16 437.98 219.56 436.81 280.47 ship 0 0.998524 votes=1
370.58 278.34 373.69 231.85 390.50 232.97 387.40 279.46 ship 0 0.998466 votes=1
580.40 414.46 580.52 459.77 562.16 459.82 562.04 414.51 ship 0 0.998391 votes=1
122.37 225.64 178.39 221.81 179.97 244.86 123.95 248.69 ship 0 0.998345 votes=1
556.51 301.64 556.77 355.15 535.81 355.25 535.55 301.73 ship 0 0.998331 votes=1
658.81 476.77 659.07 518.66 644.74 518.75 644.48 476.86 ship 0 0.998300 votes=1
124.48 146.55 182.13 144.52 182.91 166.84 125.26 168.87 ship 0 0.998281 votes=1
742.43 301.40 746.14 346.57 730.75 347.84 727.04 302.66 ship 0 0.998246 votes=1
680.27 475.44 680.44 511.67 663.86 511.74 663.70 475.51 ship 0 0.998210 votes=1
697.93 470.97 700.01 510.90 685.62 511.65 683.54 471.72 ship 0 0.998135 votes=1
179.76 589.71 246.65 586.78 247.50 606.11 180.61 609.03 ship 0 0.998113 votes=1
571.87 -1.39 577.83 48.24 560.09 50.38 554.13 0.75 ship 0 0.997955 votes=1
106.23 376.18 195.52 363.02 199.48 389.87 110.19 403.03 ship 0 0.997911 votes=1
661.79 294.28 663.10 340.22 647.30 340.67 645.99 294.73 ship 0 0.997897 votes=1
556.41 408.67 556.44 456.22 539.71 456.23 539.68 408.69 ship 0 0.997835 votes=1
576.15 298.26 576.59 342.26 560.92 342.41 560.49 298.42 ship 0 0.997833 votes=1
536.72 279.22 536.74 218.25 554.52 218.25 554.51 279.23 ship 0 0.997830 votes=1
109.26 117.88 182.88 112.12 184.52 132.99 110.90 138.75 ship 0 0.997830 votes=1
445.73 443.51 518.51 439.97 519.56 461.52 446.78 465.06 ship 0 0.997815 votes=1
662.72 452.03 663.03 407.65 679.43 407.76 679.12 452.14 ship 0 0.997783 votes=1
635.58 412.11 638.88 455.45 625.37 456.48 622.07 413.14 ship 0 0.997782 votes=1
642.16 475.41 642.29 517.74 628.02 517.78 627.89 475.45 ship 0 0.997666 votes=1
414.24 302.06 415.00 350.77 397.29 351.05 396.53 302.33 ship 0 0.997541 votes=1
604.11 456.03 604.40 419.16 621.25 419.29 620.96 456.16 ship 0 0.997520 votes=1
457.29 413.83 522.93 415.64 522.39 435.41 456.75 433.59 ship 0 0.997473 votes=1
621.66 474.43 621.88 522.83 605.14 522.91 604.91 474.51 ship 0 0.997443 votes=1
687.09 338.75 688.70 293.56 704.39 294.12 702.78 339.31 ship 0 0.997431 votes=1
461.60 223.72 462.53 272.72 444.96 273.05 444.04 224.05 ship 0 0.997025 votes=1
691.98 141.28 764.26 131.92 767.58 157.56 695.30 166.92 ship 0 0.996558 votes=1
561.79 522.92 563.04 481.73 580.34 482.26 579.09 523.45 ship 0 0.994490 votes=1
743.15 453.36 743.34 417.84 757.97 417.93 757.77 453.44 ship 0 0.993363 votes=1
393.49 301.53 393.87 353.42 369.38 353.60 369.00 301.71 ship 0 0.992415 votes=1
721.70 454.95 721.75 406.60 738.49 406.61 738.45 454.96 ship 0 0.991899 votes=1
332.37 236.70 786.17 220.60 790.33 337.89 336.53 354.00 harbor 0 0.946951 votes=1
364.64 428.61 750.28 403.18 757.31 509.79 371.67 535.22 harbor 0 0.913544 votes=1
204.22 83.32 217.77 419.88 117.63 423.91 104.07 87.35 harbor 0 0.886763 votes=1
484.82 223.30 487.98 276.26 471.89 277.22 468.73 224.26 ship 0 0.865425 votes=1
191.57 592.36 778.25 592.01 778.33 723.89 191.65 724.24 harbor 0 0.788958 votes=1
