193.48 176.94 478.54 664.66 268.99 787.14 -16.08 299.42 Expressway-Service-area 0 0.997617 votes=1
549.66 433.22 556.31 406.27 562.19 407.72 555.54 434.67 vehicle 0 0.997283 votes=1
529.57 14.59 813.33 498.78 596.53 625.84 312.77 141.64 Expressway-Service-area 0 0.997214 votes=1
240.67 395.42 247.37 369.45 253.78 371.10 247.07 397.07 vehicle 0 0.994903 votes=1
569.58 377.67 576.99 352.40 582.37 353.97 574.95 379.25 vehicle 0 0.994227 votes=1
187.18 365.23 195.17 389.74 189.93 391.45 181.95 366.93 vehicle 0 0.990604 votes=1
473.40 303.44 496.29 341.80 491.69 344.55 468.79 306.18 vehicle 0 0.989470 votes=1
221.23 292.22 240.12 337.34 235.28 339.37 216.39 294.25 vehicle 0 0.984429 votes=1
376.18 344.27 389.73 366.02 384.22 369.46 370.66 347.70 vehicle 0 0.983792 votes=1
438.81 279.53 451.00 300.49 446.87 302.90 434.67 281.94 vehicle 0 0.980867 votes=1
539.97 415.28 547.71 389.88 554.63 391.99 546.90 417.38 vehicle 0 0.971281 votes=1
508.26 364.88 523.01 347.75 528.16 352.18 513.41 369.32 vehicle 0 0.965065 votes=1
575.37 413.28 579.98 438.01 575.06 438.93 570.45 414.19 vehicle 0 0.924576 votes=1
626.69 336.11 638.60 354.72 631.95 358.98 620.04 340.36 vehicle 0 0.834284 votes=1
410.88 214.11 430.10 246.83 426.06 249.21 406.84 216.48 vehicle 0 0.721417 votes=1
399.19 224.45 427.44 253.83 423.85 257.28 395.60 227.90 vehicle 0 0.683177 votes=1
