504.85 300.54 505.28 229.95 574.86 230.37 574.43 300.96 storagetank 0 0.998931 votes=1
445.39 513.62 523.10 512.21 524.24 575.21 446.54 576.62 storagetank 0 0.998887 votes=1
458.95 590.84 534.91 588.03 537.26 651.62 461.30 654.43 storagetank 0 0.998765 votes=1
539.04 154.14 611.76 157.74 608.31 227.40 535.60 223.81 storagetank 0 0.998697 votes=1
496.56 454.83 570.68 452.19 572.91 514.91 498.79 517.54 storagetank 0 0.998622 votes=1
483.90 364.96 556.16 365.65 555.57 427.60 483.30 426.91 storagetank 0 0.998069 votes=1
447.73 461.29 499.59 460.83 499.92 497.96 448.06 498.41 storagetank 0 0.996854 votes=1
488.89 170.61 520.90 170.89 520.65 199.50 488.64 199.22 storagetank 0 0.987248 votes=1
436.39 439.55 473.70 438.10 474.57 460.54 437.26 461.99 storagetank 0 0.985973 votes=1
518.47 152.02 542.16 152.17 542.07 166.55 518.38 166.40 storagetank 0 0.910047 votes=1
499.47 291.48 520.67 291.04 521.02 307.87 499.82 308.30 storagetank 0 0.657798 votes=1
