242.08 542.54 301.66 536.68 303.49 555.31 243.91 561.17 ship 0 0.999383 votes=1
190.23 438.07 267.70 429.45 270.01 450.25 192.54 458.86 ship 0 0.999323 votes=1
433.17 435.11 488.52 435.41 488.42 454.23 433.07 453.93 ship 0 0.999321 votes=1
363.71 383.57 418.54 385.21 417.98 403.98 363.15 402.34 ship 0 0.999137 votes=1
153.78 498.86 221.14 495.96 222.05 517.10 154.69 519.99 ship 0 0.999056 votes=1
541.66 612.43 575.76 640.15 565.81 652.38 531.71 624.66 ship 0 0.998990 votes=1
577.97 531.16 622.55 564.04 611.42 579.12 566.85 546.24 ship 0 0.998981 votes=1
708.51 458.53 759.92 489.71 749.38 507.08 697.98 475.89 ship 0 0.998973 votes=1
428.84 505.65 486.57 505.60 486.59 525.29 428.86 525.34 ship 0 0.998945 votes=1
238.30 495.69 292.58 486.91 295.79 506.73 241.51 515.52 ship 0 0.998929 votes=1
254.62 610.22 293.85 606.90 295.01 620.54 255.77 623.86 ship 0 0.998753 votes=1
681.96 503.57 734.31 533.81 724.37 551.03 672.01 520.79 ship 0 0.998695 votes=1
696.54 481.13 754.48 516.39 743.58 534.30 685.64 499.04 ship 0 0.998670 votes=1
634.38 576.15 685.79 608.74 675.39 625.16 623.97 592.56 ship 0 0.998577 votes=1
628.61 461.06 669.56 490.71 658.91 505.41 617.96 475.76 ship 0 0.998551 votes=1
177.64 570.45 230.13 564.45 232.19 582.47 179.70 588.47 ship 0 0.998511 votes=1
96.66 665.80 136.84 654.28 140.48 666.99 100.31 678.52 ship 0 0.998503 votes=1
386.54 342.25 424.73 342.63 424.59 356.10 386.40 355.72 ship 0 0.998496 votes=1
638.10 434.84 682.58 468.12 670.98 483.62 626.50 450.35 ship 0 0.998488 votes=1
430.03 528.83 477.91 533.26 476.34 550.22 428.46 545.79 ship 0 0.998473 votes=1
366.32 502.82 410.39 503.47 410.13 521.38 366.05 520.73 ship 0 0.998466 votes=1
547.94 591.84 585.88 617.70 576.52 631.42 538.59 605.56 ship 0 0.998412 votes=1
612.04 609.95 658.49 643.46 647.36 658.89 600.90 625.38 ship 0 0.998352 votes=1
195.11 654.88 241.02 645.49 244.41 662.10 198.50 671.48 ship 0 0.998322 votes=1
364.49 528.84 411.79 529.11 411.68 546.84 364.39 546.58 ship 0 0.997766 votes=1
588.65 649.78 620.74 669.43 613.84 680.68 581.76 661.03 ship 0 0.997651 votes=1
367.92 314.71 421.86 315.34 421.67 331.68 367.73 331.04 ship 0 0.997641 votes=1
423.19 567.71 475.88 574.28 473.63 592.33 420.94 585.76 ship 0 0.997298 votes=1
674.76 408.70 705.54 351.23 722.70 360.42 691.92 417.89 ship 0 0.997189 votes=1
366.60 456.27 416.44 458.57 415.65 475.74 365.81 473.44 ship 0 0.996541 votes=1
109.23 696.08 143.04 690.04 145.13 701.76 111.32 707.81 ship 0 0.996474 votes=1
102.01 680.39 143.53 668.89 147.22 682.20 105.69 693.70 ship 0 0.995484 votes=1
607.66 474.38 660.15 506.84 649.93 523.36 597.44 490.89 ship 0 0.994665 votes=1
363.64 619.36 405.19 613.30 407.38 628.29 365.83 634.36 ship 0 0.992873 votes=1
207.03 631.77 238.72 629.15 239.85 642.82 208.16 645.44 ship 0 0.992270 votes=1
598.58 630.73 634.45 652.54 625.95 666.51 590.08 644.70 ship 0 0.990519 votes=1
361.36 652.50 370.06 290.86 489.41 293.73 480.71 655.37 harbor 0 0.986397 votes=1
95.20 524.49 166.55 752.57 86.45 777.62 15.10 549.54 harbor 0 0.984341 votes=1
284.51 444.91 311.34 688.14 191.14 701.39 164.31 458.16 harbor 0 0.979332 votes=1
461.53 715.92 663.28 344.49 783.55 409.82 581.81 781.25 harbor 0 0.942110 votes=1
705.76 794.51 731.24 753.60 761.64 772.53 736.17 813.44 harbor 0 0.919881 votes=1
