366.75 286.95 469.34 285.96 469.65 317.78 367.06 318.77 ship 0 0.999508 votes=1
363.01 206.85 439.40 203.92 440.37 229.34 363.99 232.27 ship 0 0.999465 votes=1
669.59 199.16 746.80 190.49 749.61 215.49 672.40 224.17 ship 0 0.999438 votes=1
301.77 419.93 431.05 415.51 432.29 451.58 303.01 456.00 ship 0 0.999434 votes=1
368.72 373.87 456.70 364.81 459.73 394.21 371.75 403.27 ship 0 0.999396 votes=1
542.75 193.79 652.93 189.64 654.22 223.97 544.04 228.12 ship 0 0.999363 votes=1
552.54 154.77 646.31 152.90 646.90 182.92 553.13 184.78 ship 0 0.999331 votes=1
548.26 237.66 657.67 236.48 658.04 270.76 548.63 271.94 ship 0 0.999299 votes=1
675.51 236.97 780.56 227.75 783.55 261.80 678.50 271.03 ship 0 0.999283 votes=1
667.05 150.31 751.73 149.56 752.03 183.31 667.36 184.07 ship 0 0.999277 votes=1
224.30 159.82 230.77 276.38 195.44 278.35 188.96 161.78 ship 0 0.999259 votes=1
541.36 277.26 651.77 273.92 652.81 308.54 542.40 311.88 ship 0 0.999236 votes=1
605.37 321.96 710.04 318.49 711.02 348.11 606.35 351.57 ship 0 0.999143 votes=1
363.66 249.19 451.27 247.05 451.97 275.94 364.37 278.08 ship 0 0.998928 votes=1
668.56 93.95 716.58 91.49 717.53 110.00 669.51 112.45 ship 0 0.998908 votes=1
674.86 281.51 750.09 275.79 752.01 301.11 676.78 306.83 ship 0 0.998794 votes=1
127.81 121.57 142.26 170.63 122.37 176.48 107.93 127.42 ship 0 0.998475 votes=1
364.30 129.71 424.81 131.19 424.34 150.43 363.83 148.94 ship 0 0.998140 votes=1
566.02 98.70 644.62 100.38 643.70 143.33 565.10 141.64 ship 0 0.997470 votes=1
669.93 64.25 710.75 65.06 710.44 80.54 669.62 79.73 ship 0 0.997242 votes=1
344.16 323.03 346.23 367.67 327.71 368.53 325.64 323.88 ship 0 0.996502 votes=1
267.12 236.09 269.56 284.25 249.39 285.27 246.95 237.11 ship 0 0.994272 votes=1
329.29 61.93 333.90 107.48 315.98 109.30 311.37 63.75 ship 0 0.991282 votes=1
341.26 263.98 342.26 307.74 324.23 308.15 323.23 264.39 ship 0 0.991046 votes=1
313.82 168.81 314.30 125.66 332.75 125.86 332.28 169.02 ship 0 0.990893 votes=1
325.97 453.89 354.09 454.30 353.92 466.06 325.80 465.65 ship 0 0.975794 votes=1
732.57 32.40 738.83 318.75 567.12 322.51 560.86 36.15 harbor 0 0.944842 votes=1
-3.59 474.28 17.84 465.65 21.54 474.83 0.11 483.47 ship 0 0.897359 votes=1
305.83 420.20 309.08 46.33 453.94 47.59 450.69 421.46 harbor 0 0.865550 votes=1
134.69 41.08 181.73 21.63 189.49 40.40 142.45 59.86 ship 0 0.732246 votes=1
