484.86 639.60 484.96 165.58 766.67 165.64 766.57 639.66 Expressway-Service-area 0 0.995693 votes=1
56.33 651.90 64.62 173.43 348.51 178.34 340.23 656.82 Expressway-Service-area 0 0.995634 votes=1
219.94 480.80 220.10 449.14 227.81 449.18 227.64 480.84 vehicle 0 0.989019 votes=1
144.16 270.79 163.65 257.23 167.24 262.40 147.76 275.96 vehicle 0 0.967898 votes=1
284.21 371.64 284.66 339.78 293.18 339.90 292.72 371.76 vehicle 0 0.956147 votes=1
594.14 442.44 595.92 411.82 603.81 412.28 602.02 442.90 vehicle 0 0.950881 votes=1
568.79 434.30 569.69 404.40 577.04 404.62 576.15 434.52 vehicle 0 0.934078 votes=1
243.92 355.97 245.43 325.41 253.61 325.82 252.10 356.37 vehicle 0 0.908871 votes=1
595.04 536.25 596.96 503.20 604.34 503.63 602.42 536.68 vehicle 0 0.882638 votes=1
494.33 238.35 510.47 263.15 505.29 266.52 489.15 241.72 vehicle 0 0.758990 votes=1
