314.89 488.62 338.74 453.45 348.98 460.40 325.13 495.56 ship 0 0.998947 votes=1
35.78 177.53 70.89 181.68 69.53 193.17 34.43 189.02 ship 0 0.998154 votes=1
238.17 410.77 256.90 389.13 264.82 395.98 246.09 417.62 ship 0 0.995693 votes=1
325.23 509.93 336.22 494.11 342.35 498.37 331.36 514.19 ship 0 0.991773 votes=1
195.56 428.07 218.58 406.34 226.35 414.57 203.33 436.30 ship 0 0.991032 votes=1
301.24 293.98 317.83 280.92 323.06 287.55 306.47 300.61 ship 0 0.990039 votes=1
436.20 364.75 449.59 347.88 456.01 352.98 442.62 369.84 ship 0 0.989169 votes=1
312.39 298.92 362.32 234.50 373.05 242.82 323.12 307.24 harbor 0 0.951323 votes=1
203.57 435.59 251.53 376.92 261.75 385.27 213.79 443.95 harbor 0 0.944353 votes=1
224.29 546.24 411.21 684.50 391.03 711.77 204.12 573.51 harbor 0 0.939190 votes=1
206.10 576.30 258.01 612.51 249.08 625.30 197.17 589.09 ship 0 0.910133 votes=1
692.32 290.20 702.77 297.37 699.39 302.29 688.94 295.12 ship 0 0.895126 votes=1
651.82 332.81 663.03 348.29 656.46 353.04 645.26 337.56 ship 0 0.875656 votes=1
282.96 518.28 454.70 318.41 625.35 465.04 453.60 664.91 harbor 0 0.849246 votes=1
683.32 299.29 764.57 369.22 748.91 387.42 667.66 317.49 harbor 0 0.822278 votes=1
659.04 334.10 672.31 439.97 655.51 442.07 642.24 336.21 harbor 0 0.716270 votes=1
279.02 620.60 300.46 639.05 294.19 646.34 272.75 627.89 ship 0 0.708465 votes=1
299.86 595.16 322.60 611.53 317.52 618.59 294.78 602.22 ship 0 0.601686 votes=1
