456.94 192.13 457.25 166.79 467.66 166.92 467.36 192.26 vehicle 0 0.980134 votes=1
481.34 189.22 482.80 168.26 490.97 168.83 489.51 189.79 vehicle 0 0.971715 votes=1
496.53 189.08 498.82 168.27 506.89 169.16 504.60 189.96 vehicle 0 0.968605 votes=1
544.86 195.23 546.88 173.09 554.81 173.81 552.79 195.95 vehicle 0 0.960167 votes=1
466.03 216.90 466.23 194.88 475.04 194.96 474.83 216.99 vehicle 0 0.951122 votes=1
369.28 188.85 370.58 165.79 380.93 166.37 379.63 189.44 vehicle 0 0.947673 votes=1
493.16 214.98 493.64 195.38 502.15 195.59 501.66 215.19 vehicle 0 0.939254 votes=1
379.58 121.50 388.85 141.30 382.10 144.46 372.83 124.66 vehicle 0 0.907341 votes=1
565.37 199.59 565.49 220.67 555.95 220.72 555.83 199.65 vehicle 0 0.880978 votes=1
575.26 172.45 576.38 192.61 567.97 193.08 566.84 172.92 vehicle 0 0.866164 votes=1
577.69 200.36 578.15 222.01 569.82 222.18 569.37 200.53 vehicle 0 0.849323 votes=1
451.40 195.39 451.83 217.75 443.03 217.92 442.60 195.56 vehicle 0 0.804028 votes=1
575.83 130.24 583.28 149.36 573.30 153.25 565.86 134.13 vehicle 0 0.795231 votes=1
515.80 125.57 520.44 150.16 512.10 151.73 507.45 127.15 vehicle 0 0.778958 votes=1
515.62 194.86 516.79 214.72 508.66 215.20 507.49 195.34 vehicle 0 0.729267 votes=1
444.99 191.76 445.73 169.07 454.06 169.34 453.32 192.03 vehicle 0 0.632859 votes=1
418.13 214.54 418.36 195.63 426.46 195.73 426.23 214.64 vehicle 0 0.613690 votes=1
