524.10 284.27 526.34 377.67 497.32 378.36 495.09 284.96 ship 0 0.999541 votes=1
330.49 708.04 331.01 612.34 361.21 612.50 360.69 708.20 ship 0 0.999483 votes=1
111.81 369.92 114.96 252.46 149.00 253.37 145.85 370.84 ship 0 0.999435 votes=1
363.01 281.60 363.68 363.17 334.30 363.41 333.64 281.84 ship 0 0.999435 votes=1
569.02 279.20 570.38 362.52 542.81 362.97 541.45 279.65 ship 0 0.999422 votes=1
161.56 719.80 161.83 622.33 194.00 622.42 193.73 719.89 ship 0 0.999405 votes=1
403.98 279.19 405.16 361.82 375.70 362.24 374.52 279.61 ship 0 0.999397 votes=1
463.66 557.41 466.04 513.76 485.10 514.80 482.71 558.45 ship 0 0.999344 votes=1
283.81 280.52 285.98 362.77 256.55 363.55 254.39 281.30 ship 0 0.999336 votes=1
270.52 484.93 272.29 574.85 244.86 575.39 243.09 485.47 ship 0 0.999329 votes=1
596.69 533.75 671.96 531.52 672.65 554.76 597.38 556.99 ship 0 0.999317 votes=1
290.35 727.48 291.03 609.02 322.75 609.20 322.08 727.66 ship 0 0.999276 votes=1
351.24 577.82 351.66 474.06 381.93 474.18 381.52 577.94 ship 0 0.999272 votes=1
419.69 479.78 419.76 575.08 389.98 575.10 389.91 479.80 ship 0 0.999266 votes=1
344.73 484.48 347.23 574.36 318.29 575.16 315.79 485.29 ship 0 0.999193 votes=1
282.36 609.46 282.96 722.80 250.32 722.97 249.72 609.63 ship 0 0.999173 votes=1
591.20 276.41 706.96 275.60 707.20 310.15 591.45 310.97 ship 0 0.999156 votes=1
541.75 688.29 542.19 647.47 558.04 647.63 557.61 688.45 ship 0 0.999057 votes=1
138.75 496.70 140.60 643.71 103.01 644.19 101.16 497.17 ship 0 0.998939 votes=1
295.42 362.07 295.49 276.16 322.85 276.18 322.79 362.09 ship 0 0.998903 votes=1
494.65 704.83 495.94 650.54 512.86 650.94 511.58 705.23 ship 0 0.998647 votes=1
571.34 233.13 629.27 234.26 628.91 252.92 570.97 251.78 ship 0 0.998517 votes=1
556.23 522.10 557.96 566.96 539.01 567.69 537.27 522.83 ship 0 0.996705 votes=1
395.78 612.62 408.06 645.88 394.28 650.97 382.00 617.71 ship 0 0.996165 votes=1
509.68 605.89 511.13 642.34 496.73 642.91 495.28 606.46 ship 0 0.996045 votes=1
136.61 489.88 565.55 496.60 562.21 709.33 133.27 702.60 harbor 0 0.985197 votes=1
129.31 248.01 674.87 256.61 672.99 376.31 127.43 367.71 harbor 0 0.931913 votes=1
