303.86 210.85 512.20 240.47 501.99 312.28 293.65 282.66 Expressway-toll-station 0 0.999210 votes=1
332.97 22.43 343.09 2.83 351.62 7.23 341.50 26.83 vehicle 0 0.990059 votes=1
507.44 85.21 513.00 66.12 522.15 68.78 516.58 87.87 vehicle 0 0.985948 votes=1
509.86 52.50 511.44 30.97 520.88 31.66 519.30 53.19 vehicle 0 0.972154 votes=1
335.48 87.17 340.23 69.83 348.63 72.13 343.88 89.47 vehicle 0 0.965282 votes=1
171.55 69.71 172.91 51.71 181.83 52.38 180.47 70.38 vehicle 0 0.949521 votes=1
150.94 61.25 155.61 44.71 164.25 47.15 159.59 63.69 vehicle 0 0.941883 votes=1
324.75 63.42 327.03 47.39 334.77 48.49 332.48 64.52 vehicle 0 0.888622 votes=1
93.06 18.06 112.11 22.59 110.23 30.52 91.18 25.99 vehicle 0 0.871231 votes=1
284.45 53.69 302.87 54.94 302.33 62.90 283.91 61.66 vehicle 0 0.736945 votes=1
299.81 26.68 317.58 25.28 318.34 34.91 300.57 36.31 vehicle 0 0.709104 votes=1
