114.39 537.41 114.40 519.23 122.16 519.24 122.14 537.41 vehicle 0 0.965981 votes=1
60.72 535.95 61.01 519.18 68.59 519.31 68.30 536.08 vehicle 0 0.945951 votes=1
96.44 584.68 97.01 601.47 89.13 601.73 88.57 584.94 vehicle 0 0.939642 votes=1
141.27 586.06 141.64 603.39 134.15 603.55 133.78 586.22 vehicle 0 0.891908 votes=1
26.00 647.36 26.09 631.62 34.30 631.67 34.21 647.40 vehicle 0 0.795332 votes=1
113.39 583.41 113.87 602.54 104.47 602.78 103.98 583.65 vehicle 0 0.788862 votes=1
152.43 507.17 168.68 507.14 168.69 516.13 152.44 516.16 vehicle 0 0.743894 votes=1
153.06 447.32 153.59 430.86 168.21 431.33 167.68 447.79 vehicle 0 0.724268 votes=1
592.29 6.94 608.24 8.07 607.81 14.26 591.85 13.13 vehicle 0 0.690593 votes=1
105.86 580.08 106.68 564.79 113.96 565.18 113.14 580.47 vehicle 0 0.680066 votes=1
163.96 552.70 185.04 552.94 184.95 561.20 163.86 560.97 vehicle 0 0.605545 votes=1
