421.55 526.38 455.83 580.21 436.37 592.61 402.08 538.78 ship 0 0.999115 votes=1
354.51 512.00 412.41 482.80 422.66 503.12 364.77 532.33 ship 0 0.998950 votes=1
265.55 372.69 315.21 337.06 326.35 352.60 276.70 388.22 ship 0 0.998827 votes=1
473.02 487.52 507.24 541.21 489.34 552.62 455.12 498.92 ship 0 0.998626 votes=1
336.44 491.13 391.76 454.46 403.12 471.58 347.80 508.26 ship 0 0.998606 votes=1
133.53 224.72 199.89 178.55 213.29 197.83 146.93 243.99 ship 0 0.998349 votes=1
176.07 267.75 224.02 231.80 236.91 248.98 188.96 284.94 ship 0 0.998149 votes=1
310.36 440.47 354.90 408.48 365.67 423.49 321.14 455.48 ship 0 0.998077 votes=1
211.79 314.33 261.25 276.49 271.67 290.11 222.21 327.95 ship 0 0.997659 votes=1
220.79 69.09 566.65 478.71 431.19 593.09 85.33 183.47 harbor 0 0.935041 votes=1
