291.50 127.36 298.30 43.19 326.38 45.46 319.57 129.63 ship 0 0.999192 votes=1
412.56 370.53 419.85 447.19 394.19 449.63 386.90 372.97 ship 0 0.999163 votes=1
344.01 371.93 344.54 429.90 325.86 430.08 325.33 372.10 ship 0 0.999130 votes=1
223.41 126.86 224.82 66.10 245.84 66.59 244.43 127.35 ship 0 0.999097 votes=1
432.97 247.93 513.17 247.88 513.19 272.95 432.98 273.00 ship 0 0.999022 votes=1
250.56 145.76 358.60 150.39 357.10 185.31 249.06 180.67 ship 0 0.998974 votes=1
373.54 369.76 381.46 425.60 360.20 428.62 352.28 372.77 ship 0 0.998670 votes=1
498.42 409.66 498.62 363.06 517.12 363.14 516.92 409.74 ship 0 0.998611 votes=1
425.42 549.87 466.22 549.59 466.34 566.71 425.54 566.99 ship 0 0.998599 votes=1
460.93 320.02 498.25 318.38 498.93 333.87 461.61 335.51 ship 0 0.997281 votes=1
355.99 90.04 356.95 127.47 340.16 127.90 339.20 90.47 ship 0 0.997255 votes=1
550.66 325.61 613.30 319.46 615.03 337.05 552.39 343.20 ship 0 0.997080 votes=1
382.24 57.86 404.10 89.24 391.68 97.88 369.83 66.50 ship 0 0.997079 votes=1
484.18 360.59 485.25 402.86 468.42 403.28 467.35 361.01 ship 0 0.996648 votes=1
320.32 363.38 320.80 395.83 307.63 396.02 307.15 363.57 ship 0 0.996343 votes=1
339.91 336.20 382.61 335.38 382.97 354.04 340.27 354.86 ship 0 0.993860 votes=1
412.17 333.14 456.73 331.28 457.48 349.19 412.92 351.06 ship 0 0.991065 votes=1
611.61 360.88 614.44 413.56 593.72 414.67 590.89 362.00 ship 0 0.987379 votes=1
315.57 339.78 652.59 332.19 654.13 400.43 317.11 408.02 harbor 0 0.940169 votes=1
240.51 67.71 671.32 42.42 678.04 156.89 247.22 182.18 harbor 0 0.921268 votes=1
416.25 534.95 635.05 529.49 635.47 546.32 416.67 551.78 harbor 0 0.870053 votes=1
370.94 145.07 373.55 169.82 361.73 171.06 359.12 146.32 ship 0 0.804887 votes=1
