541.04 207.26 617.29 206.81 617.42 229.80 541.18 230.26 ship 0 0.999506 votes=1
636.05 429.41 712.62 428.31 712.97 452.66 636.40 453.77 ship 0 0.999437 votes=1
549.54 273.03 614.35 272.24 614.59 292.45 549.79 293.24 ship 0 0.999417 votes=1
539.34 333.52 616.57 331.83 617.10 356.02 539.87 357.71 ship 0 0.999410 votes=1
539.84 492.06 613.35 491.51 613.52 514.40 540.02 514.95 ship 0 0.999383 votes=1
538.47 239.30 616.92 238.22 617.26 263.33 538.81 264.41 ship 0 0.999343 votes=1
645.32 264.08 718.47 264.01 718.49 286.66 645.34 286.73 ship 0 0.999322 votes=1
539.70 457.25 616.70 458.55 616.30 481.79 539.31 480.49 ship 0 0.999319 votes=1
643.98 490.75 731.67 492.71 731.09 518.91 643.39 516.95 ship 0 0.999318 votes=1
652.02 200.51 694.87 201.84 694.41 216.69 651.56 215.36 ship 0 0.999302 votes=1
398.31 206.66 453.64 207.79 453.27 226.02 397.94 224.89 ship 0 0.999292 votes=1
110.93 270.83 161.95 270.35 162.12 288.79 111.10 289.27 ship 0 0.999289 votes=1
399.99 382.83 462.56 382.66 462.61 401.23 400.04 401.41 ship 0 0.999285 votes=1
546.28 428.97 614.13 426.89 614.89 451.59 547.04 453.67 ship 0 0.999284 votes=1
645.47 363.31 717.26 362.72 717.46 386.05 645.67 386.64 ship 0 0.999277 votes=1
306.18 223.36 366.26 223.80 366.10 245.41 306.03 244.98 ship 0 0.999252 votes=1
396.28 319.64 465.30 320.12 465.14 342.95 396.11 342.47 ship 0 0.999228 votes=1
180.08 234.07 235.48 232.56 236.03 253.11 180.64 254.62 ship 0 0.999205 votes=1
547.97 397.84 614.23 395.80 614.92 418.23 548.66 420.27 ship 0 0.999200 votes=1
391.80 437.68 459.89 439.11 459.44 460.64 391.35 459.21 ship 0 0.999188 votes=1
181.39 317.56 248.33 317.38 248.38 338.33 181.45 338.51 ship 0 0.999107 votes=1
309.50 419.24 363.14 418.07 363.51 434.92 309.87 436.10 ship 0 0.999100 votes=1
306.64 447.47 366.53 446.22 366.88 463.29 307.00 464.54 ship 0 0.999091 votes=1
310.51 310.99 364.65 311.56 364.47 328.27 310.33 327.70 ship 0 0.999089 votes=1
394.69 470.85 454.72 467.55 455.83 487.63 395.79 490.93 ship 0 0.999063 votes=1
393.83 410.56 455.42 409.91 455.60 427.05 394.01 427.70 ship 0 0.999059 votes=1
187.84 347.44 246.22 348.10 246.02 366.29 187.63 365.63 ship 0 0.999055 votes=1
643.03 231.54 716.43 236.52 714.96 258.17 641.56 253.18 ship 0 0.999041 votes=1
305.02 199.36 367.26 200.56 366.92 218.16 304.68 216.97 ship 0 0.999040 votes=1
646.22 399.18 717.63 399.23 717.62 419.15 646.20 419.10 ship 0 0.999033 votes=1
311.26 476.25 366.00 470.10 367.93 487.25 313.18 493.40 ship 0 0.999024 votes=1
547.55 366.19 617.29 365.71 617.45 388.61 547.71 389.10 ship 0 0.999008 votes=1
393.21 236.00 462.88 236.86 462.59 259.82 392.93 258.97 ship 0 0.998980 votes=1
189.50 205.94 241.98 206.92 241.68 222.75 189.20 221.76 ship 0 0.998946 votes=1
310.24 499.57 367.32 500.15 367.14 517.94 310.06 517.36 ship 0 0.998944 votes=1
305.51 395.97 365.85 391.42 367.12 408.30 306.78 412.85 ship 0 0.998890 votes=1
394.86 494.31 460.31 493.37 460.65 517.32 395.20 518.26 ship 0 0.998787 votes=1
649.76 332.54 716.26 333.91 715.82 355.38 649.32 354.01 ship 0 0.998751 votes=1
98.30 442.47 158.16 439.38 159.05 456.79 99.20 459.88 ship 0 0.998751 votes=1
184.41 433.37 240.85 433.22 240.89 449.99 184.46 450.14 ship 0 0.998699 votes=1
186.51 404.85 246.64 406.81 246.09 423.57 185.96 421.61 ship 0 0.998690 votes=1
543.39 527.89 622.13 529.03 621.76 554.20 543.03 553.06 ship 0 0.998659 votes=1
396.59 266.71 453.67 271.92 452.12 288.99 395.03 283.78 ship 0 0.998609 votes=1
102.50 246.02 159.54 246.52 159.40 262.10 102.36 261.60 ship 0 0.998606 votes=1
306.08 365.55 364.16 361.87 365.26 379.19 307.18 382.87 ship 0 0.998599 votes=1
395.19 351.63 461.36 352.66 461.04 373.59 394.87 372.56 ship 0 0.998591 votes=1
553.50 302.83 615.46 301.62 615.86 322.04 553.90 323.26 ship 0 0.998551 votes=1
184.09 459.85 241.26 460.92 240.94 477.73 183.77 476.67 ship 0 0.998540 votes=1
643.78 293.84 732.80 298.18 731.53 324.11 642.52 319.77 ship 0 0.998455 votes=1
107.11 342.31 159.71 343.09 159.44 361.14 106.84 360.36 ship 0 0.998413 votes=1
116.66 223.35 159.02 223.05 159.12 236.73 116.76 237.02 ship 0 0.998377 votes=1
186.99 486.89 248.03 488.59 247.54 506.23 186.50 504.53 ship 0 0.998324 votes=1
642.31 525.95 723.01 532.65 720.89 558.20 640.19 551.50 ship 0 0.998321 votes=1
306.58 285.55 361.51 282.17 362.60 299.71 307.66 303.10 ship 0 0.998300 votes=1
653.35 462.24 717.08 463.89 716.45 488.48 652.71 486.83 ship 0 0.998209 votes=1
114.38 319.24 157.70 319.13 157.74 335.43 114.43 335.55 ship 0 0.998182 votes=1
185.02 374.08 246.09 374.87 245.84 394.80 184.76 394.01 ship 0 0.998166 votes=1
306.66 336.36 363.76 336.42 363.75 353.42 306.65 353.36 ship 0 0.997615 votes=1
180.77 548.98 181.18 518.15 192.04 518.29 191.63 549.12 ship 0 0.997554 votes=1
184.31 290.06 245.52 293.67 244.49 311.30 183.27 307.69 ship 0 0.997435 votes=1
110.14 419.52 156.67 416.74 157.59 432.18 111.06 434.96 ship 0 0.996946 votes=1
205.72 518.10 206.15 549.53 194.99 549.69 194.56 518.26 ship 0 0.996895 votes=1
116.06 390.92 161.06 390.92 161.06 407.95 116.06 407.94 ship 0 0.996683 votes=1
118.31 370.43 157.41 370.86 157.24 385.88 118.14 385.44 ship 0 0.996642 votes=1
117.25 197.02 160.49 197.30 160.38 213.14 117.14 212.86 ship 0 0.996477 votes=1
159.62 549.00 159.92 518.20 171.32 518.31 171.02 549.11 ship 0 0.995812 votes=1
116.63 491.56 157.95 491.49 157.98 505.74 116.66 505.81 ship 0 0.995780 votes=1
415.99 532.41 416.10 568.07 402.79 568.12 402.68 532.45 ship 0 0.995602 votes=1
112.55 466.53 155.83 467.44 155.48 483.62 112.21 482.71 ship 0 0.995499 votes=1
144.01 516.91 144.19 547.64 133.55 547.70 133.37 516.97 ship 0 0.993736 votes=1
146.26 548.54 146.48 517.09 157.48 517.17 157.26 548.61 ship 0 0.992847 votes=1
385.78 571.52 386.60 530.15 401.44 530.45 400.62 571.81 ship 0 0.992144 votes=1
432.44 529.26 432.86 565.05 420.05 565.20 419.64 529.41 ship 0 0.991223 votes=1
433.20 565.64 433.38 530.49 446.17 530.56 445.98 565.71 ship 0 0.987083 votes=1
236.21 192.14 239.14 530.12 116.54 531.18 113.61 193.20 harbor 0 0.982618 votes=1
452.70 197.77 454.59 535.51 311.90 536.31 310.01 198.56 harbor 0 0.974867 votes=1
714.32 195.29 720.08 537.96 549.52 540.83 543.76 198.15 harbor 0 0.972904 votes=1
321.30 527.58 389.90 528.00 389.68 564.54 321.08 564.12 ship 0 0.969694 votes=1
