236.11 350.27 307.94 346.40 309.03 366.79 237.21 370.66 ship 0 0.999238 votes=1
743.75 102.47 754.74 64.14 769.65 68.41 758.66 106.74 ship 0 0.998685 votes=1
147.18 38.19 214.62 4.55 223.61 22.58 156.17 56.23 ship 0 0.998634 votes=1
153.28 237.59 207.73 196.21 222.57 215.74 168.12 257.12 ship 0 0.998525 votes=1
435.79 84.23 461.24 60.14 471.35 70.81 445.90 94.90 ship 0 0.998124 votes=1
284.01 551.23 310.35 534.26 317.37 545.15 291.03 562.13 ship 0 0.997195 votes=1
291.99 578.18 323.04 561.81 329.23 573.55 298.18 589.92 ship 0 0.992941 votes=1
324.21 557.92 350.54 544.49 355.14 553.50 328.80 566.92 ship 0 0.974253 votes=1
391.08 586.12 412.63 582.54 414.03 590.96 392.48 594.54 ship 0 0.962791 votes=1
356.79 620.69 366.43 635.41 359.18 640.16 349.54 625.43 ship 0 0.909289 votes=1
308.44 367.39 322.08 558.76 239.34 564.66 225.70 373.28 harbor 0 0.897666 votes=1
344.36 614.64 349.63 631.12 341.55 633.71 336.28 617.22 ship 0 0.884554 votes=1
254.41 548.20 388.72 506.42 420.29 607.90 285.98 649.69 harbor 0 0.880926 votes=1
317.78 632.35 317.80 614.79 334.56 614.80 334.54 632.37 ship 0 0.863915 votes=1
292.36 598.25 320.63 593.09 322.15 601.42 293.88 606.58 ship 0 0.798377 votes=1
370.20 536.95 393.45 531.23 395.70 540.36 372.45 546.08 ship 0 0.798040 votes=1
391.87 625.45 392.21 606.57 406.90 606.84 406.56 625.72 ship 0 0.773280 votes=1
414.41 607.97 431.27 616.34 427.47 624.00 410.61 615.63 ship 0 0.737753 votes=1
