44.35 364.61 491.53 415.20 454.29 744.34 7.12 693.76 Expressway-Service-area 0 0.998325 votes=1
108.14 45.00 781.01 113.58 755.75 361.34 82.88 292.75 Expressway-Service-area 0 0.997309 votes=1
448.37 226.98 487.83 231.33 486.96 239.24 447.50 234.89 vehicle 0 0.994663 votes=1
640.08 212.36 668.92 228.11 665.65 234.11 636.80 218.36 vehicle 0 0.994386 votes=1
390.75 257.50 422.44 260.21 421.85 267.06 390.17 264.35 vehicle 0 0.993822 votes=1
309.94 249.37 362.87 254.98 362.05 262.68 309.12 257.08 vehicle 0 0.990719 votes=1
224.24 285.28 295.25 288.51 294.95 295.21 223.94 291.98 vehicle 0 0.983894 votes=1
310.48 218.36 342.12 220.14 341.68 227.84 310.05 226.06 vehicle 0 0.977669 votes=1
153.56 523.55 171.60 548.50 166.06 552.51 148.02 527.56 vehicle 0 0.968564 votes=1
129.30 263.69 140.55 244.13 145.70 247.09 134.45 266.65 vehicle 0 0.968037 votes=1
288.48 473.48 351.43 463.43 352.65 471.10 289.70 481.15 vehicle 0 0.965765 votes=1
181.95 521.91 199.89 552.96 194.06 556.33 176.12 525.27 vehicle 0 0.957379 votes=1
489.79 210.52 516.43 214.87 515.29 221.87 488.65 217.52 vehicle 0 0.947478 votes=1
218.93 258.84 246.96 250.19 249.07 257.06 221.05 265.71 vehicle 0 0.920704 votes=1
345.69 481.31 365.91 468.72 370.01 475.30 349.79 487.90 vehicle 0 0.701870 votes=1
