223.75 227.43 567.33 644.94 385.75 794.37 42.17 376.86 Expressway-Service-area 0 0.998268 votes=1
456.61 51.15 789.51 455.75 601.19 610.69 268.29 206.09 Expressway-Service-area 0 0.997651 votes=1
266.60 475.72 284.25 504.44 277.52 508.57 259.88 479.86 vehicle 0 0.996494 votes=1
124.97 45.06 147.82 70.62 142.44 75.43 119.60 49.87 vehicle 0 0.992359 votes=1
343.48 407.60 372.00 442.88 365.47 448.16 336.95 412.88 vehicle 0 0.984225 votes=1
526.94 327.43 552.58 351.48 547.23 357.18 521.59 333.13 vehicle 0 0.980459 votes=1
307.64 237.56 335.15 255.17 331.35 261.11 303.83 243.50 vehicle 0 0.975764 votes=1
382.86 445.28 430.31 401.17 438.21 409.67 390.77 453.78 overpass 0 0.973651 votes=1
310.00 492.73 327.64 513.46 322.33 517.98 304.69 497.24 vehicle 0 0.969380 votes=1
522.77 365.88 543.44 385.69 538.17 391.20 517.50 371.39 vehicle 0 0.968529 votes=1
302.22 212.22 324.57 230.40 320.61 235.27 298.26 217.09 vehicle 0 0.963058 votes=1
457.96 279.27 480.36 305.62 474.08 310.96 451.68 284.61 vehicle 0 0.962983 votes=1
489.44 324.96 502.59 345.33 494.64 350.46 481.49 330.09 vehicle 0 0.792041 votes=1
