394.33 365.25 414.28 442.71 384.90 450.28 364.95 372.82 ship 0 0.999454 votes=1
402.52 264.76 418.29 320.69 396.58 326.82 380.80 270.88 ship 0 0.999158 votes=1
328.03 262.70 349.05 343.68 321.02 350.96 299.99 269.98 ship 0 0.999155 votes=1
498.96 332.22 515.42 388.86 494.71 394.88 478.24 338.24 ship 0 0.999121 votes=1
275.53 355.42 298.70 447.21 267.64 455.05 244.48 363.26 ship 0 0.999054 votes=1
433.95 255.69 448.02 316.85 427.74 321.51 413.67 260.36 ship 0 0.999045 votes=1
459.49 337.10 478.57 407.04 453.61 413.85 434.53 343.92 ship 0 0.998895 votes=1
427.49 348.05 446.32 417.80 422.11 424.33 403.28 354.59 ship 0 0.998786 votes=1
359.13 376.57 376.15 452.82 346.72 459.39 329.70 383.14 ship 0 0.998760 votes=1
526.46 330.75 543.02 382.10 522.84 388.61 506.28 337.26 ship 0 0.998011 votes=1
506.26 229.32 521.84 290.33 497.82 296.47 482.23 235.46 ship 0 0.997498 votes=1
252.10 305.62 679.44 182.82 723.67 336.72 296.33 459.53 harbor 0 0.976167 votes=1
