434.78 626.35 435.33 578.14 478.52 578.64 477.97 626.84 airplane 0 0.999539 votes=1
435.58 698.70 435.85 647.92 480.67 648.17 480.39 698.95 airplane 0 0.999482 votes=1
235.76 503.61 237.50 560.79 196.11 562.06 194.36 504.88 airplane 0 0.999463 votes=1
302.76 631.77 303.67 573.09 349.58 573.81 348.67 632.48 airplane 0 0.999462 votes=1
60.60 643.15 62.74 698.57 23.80 700.07 21.67 644.65 airplane 0 0.999453 votes=1
473.55 509.76 474.73 558.32 435.92 559.27 434.74 510.70 airplane 0 0.999450 votes=1
607.88 718.12 607.89 626.35 686.11 626.36 686.09 718.14 airplane 0 0.999445 votes=1
684.15 474.61 684.49 585.24 605.01 585.49 604.67 474.85 airplane 0 0.999435 votes=1
307.30 765.02 308.54 714.81 345.26 715.72 344.02 765.93 airplane 0 0.999430 votes=1
236.38 569.35 236.98 631.61 194.03 632.03 193.42 569.77 airplane 0 0.999377 votes=1
68.13 505.08 69.08 567.34 23.12 568.04 22.18 505.77 airplane 0 0.999317 votes=1
355.29 504.62 356.65 561.90 315.13 562.89 313.76 505.61 airplane 0 0.999305 votes=1
230.42 643.02 231.66 700.87 195.47 701.64 194.23 643.80 airplane 0 0.999239 votes=1
194.62 758.89 197.81 712.90 233.07 715.34 229.89 761.33 airplane 0 0.999201 votes=1
