755.59 237.49 767.07 288.42 749.05 292.48 737.57 241.55 ship 0 0.998909 votes=1
666.34 38.01 679.94 83.45 664.49 88.08 650.88 42.63 ship 0 0.998760 votes=1
516.36 261.30 532.82 318.25 511.07 324.54 494.61 267.59 ship 0 0.998489 votes=1
121.37 285.64 133.50 341.40 114.10 345.62 101.97 289.86 ship 0 0.998451 votes=1
24.72 307.86 32.13 357.44 15.76 359.88 8.36 310.31 ship 0 0.997915 votes=1
776.10 214.32 785.40 258.19 770.37 261.37 761.07 217.51 ship 0 0.997816 votes=1
703.86 252.86 712.70 294.94 696.29 298.39 687.46 256.31 ship 0 0.997490 votes=1
650.84 51.46 660.83 91.50 646.53 95.07 636.54 55.03 ship 0 0.997351 votes=1
321.08 257.01 329.61 296.48 314.19 299.80 305.67 260.33 ship 0 0.997319 votes=1
550.06 272.82 560.86 325.55 542.75 329.26 531.95 276.52 ship 0 0.997056 votes=1
468.89 273.19 480.13 314.21 465.15 318.32 453.91 277.29 ship 0 0.996796 votes=1
680.72 255.33 687.45 295.32 672.07 297.91 665.34 257.92 ship 0 0.995493 votes=1
598.47 61.12 612.11 98.89 597.10 104.31 583.46 66.54 ship 0 0.994287 votes=1
69.40 313.41 75.72 345.83 61.35 348.64 55.03 316.21 ship 0 0.990401 votes=1
-0.85 298.15 483.28 190.26 499.26 261.96 15.13 369.85 harbor 0 0.955321 votes=1
637.92 292.07 645.53 275.35 651.75 278.18 644.14 294.90 ship 0 0.947170 votes=1
431.78 218.88 770.82 199.77 776.67 303.49 437.63 322.60 harbor 0 0.903245 votes=1
173.32 282.49 179.79 324.86 163.57 327.34 157.10 284.96 ship 0 0.858553 votes=1
344.83 253.42 352.86 284.63 344.06 286.89 336.03 255.68 ship 0 0.813031 votes=1
546.10 61.31 684.44 9.62 707.17 70.45 568.83 122.14 harbor 0 0.774132 votes=1
400.05 221.79 406.01 239.99 392.44 244.44 386.48 226.24 ship 0 0.685392 votes=1
