424.11 337.52 424.50 256.03 445.85 256.13 445.45 337.63 ship 0 0.999572 votes=1
477.38 263.96 478.49 335.58 458.15 335.90 457.04 264.28 ship 0 0.999483 votes=1
545.57 332.36 545.58 257.11 566.54 257.11 566.53 332.36 ship 0 0.999446 votes=1
505.61 353.88 505.71 431.57 485.75 431.59 485.66 353.91 ship 0 0.999440 votes=1
512.44 629.79 512.95 693.32 493.50 693.48 492.99 629.94 ship 0 0.999436 votes=1
515.37 434.05 517.12 353.64 540.45 354.15 538.70 434.55 ship 0 0.999425 votes=1
504.93 259.15 505.04 335.32 485.33 335.35 485.21 259.17 ship 0 0.999423 votes=1
517.55 335.28 517.61 255.52 539.29 255.53 539.23 335.30 ship 0 0.999288 votes=1
104.21 563.58 176.64 562.70 176.87 581.81 104.44 582.70 ship 0 0.999285 votes=1
521.78 700.31 522.14 627.93 544.84 628.04 544.48 700.43 ship 0 0.999273 votes=1
93.59 460.27 165.90 459.52 166.11 479.92 93.80 480.67 ship 0 0.999263 votes=1
626.35 260.68 627.91 332.03 607.74 332.47 606.18 261.12 ship 0 0.999188 votes=1
198.97 322.44 262.95 323.11 262.73 344.04 198.75 343.36 ship 0 0.999106 votes=1
511.67 542.00 512.11 606.32 491.25 606.46 490.81 542.15 ship 0 0.999077 votes=1
96.54 65.57 234.42 62.08 235.16 91.22 97.28 94.71 ship 0 0.999076 votes=1
662.90 273.96 663.11 335.03 641.82 335.11 641.61 274.03 ship 0 0.999067 votes=1
606.75 691.39 606.82 625.44 627.28 625.46 627.21 691.41 ship 0 0.999064 votes=1
600.66 621.41 601.61 685.72 580.72 686.03 579.78 621.71 ship 0 0.999041 votes=1
445.54 353.70 446.22 427.94 425.48 428.13 424.80 353.89 ship 0 0.999023 votes=1
189.39 556.27 292.13 553.28 292.86 578.21 190.11 581.20 ship 0 0.999001 votes=1
478.64 352.12 479.26 428.45 455.01 428.65 454.38 352.32 ship 0 0.998975 votes=1
598.34 541.40 600.86 608.45 580.61 609.21 578.09 542.16 ship 0 0.998855 votes=1
570.15 159.32 635.64 117.20 647.33 135.38 581.84 177.50 ship 0 0.998837 votes=1
466.92 610.67 467.65 552.89 484.18 553.10 483.45 610.88 ship 0 0.998642 votes=1
189.80 459.46 305.38 457.01 306.01 486.69 190.43 489.14 ship 0 0.998608 votes=1
196.73 156.57 281.30 154.83 281.74 176.29 197.17 178.02 ship 0 0.998473 votes=1
94.54 155.96 178.21 155.06 178.45 177.33 94.78 178.23 ship 0 0.998424 votes=1
686.37 351.07 688.76 405.22 669.63 406.06 667.24 351.92 ship 0 0.998332 votes=1
85.53 324.03 190.93 321.79 191.48 348.04 86.08 350.28 ship 0 0.998050 votes=1
454.30 541.88 456.54 611.08 435.65 611.75 433.41 542.55 ship 0 0.997943 votes=1
544.80 133.25 625.50 88.03 636.87 108.31 556.16 153.53 ship 0 0.997382 votes=1
681.76 626.79 682.34 682.83 663.37 683.02 662.79 626.99 ship 0 0.997212 votes=1
655.45 550.31 658.41 607.45 641.93 608.30 638.97 551.17 ship 0 0.997204 votes=1
458.60 630.18 458.93 698.08 436.04 698.19 435.71 630.30 ship 0 0.997049 votes=1
607.47 599.43 607.66 545.53 625.68 545.59 625.50 599.50 ship 0 0.996195 votes=1
104.25 710.70 179.49 710.36 179.63 741.49 104.39 741.83 ship 0 0.996101 votes=1
678.76 551.71 680.09 602.82 665.05 603.20 663.72 552.10 ship 0 0.994949 votes=1
248.82 63.42 283.21 63.23 283.29 77.19 248.90 77.38 ship 0 0.992379 votes=1
431.80 547.58 701.84 545.69 702.86 690.47 432.81 692.36 harbor 0 0.990296 votes=1
675.69 -4.71 685.83 53.82 666.84 57.11 656.70 -1.42 ship 0 0.989661 votes=1
558.96 355.21 559.26 385.85 547.66 385.96 547.36 355.32 ship 0 0.988564 votes=1
421.79 264.29 746.01 260.20 748.14 429.08 423.92 433.17 harbor 0 0.985669 votes=1
766.34 77.15 804.24 121.88 791.59 132.60 753.68 87.88 ship 0 0.985140 votes=1
475.20 660.00 475.91 632.62 486.13 632.89 485.42 660.27 ship 0 0.977418 votes=1
654.16 1.70 667.42 48.82 654.04 52.58 640.79 5.46 ship 0 0.974570 votes=1
112.11 756.18 176.63 757.41 176.08 786.50 111.55 785.27 ship 0 0.958980 votes=1
695.27 321.83 733.45 321.89 733.43 335.07 695.25 335.01 ship 0 0.930657 votes=1
681.52 586.65 682.34 555.91 693.17 556.20 692.36 586.94 ship 0 0.919313 votes=1
61.53 17.80 298.70 16.63 299.06 90.35 61.89 91.53 harbor 0 0.899322 votes=1
68.21 275.17 304.10 276.74 303.63 347.52 67.73 345.94 harbor 0 0.897344 votes=1
93.59 552.28 304.33 555.26 303.56 609.77 92.82 606.80 harbor 0 0.829960 votes=1
72.43 444.11 304.96 442.21 305.09 457.67 72.55 459.57 harbor 0 0.738949 votes=1
62.04 179.40 297.88 175.70 298.13 191.37 62.29 195.07 harbor 0 0.699579 votes=1
73.85 744.07 306.21 735.04 306.89 752.62 74.53 761.64 harbor 0 0.671128 votes=1
629.65 38.94 761.07 291.06 677.38 334.69 545.95 82.57 harbor 0 0.646279 votes=1
625.11 598.11 625.29 576.09 634.78 576.17 634.59 598.19 ship 0 0.610061 votes=1
