376.18 325.46 417.00 321.63 418.37 336.28 377.55 340.10 ship 0 0.999161 votes=1
252.42 504.09 293.19 504.66 293.01 517.71 252.23 517.14 ship 0 0.998957 votes=1
383.72 391.99 427.75 390.12 428.37 404.78 384.35 406.65 ship 0 0.998951 votes=1
28.37 593.88 60.80 593.19 61.10 607.56 28.67 608.25 ship 0 0.998882 votes=1
457.86 588.16 466.58 634.48 450.53 637.50 441.82 591.18 ship 0 0.998843 votes=1
279.28 607.60 283.72 656.92 264.70 658.64 260.26 609.32 ship 0 0.998813 votes=1
160.59 635.01 163.24 689.03 144.35 689.96 141.71 635.93 ship 0 0.998763 votes=1
137.64 641.38 138.27 687.97 124.23 688.17 123.60 641.57 ship 0 0.998750 votes=1
484.06 401.73 523.22 396.57 525.06 410.55 485.90 415.71 ship 0 0.998592 votes=1
557.66 576.05 569.28 626.47 550.81 630.72 539.20 580.30 ship 0 0.998590 votes=1
164.76 683.83 165.16 638.43 182.08 638.58 181.67 683.98 ship 0 0.998541 votes=1
246.17 335.15 283.79 334.80 283.94 350.82 246.32 351.16 ship 0 0.998501 votes=1
346.05 498.76 390.33 496.30 391.17 511.44 346.89 513.90 ship 0 0.998464 votes=1
336.90 296.09 363.62 295.09 363.99 305.06 337.27 306.06 ship 0 0.998453 votes=1
334.72 363.33 372.33 362.21 372.72 375.57 335.12 376.69 ship 0 0.998355 votes=1
335.95 347.95 369.41 345.91 370.13 357.73 336.67 359.77 ship 0 0.998347 votes=1
91.89 516.89 131.62 516.72 131.68 531.21 91.95 531.37 ship 0 0.998324 votes=1
388.98 426.62 431.95 421.23 433.79 435.94 390.82 441.33 ship 0 0.998289 votes=1
364.03 546.81 393.82 546.10 394.09 557.21 364.30 557.92 ship 0 0.998230 votes=1
135.10 413.34 174.07 412.94 174.22 427.95 135.25 428.35 ship 0 0.998172 votes=1
26.17 464.33 59.31 463.55 59.58 475.08 26.44 475.86 ship 0 0.998136 votes=1
381.06 359.46 414.19 355.45 415.77 368.54 382.64 372.55 ship 0 0.998051 votes=1
400.52 598.65 403.40 647.27 384.23 648.41 381.35 599.78 ship 0 0.998031 votes=1
396.93 491.96 440.10 488.50 441.28 503.18 398.10 506.64 ship 0 0.997996 votes=1
237.61 608.01 239.28 659.46 219.85 660.09 218.18 608.65 ship 0 0.997934 votes=1
138.84 514.57 181.01 512.56 181.77 528.47 139.59 530.47 ship 0 0.997823 votes=1
253.16 610.21 256.80 652.99 241.96 654.25 238.33 611.47 ship 0 0.997766 votes=1
249.01 471.36 280.25 468.50 281.37 480.75 250.13 483.61 ship 0 0.997713 votes=1
42.64 677.61 43.27 626.47 60.85 626.69 60.23 677.83 ship 0 0.997691 votes=1
21.01 677.23 21.04 622.00 39.75 622.01 39.71 677.24 ship 0 0.997577 votes=1
235.58 274.40 236.02 302.85 224.36 303.04 223.92 274.58 ship 0 0.997428 votes=1
27.95 566.66 56.62 566.17 56.81 577.34 28.13 577.83 ship 0 0.997330 votes=1
297.74 784.67 310.81 758.38 320.99 763.44 307.92 789.73 ship 0 0.997222 votes=1
504.70 515.16 540.76 511.95 542.13 527.38 506.07 530.59 ship 0 0.996793 votes=1
439.45 594.97 449.46 648.52 430.84 652.00 420.82 598.46 ship 0 0.996709 votes=1
29.48 515.19 57.84 515.37 57.77 527.70 29.40 527.52 ship 0 0.996470 votes=1
357.55 599.34 358.52 654.61 340.57 654.93 339.59 599.66 ship 0 0.996448 votes=1
248.98 368.44 281.81 369.43 281.45 381.33 248.62 380.35 ship 0 0.996350 votes=1
406.22 558.83 448.41 557.97 448.71 572.74 406.52 573.60 ship 0 0.996332 votes=1
118.77 638.48 119.10 684.04 102.88 684.15 102.55 638.60 ship 0 0.996154 votes=1
493.76 380.19 517.43 377.93 518.37 387.79 494.70 390.05 ship 0 0.996141 votes=1
220.92 574.28 248.66 573.94 248.79 584.39 221.05 584.73 ship 0 0.996070 votes=1
26.83 449.12 54.52 448.95 54.59 459.80 26.90 459.98 ship 0 0.995796 votes=1
93.00 336.50 118.28 336.96 118.10 346.96 92.82 346.50 ship 0 0.995682 votes=1
370.36 563.05 394.51 560.25 395.65 570.10 371.50 572.91 ship 0 0.994974 votes=1
250.37 437.63 282.31 434.29 283.51 445.73 251.57 449.08 ship 0 0.994925 votes=1
29.46 540.86 57.58 541.88 57.19 552.71 29.07 551.70 ship 0 0.994468 votes=1
219.07 524.30 245.16 523.43 245.55 535.12 219.46 535.99 ship 0 0.993300 votes=1
344.76 431.31 376.56 428.40 377.86 442.63 346.06 445.54 ship 0 0.993057 votes=1
517.73 585.85 518.65 628.86 502.15 629.22 501.23 586.20 ship 0 0.992641 votes=1
499.91 457.99 530.01 455.20 530.98 465.69 500.88 468.48 ship 0 0.992559 votes=1
213.07 412.15 240.13 412.08 240.16 422.17 213.10 422.24 ship 0 0.992342 votes=1
22.02 281.05 45.95 280.28 46.29 290.88 22.36 291.65 ship 0 0.991850 votes=1
448.05 253.88 496.73 252.81 497.30 279.03 448.63 280.09 ship 0 0.991670 votes=1
418.25 580.01 444.41 576.85 445.67 587.24 419.50 590.39 ship 0 0.991652 votes=1
537.41 582.92 543.22 624.05 525.38 626.57 519.57 585.44 ship 0 0.991477 votes=1
504.28 475.79 534.83 473.48 535.69 484.91 505.14 487.22 ship 0 0.991182 votes=1
371.63 583.70 394.46 581.61 395.39 591.79 372.56 593.88 ship 0 0.990175 votes=1
214.27 494.08 242.83 493.39 243.11 505.20 214.55 505.88 ship 0 0.988052 votes=1
167.49 242.79 167.91 193.81 186.37 193.98 185.94 242.95 ship 0 0.988030 votes=1
216.41 427.97 241.47 428.17 241.40 437.38 216.34 437.19 ship 0 0.984122 votes=1
166.00 244.70 185.02 667.93 101.08 671.71 82.06 248.47 harbor 0 0.983523 votes=1
218.29 474.74 241.55 476.77 240.63 487.36 217.37 485.33 ship 0 0.982069 votes=1
219.50 559.42 245.94 559.09 246.06 568.70 219.62 569.03 ship 0 0.981665 votes=1
407.30 252.66 452.58 616.54 366.02 627.31 320.74 263.43 harbor 0 0.974318 votes=1
207.87 159.19 213.15 125.33 224.83 127.15 219.54 161.02 ship 0 0.974028 votes=1
128.27 274.63 130.17 294.22 121.40 295.07 119.50 275.48 ship 0 0.960054 votes=1
509.89 233.90 566.13 606.38 514.77 614.13 458.53 241.66 harbor 0 0.953516 votes=1
29.56 489.92 51.05 488.48 51.65 497.40 30.16 498.84 ship 0 0.950445 votes=1
283.93 246.31 292.27 631.29 218.48 632.89 210.14 247.91 harbor 0 0.949531 votes=1
106.02 537.34 133.99 537.26 134.01 548.09 106.05 548.16 ship 0 0.944040 votes=1
775.46 675.74 803.28 668.33 806.54 680.56 778.71 687.97 ship 0 0.943613 votes=1
253.73 169.99 257.62 137.25 270.56 138.79 266.67 171.53 ship 0 0.933716 votes=1
141.77 537.84 160.96 536.61 161.52 545.34 142.33 546.56 ship 0 0.918779 votes=1
224.93 590.94 247.61 590.46 247.81 599.95 225.13 600.43 ship 0 0.905395 votes=1
53.74 249.92 60.04 653.53 22.56 654.12 16.26 250.50 harbor 0 0.881084 votes=1
26.02 305.68 46.28 305.02 46.62 315.37 26.36 316.03 ship 0 0.843971 votes=1
20.48 60.32 40.15 72.87 35.51 80.14 15.84 67.60 ship 0 0.771754 votes=1
548.52 514.43 548.52 500.01 556.67 500.01 556.67 514.43 ship 0 0.717441 votes=1
26.10 358.29 46.49 356.42 47.34 365.69 26.94 367.56 ship 0 0.606112 votes=1
