218.11 651.16 311.25 574.15 331.83 599.04 238.69 676.05 ship 0 0.998354 votes=1
441.53 723.12 688.97 517.83 720.75 556.15 473.32 761.44 ship 0 0.997930 votes=1
36.81 681.38 181.98 566.51 206.47 597.46 61.30 712.33 ship 0 0.996927 votes=1
281.85 766.43 286.13 743.12 293.88 744.55 289.60 767.86 ship 0 0.975818 votes=1
235.05 754.72 257.73 757.02 256.92 765.01 234.24 762.71 ship 0 0.972461 votes=1
313.07 770.60 313.32 749.08 321.59 749.17 321.34 770.70 ship 0 0.962649 votes=1
589.76 764.68 644.31 761.49 646.58 800.24 592.03 803.43 harbor 0 0.894562 votes=1
764.01 590.52 797.08 566.94 804.25 577.00 771.19 600.59 ship 0 0.872595 votes=1
413.73 485.86 431.75 469.04 438.81 476.61 420.79 493.42 ship 0 0.804172 votes=1
355.91 775.28 376.26 778.58 375.11 785.67 354.76 782.37 ship 0 0.722435 votes=1
587.15 727.11 604.24 718.32 608.27 726.16 591.18 734.95 ship 0 0.673802 votes=1
