565.93 226.62 659.55 234.11 656.74 269.15 563.13 261.67 ship 0 0.999491 votes=1
519.76 429.81 641.31 425.22 642.82 465.37 521.27 469.95 ship 0 0.999376 votes=1
539.31 377.81 643.12 376.76 643.48 411.85 539.67 412.90 ship 0 0.999366 votes=1
583.14 179.87 663.10 182.09 662.16 215.80 582.20 213.58 ship 0 0.999362 votes=1
154.96 400.09 285.15 363.85 295.78 402.05 165.59 438.29 ship 0 0.999256 votes=1
551.38 276.10 650.14 277.06 649.81 310.96 551.05 309.99 ship 0 0.999027 votes=1
38.99 543.20 146.83 514.24 156.88 551.65 49.04 580.62 ship 0 0.999002 votes=1
531.39 320.63 655.32 323.30 654.39 366.46 530.46 363.79 ship 0 0.998756 votes=1
181.10 499.63 280.24 469.65 290.68 504.18 191.55 534.16 ship 0 0.995492 votes=1
570.43 455.81 589.53 127.30 748.71 136.55 729.61 465.06 harbor 0 0.983003 votes=1
158.77 263.23 270.15 582.04 142.58 626.61 31.19 307.80 harbor 0 0.977829 votes=1
