606.12 630.63 606.35 709.83 572.62 709.93 572.39 630.73 ship 0 0.999079 votes=1
353.87 693.59 361.49 632.80 384.29 635.66 376.67 696.45 ship 0 0.999059 votes=1
187.64 706.58 189.29 632.93 215.98 633.53 214.33 707.18 ship 0 0.998993 votes=1
317.74 708.13 319.45 632.07 346.17 632.67 344.46 708.73 ship 0 0.998826 votes=1
443.03 709.15 443.43 643.13 467.92 643.28 467.52 709.30 ship 0 0.998699 votes=1
658.06 642.82 661.99 729.79 615.43 731.90 611.49 644.92 ship 0 0.998506 votes=1
106.86 703.98 107.72 633.71 136.02 634.06 135.16 704.33 ship 0 0.998151 votes=1
425.36 641.73 427.21 702.42 408.45 702.99 406.60 642.30 ship 0 0.998076 votes=1
219.29 27.07 222.70 77.49 203.11 78.82 199.70 28.40 ship 0 0.997664 votes=1
514.27 646.72 521.65 729.13 496.21 731.41 488.83 648.99 ship 0 0.997406 votes=1
601.64 519.85 603.00 606.69 545.38 607.60 544.02 520.76 ship 0 0.997307 votes=1
206.30 599.19 208.81 515.79 262.76 517.42 260.25 600.81 ship 0 0.992153 votes=1
276.77 606.33 279.07 511.41 320.45 512.41 318.14 607.34 ship 0 0.991008 votes=1
104.01 506.31 723.08 518.81 719.04 718.88 99.97 706.38 harbor 0 0.986844 votes=1
104.14 594.80 105.39 506.34 158.79 507.09 157.54 595.56 ship 0 0.979466 votes=1
272.53 490.40 310.03 493.44 308.82 508.35 271.32 505.31 ship 0 0.961253 votes=1
