513.46 544.27 525.38 495.58 542.31 499.72 530.38 548.41 ship 0 0.998326 votes=1
383.75 173.74 385.18 129.79 402.30 130.35 400.88 174.30 ship 0 0.997147 votes=1
272.84 538.77 282.11 481.27 304.29 484.85 295.01 542.35 ship 0 0.996482 votes=1
446.26 493.33 451.59 444.52 469.62 446.49 464.30 495.30 ship 0 0.996399 votes=1
307.61 108.63 308.92 42.70 330.24 43.13 328.93 109.06 ship 0 0.996345 votes=1
301.75 163.07 304.50 117.69 320.62 118.67 317.87 164.04 ship 0 0.996151 votes=1
300.99 537.37 309.33 481.69 331.94 485.08 323.59 540.76 ship 0 0.995562 votes=1
330.07 535.77 337.83 490.28 358.00 493.72 350.23 539.21 ship 0 0.993661 votes=1
435.97 551.86 443.10 503.55 461.96 506.33 454.84 554.64 ship 0 0.993526 votes=1
270.16 175.13 275.66 117.82 300.75 120.22 295.25 177.54 ship 0 0.993439 votes=1
410.87 116.21 413.01 74.02 430.26 74.90 428.12 117.09 ship 0 0.992968 votes=1
462.46 127.68 510.73 129.32 509.94 152.64 461.67 151.00 ship 0 0.992952 votes=1
410.03 542.95 416.64 502.02 432.89 504.65 426.28 545.57 ship 0 0.992574 votes=1
389.06 483.35 397.71 434.17 417.82 437.71 409.17 486.89 ship 0 0.991648 votes=1
362.12 110.65 364.84 66.61 379.02 67.49 376.31 111.53 ship 0 0.991150 votes=1
246.84 533.91 256.06 473.55 279.56 477.14 270.34 537.50 ship 0 0.990690 votes=1
456.17 155.25 517.95 156.78 517.35 181.33 455.56 179.80 ship 0 0.990459 votes=1
257.66 463.06 265.79 405.89 290.18 409.36 282.04 466.53 ship 0 0.990155 votes=1
331.30 112.65 333.63 46.25 359.30 47.16 356.97 113.55 ship 0 0.989773 votes=1
363.84 479.78 372.93 433.90 393.11 437.90 384.02 483.78 ship 0 0.988985 votes=1
434.38 115.98 435.19 63.71 455.96 64.03 455.16 116.30 ship 0 0.987105 votes=1
361.70 533.66 367.12 489.45 383.24 491.43 377.82 535.63 ship 0 0.982140 votes=1
383.28 540.32 390.24 491.89 409.42 494.64 402.46 543.08 ship 0 0.981606 votes=1
211.62 51.55 510.25 64.77 505.08 181.62 206.45 168.40 harbor 0 0.980939 votes=1
469.83 496.49 475.37 449.25 497.66 451.86 492.11 499.11 ship 0 0.980502 votes=1
310.87 471.47 318.96 421.53 339.60 424.88 331.51 474.82 ship 0 0.979072 votes=1
408.15 173.35 409.05 125.22 427.90 125.57 427.00 173.70 ship 0 0.977144 votes=1
417.45 492.77 424.45 443.79 443.09 446.45 436.09 495.43 ship 0 0.973773 votes=1
352.66 178.12 355.87 127.60 379.46 129.10 376.25 179.61 ship 0 0.968918 votes=1
279.25 111.83 281.57 59.74 301.38 60.63 299.06 112.72 ship 0 0.955298 votes=1
335.28 475.20 346.97 430.39 365.10 435.12 353.41 479.93 ship 0 0.954744 votes=1
462.11 102.35 519.47 105.08 518.55 124.53 461.19 121.79 ship 0 0.949343 votes=1
190.57 405.41 530.29 452.16 514.76 565.08 175.03 518.33 harbor 0 0.942012 votes=1
105.23 720.80 105.41 753.42 90.58 753.50 90.39 720.88 ship 0 0.935660 votes=1
382.59 115.17 384.39 71.51 405.98 72.40 404.18 116.07 ship 0 0.915022 votes=1
465.06 74.77 515.41 77.64 514.18 99.28 463.82 96.40 ship 0 0.901039 votes=1
487.82 560.06 489.86 509.43 511.32 510.29 509.28 560.93 ship 0 0.895010 votes=1
188.26 252.47 549.42 244.97 551.04 322.97 189.88 330.47 harbor 0 0.888681 votes=1
97.36 743.18 98.21 626.92 156.87 627.35 156.02 743.60 harbor 0 0.883320 votes=1
468.77 50.48 516.52 52.29 515.86 69.72 468.11 67.92 ship 0 0.864787 votes=1
285.24 465.91 293.54 421.30 309.34 424.24 301.05 468.85 ship 0 0.802353 votes=1
431.52 176.88 433.25 131.42 449.12 132.02 447.39 177.48 ship 0 0.613884 votes=1
