236.33 102.28 682.37 173.13 643.13 420.15 197.10 349.30 Expressway-Service-area 0 0.998500 votes=1
182.61 442.69 618.55 520.48 572.69 777.50 136.75 699.70 Expressway-Service-area 0 0.998092 votes=1
382.24 298.26 423.09 304.90 421.78 312.94 380.93 306.30 vehicle 0 0.977297 votes=1
284.92 566.06 305.02 568.33 304.38 573.99 284.28 571.72 vehicle 0 0.971823 votes=1
274.17 497.88 329.23 505.97 327.72 516.22 272.67 508.13 vehicle 0 0.969012 votes=1
406.18 560.96 458.29 570.19 457.08 576.99 404.97 567.77 vehicle 0 0.955451 votes=1
587.24 527.46 604.53 517.03 607.71 522.31 590.42 532.74 vehicle 0 0.953836 votes=1
394.43 323.54 452.43 334.59 450.93 342.44 392.94 331.40 vehicle 0 0.928783 votes=1
69.33 363.04 94.21 367.49 93.00 374.27 68.12 369.82 vehicle 0 0.916948 votes=1
432.44 268.83 464.57 274.79 463.27 281.79 431.14 275.83 vehicle 0 0.915845 votes=1
520.94 368.24 552.82 375.17 551.30 382.19 519.41 375.26 vehicle 0 0.914658 votes=1
318.23 568.69 343.12 571.81 342.21 579.06 317.32 575.93 vehicle 0 0.889365 votes=1
211.19 387.05 235.41 389.03 234.89 395.29 210.67 393.32 vehicle 0 0.881382 votes=1
519.49 361.40 548.98 360.21 549.36 369.74 519.87 370.93 vehicle 0 0.851361 votes=1
550.49 515.43 582.90 501.97 585.78 508.93 553.38 522.39 vehicle 0 0.842702 votes=1
468.33 350.79 498.86 351.30 498.70 360.89 468.17 360.37 vehicle 0 0.815770 votes=1
395.62 316.64 453.47 327.53 451.92 335.78 394.07 324.89 vehicle 0 0.745541 votes=1
468.09 359.48 500.74 364.11 499.76 371.02 467.11 366.38 vehicle 0 0.670159 votes=1
