687.67 223.06 720.85 201.80 724.79 207.95 691.61 229.21 vehicle 0 0.998238 votes=1
-4.01 326.93 461.84 27.50 580.15 211.56 114.30 511.00 Expressway-Service-area 0 0.998233 votes=1
251.21 551.94 718.27 244.80 827.80 411.34 360.73 718.49 Expressway-Service-area 0 0.998157 votes=1
150.84 305.07 169.50 334.85 162.90 338.99 144.23 309.21 vehicle 0 0.996104 votes=1
203.74 442.21 229.44 422.48 233.86 428.24 208.16 447.97 vehicle 0 0.994865 votes=1
58.23 631.32 82.03 614.71 85.81 620.13 62.02 636.74 vehicle 0 0.992847 votes=1
381.32 300.33 410.14 281.42 413.51 286.55 384.68 305.46 vehicle 0 0.963791 votes=1
333.38 333.25 365.13 314.22 369.56 321.61 337.81 340.64 vehicle 0 0.954634 votes=1
505.47 413.98 534.63 396.77 537.76 402.07 508.60 419.28 vehicle 0 0.911511 votes=1
188.29 242.27 227.10 232.82 228.76 239.61 189.95 249.06 vehicle 0 0.889859 votes=1
235.95 207.10 270.64 202.62 271.80 211.58 237.11 216.06 vehicle 0 0.849063 votes=1
444.00 265.91 472.44 248.44 476.32 254.76 447.89 272.23 vehicle 0 0.809910 votes=1
246.58 235.57 275.58 235.27 275.66 243.18 246.66 243.48 vehicle 0 0.750598 votes=1
251.45 247.41 274.16 240.37 276.03 246.40 253.32 253.44 vehicle 0 0.708905 votes=1
