313.71 248.61 350.36 292.60 337.84 303.03 301.19 259.04 ship 0 0.999151 votes=1
432.19 470.53 472.20 529.35 455.46 540.73 415.46 481.92 ship 0 0.998977 votes=1
232.85 324.85 273.93 369.92 261.83 380.95 220.75 335.87 ship 0 0.998733 votes=1
149.12 220.98 182.47 257.10 171.98 266.79 138.63 230.67 ship 0 0.998714 votes=1
539.33 719.23 560.17 756.05 548.80 762.48 527.96 725.67 ship 0 0.998486 votes=1
365.20 212.39 399.65 250.23 389.11 259.82 354.66 221.98 ship 0 0.998367 votes=1
52.22 170.75 125.96 106.88 140.42 123.57 66.68 187.44 ship 0 0.998366 votes=1
508.65 400.42 545.54 463.85 528.88 473.54 492.00 410.10 ship 0 0.998341 votes=1
319.29 338.97 360.35 385.83 347.03 397.51 305.96 350.65 ship 0 0.998308 votes=1
165.25 209.69 197.43 244.96 187.61 253.92 155.43 218.65 ship 0 0.998307 votes=1
344.69 222.01 384.51 267.06 373.40 276.88 333.59 231.82 ship 0 0.998286 votes=1
702.69 734.02 727.67 696.66 738.28 703.75 713.29 741.11 ship 0 0.998243 votes=1
399.19 507.20 437.67 571.08 421.21 580.99 382.73 517.11 ship 0 0.998221 votes=1
135.63 239.92 162.28 269.07 153.12 277.45 126.46 248.30 ship 0 0.998210 votes=1
31.07 10.39 68.51 15.88 66.89 26.93 29.45 21.45 ship 0 0.998171 votes=1
299.87 356.36 346.66 405.05 333.65 417.55 286.86 368.86 ship 0 0.998003 votes=1
471.87 440.34 509.89 496.99 495.50 506.65 457.47 450.00 ship 0 0.997982 votes=1
205.93 163.82 241.82 201.66 229.85 213.02 193.95 175.18 ship 0 0.997957 votes=1
248.53 310.68 288.22 355.29 277.04 365.24 237.35 320.62 ship 0 0.997912 votes=1
356.50 312.18 396.00 354.18 384.19 365.29 344.69 323.29 ship 0 0.997897 votes=1
486.59 407.15 527.41 476.93 509.47 487.42 468.65 417.65 ship 0 0.997705 votes=1
82.22 81.32 106.99 108.45 98.61 116.09 73.85 88.95 ship 0 0.997589 votes=1
535.67 494.95 596.96 544.04 584.28 559.87 522.99 510.79 ship 0 0.997586 votes=1
264.49 133.90 323.82 137.96 322.70 154.38 263.37 150.33 ship 0 0.997543 votes=1
408.64 257.05 460.96 314.20 447.37 326.64 395.05 269.49 ship 0 0.997439 votes=1
516.70 513.75 586.31 566.10 574.78 581.43 505.17 529.07 ship 0 0.997364 votes=1
44.12 122.17 61.97 143.97 53.90 150.57 36.06 128.77 ship 0 0.997169 votes=1
280.28 283.74 318.98 323.63 307.96 334.32 269.26 294.43 ship 0 0.997125 votes=1
450.39 575.48 533.46 630.25 522.64 646.66 439.57 591.89 ship 0 0.997060 votes=1
493.69 536.28 567.66 589.10 557.76 602.97 483.79 550.15 ship 0 0.996167 votes=1
326.28 233.73 366.57 273.77 354.06 286.35 313.78 246.31 ship 0 0.996082 votes=1
339.93 325.02 386.43 374.94 373.97 386.55 327.47 336.63 ship 0 0.995654 votes=1
168.48 163.06 220.02 112.19 233.22 125.57 181.68 176.44 ship 0 0.995094 votes=1
235.57 137.15 269.18 171.63 259.26 181.29 225.65 146.82 ship 0 0.994898 votes=1
68.13 98.93 91.04 121.00 83.97 128.34 61.06 106.27 ship 0 0.994494 votes=1
14.23 142.02 38.82 172.35 29.43 179.96 4.84 149.64 ship 0 0.994140 votes=1
180.96 196.60 207.62 226.94 197.44 235.89 170.78 205.56 ship 0 0.993939 votes=1
122.66 252.05 147.02 280.63 136.61 289.50 112.25 260.92 ship 0 0.993868 votes=1
219.80 150.63 253.45 185.09 242.90 195.40 209.24 160.93 ship 0 0.993672 votes=1
27.32 128.14 53.17 156.87 43.64 165.44 17.80 136.70 ship 0 0.993551 votes=1
53.29 102.70 74.84 128.55 66.84 135.22 45.29 109.37 ship 0 0.993492 votes=1
239.18 26.20 242.63 -0.66 252.32 0.58 248.88 27.44 ship 0 0.992178 votes=1
436.04 594.67 514.16 654.68 502.84 669.42 424.72 609.41 ship 0 0.991770 votes=1
280.54 376.17 327.12 418.43 315.33 431.42 268.76 389.16 ship 0 0.991721 votes=1
355.32 520.34 414.43 576.75 401.61 590.19 342.49 533.78 ship 0 0.991252 votes=1
320.29 37.54 325.33 8.44 335.98 10.28 330.94 39.38 ship 0 0.989639 votes=1
694.38 527.00 710.30 487.21 740.78 499.40 724.86 539.19 harbor 0 0.982315 votes=1
518.64 387.55 527.46 406.51 520.79 409.61 511.97 390.65 ship 0 0.981078 votes=1
284.78 316.18 304.23 337.78 297.14 344.16 277.69 322.56 ship 0 0.978875 votes=1
97.67 66.71 123.47 92.70 114.32 101.78 88.52 75.78 ship 0 0.978144 votes=1
3.52 157.36 27.90 183.24 19.73 190.93 -4.65 165.05 ship 0 0.976139 votes=1
234.53 370.10 247.42 387.82 241.16 392.37 228.27 374.66 ship 0 0.975336 votes=1
88.19 254.37 106.54 233.04 113.82 239.31 95.46 260.63 ship 0 0.971948 votes=1
388.40 44.55 408.21 8.07 443.01 26.97 423.19 63.45 harbor 0 0.968739 votes=1
472.28 659.53 486.25 669.62 481.75 675.85 467.77 665.76 ship 0 0.967327 votes=1
544.96 413.08 604.77 613.07 405.38 672.69 345.58 472.70 harbor 0 0.966790 votes=1
141.31 25.85 162.54 27.81 161.70 37.04 140.46 35.08 ship 0 0.962387 votes=1
180.68 379.50 362.19 198.69 457.11 293.97 275.59 474.78 harbor 0 0.948478 votes=1
525.69 722.26 540.86 765.15 504.80 777.91 489.63 735.02 harbor 0 0.941517 votes=1
262.09 144.40 281.26 166.20 274.19 172.43 255.01 150.62 ship 0 0.937833 votes=1
28.77 201.79 41.23 185.43 47.45 190.17 34.99 206.53 ship 0 0.928686 votes=1
245.35 -1.61 281.11 2.47 277.60 33.21 241.84 29.13 harbor 0 0.914443 votes=1
79.66 241.57 89.61 258.62 83.61 262.12 73.66 245.08 ship 0 0.910335 votes=1
527.29 226.19 568.88 204.11 587.23 238.65 545.64 260.74 harbor 0 0.889854 votes=1
504.16 180.10 517.77 126.21 549.22 134.15 535.61 188.04 harbor 0 0.869354 votes=1
110.85 271.70 137.48 295.31 128.53 305.41 101.90 281.79 ship 0 0.863308 votes=1
159.49 5.35 208.49 5.56 208.39 29.96 159.39 29.75 harbor 0 0.835589 votes=1
715.16 751.32 741.96 702.42 776.31 721.25 749.51 770.15 harbor 0 0.780831 votes=1
584.06 305.95 597.17 338.11 575.96 346.76 562.85 314.59 harbor 0 0.727103 votes=1
631.01 379.08 644.77 420.68 619.62 429.00 605.86 387.39 harbor 0 0.710982 votes=1
72.78 259.15 260.67 96.43 307.23 150.20 119.34 312.92 harbor 0 0.636649 votes=1
59.84 3.73 90.06 10.67 87.97 19.75 57.75 12.81 harbor 0 0.619473 votes=1
