361.25 314.59 559.18 358.04 538.99 450.00 341.06 406.55 Expressway-toll-station 0 0.999216 votes=1
455.48 585.92 469.55 609.18 459.03 615.54 444.96 592.28 vehicle 0 0.994121 votes=1
63.76 515.23 104.34 530.23 99.07 544.49 58.49 529.49 vehicle 0 0.993250 votes=1
661.04 264.12 735.59 259.78 736.48 275.04 661.93 279.38 vehicle 0 0.983527 votes=1
166.97 575.74 188.71 585.35 184.53 594.79 162.80 585.19 vehicle 0 0.983020 votes=1
26.30 690.44 43.05 641.48 59.16 646.99 42.41 695.95 vehicle 0 0.943636 votes=1
4.39 680.01 19.55 628.15 37.17 633.31 22.01 685.16 vehicle 0 0.917983 votes=1
179.51 566.08 197.37 574.32 193.46 582.81 175.59 574.57 vehicle 0 0.916043 votes=1
530.93 229.06 532.60 203.41 542.75 204.07 541.08 229.72 vehicle 0 0.836847 votes=1
427.85 638.85 441.53 667.69 432.37 672.05 418.68 643.20 vehicle 0 0.829169 votes=1
589.80 521.12 612.72 524.74 611.25 534.06 588.33 530.44 vehicle 0 0.669162 votes=1
