621.20 337.10 682.62 334.85 683.40 356.10 621.98 358.34 ship 0 0.999237 votes=1
637.64 563.53 681.76 559.45 683.47 577.96 639.35 582.04 ship 0 0.998836 votes=1
629.57 531.36 671.67 526.49 673.64 543.50 631.54 548.37 ship 0 0.998248 votes=1
601.00 253.31 686.68 254.78 686.11 288.50 600.42 287.03 ship 0 0.998131 votes=1
681.01 683.81 687.51 628.78 709.72 631.40 703.23 686.43 ship 0 0.996675 votes=1
571.71 433.38 611.08 430.25 612.41 446.96 573.04 450.09 ship 0 0.995082 votes=1
440.21 444.84 486.62 439.08 489.08 458.94 442.67 464.70 ship 0 0.994356 votes=1
573.63 367.68 606.73 363.81 608.58 379.61 575.47 383.47 ship 0 0.993246 votes=1
448.08 110.47 501.73 105.38 503.81 127.32 450.17 132.42 ship 0 0.991899 votes=1
578.15 559.93 609.45 559.22 609.81 575.08 578.51 575.79 ship 0 0.990664 votes=1
629.21 404.49 675.54 398.50 677.80 416.00 631.47 421.98 ship 0 0.981357 votes=1
567.74 617.46 568.90 280.15 684.88 280.55 683.72 617.86 harbor 0 0.975820 votes=1
574.40 596.23 601.59 596.97 601.23 610.01 574.04 609.27 ship 0 0.970676 votes=1
392.05 91.31 392.31 127.70 377.39 127.81 377.12 91.41 ship 0 0.952884 votes=1
580.62 403.76 611.83 407.43 610.21 421.19 579.00 417.52 ship 0 0.933520 votes=1
573.37 631.62 574.63 653.08 559.82 653.94 558.56 632.49 ship 0 0.800642 votes=1
376.08 130.39 485.54 120.20 490.68 175.34 381.22 185.53 harbor 0 0.620045 votes=1
578.68 706.25 579.28 737.17 562.64 737.49 562.04 706.58 ship 0 0.601645 votes=1
