547.45 570.03 555.27 635.97 535.95 638.26 528.13 572.32 ship 0 0.999460 votes=1
368.10 455.99 368.19 410.25 385.34 410.29 385.25 456.02 ship 0 0.999417 votes=1
294.83 637.72 300.89 690.71 283.28 692.72 277.22 639.74 ship 0 0.999375 votes=1
570.66 348.16 571.07 391.72 556.40 391.86 555.99 348.30 ship 0 0.999337 votes=1
379.32 45.14 379.66 102.25 361.98 102.36 361.64 45.25 ship 0 0.999329 votes=1
650.96 477.87 660.46 405.81 680.48 408.45 670.98 480.51 ship 0 0.999321 votes=1
405.67 80.55 405.88 124.53 389.69 124.60 389.48 80.63 ship 0 0.999313 votes=1
527.75 409.10 527.76 461.09 511.16 461.09 511.15 409.10 ship 0 0.999309 votes=1
204.47 703.16 204.50 645.54 222.33 645.55 222.30 703.17 ship 0 0.999292 votes=1
404.74 283.10 405.13 237.73 421.87 237.88 421.49 283.24 ship 0 0.999288 votes=1
678.01 225.48 678.19 180.08 693.63 180.14 693.45 225.54 ship 0 0.999281 votes=1
291.39 278.53 291.58 213.80 310.39 213.86 310.21 278.59 ship 0 0.999254 votes=1
363.00 230.13 363.69 183.59 379.66 183.83 378.97 230.36 ship 0 0.999238 votes=1
311.33 366.01 311.95 443.67 292.28 443.83 291.66 366.17 ship 0 0.999238 votes=1
244.19 639.75 257.01 700.30 238.96 704.12 226.13 643.57 ship 0 0.999234 votes=1
566.84 573.10 578.87 628.97 562.66 632.46 550.63 576.59 ship 0 0.999202 votes=1
450.11 392.64 451.86 347.45 467.42 348.05 465.67 393.24 ship 0 0.999192 votes=1
545.14 119.00 545.56 79.92 559.46 80.07 559.05 119.15 ship 0 0.999182 votes=1
526.87 182.74 527.50 227.74 512.29 227.96 511.65 182.96 ship 0 0.999176 votes=1
486.22 236.35 486.84 285.10 471.12 285.30 470.50 236.55 ship 0 0.999172 votes=1
480.51 407.92 481.07 459.35 463.20 459.54 462.64 408.12 ship 0 0.999172 votes=1
666.40 545.85 667.31 611.57 648.54 611.83 647.63 546.11 ship 0 0.999168 votes=1
692.62 18.77 692.62 58.40 679.11 58.40 679.11 18.77 ship 0 0.999153 votes=1
217.34 338.49 218.28 423.56 196.76 423.79 195.82 338.72 ship 0 0.999152 votes=1
400.95 241.54 401.14 281.50 386.95 281.57 386.75 241.61 ship 0 0.999152 votes=1
430.84 393.80 432.21 355.55 445.80 356.04 444.43 394.29 ship 0 0.999149 votes=1
432.21 613.36 441.36 658.37 426.09 661.47 416.94 616.46 ship 0 0.999129 votes=1
529.13 237.38 529.85 279.56 514.37 279.82 513.65 237.64 ship 0 0.999122 votes=1
666.03 388.25 674.32 332.44 691.47 334.99 683.17 390.80 ship 0 0.999122 votes=1
521.32 585.68 533.18 637.86 516.96 641.55 505.10 589.36 ship 0 0.999081 votes=1
574.63 227.54 575.71 181.11 592.37 181.50 591.30 227.92 ship 0 0.999075 votes=1
503.39 405.83 503.88 456.26 487.43 456.42 486.94 405.99 ship 0 0.999074 votes=1
219.41 429.66 222.00 503.48 200.41 504.24 197.82 430.42 ship 0 0.999059 votes=1
650.70 341.28 655.47 391.01 638.24 392.66 633.47 342.94 ship 0 0.999041 votes=1
653.73 239.62 654.40 279.42 640.29 279.66 639.63 239.85 ship 0 0.999023 votes=1
452.80 583.44 465.85 651.72 444.89 655.73 431.83 587.45 ship 0 0.999000 votes=1
529.05 335.92 529.12 392.57 512.27 392.59 512.20 335.94 ship 0 0.998996 votes=1
572.08 402.79 572.80 448.66 556.65 448.91 555.93 403.04 ship 0 0.998980 votes=1
586.85 118.57 587.89 78.41 603.58 78.82 602.54 118.98 ship 0 0.998971 votes=1
516.95 77.99 517.20 119.92 502.79 120.00 502.54 78.07 ship 0 0.998950 votes=1
195.48 107.97 225.98 57.70 241.37 67.04 210.87 117.31 ship 0 0.998946 votes=1
646.24 61.25 646.47 26.83 659.18 26.92 658.95 61.33 ship 0 0.998945 votes=1
548.29 344.47 548.64 390.80 533.23 390.91 532.88 344.58 ship 0 0.998935 votes=1
630.77 455.74 630.89 405.67 647.28 405.71 647.16 455.78 ship 0 0.998910 votes=1
386.95 394.08 387.78 348.92 403.61 349.21 402.78 394.37 ship 0 0.998875 votes=1
599.55 402.79 599.62 452.22 584.10 452.24 584.03 402.81 ship 0 0.998868 votes=1
448.13 227.79 448.37 179.36 465.80 179.45 465.56 227.87 ship 0 0.998849 votes=1
503.84 29.45 504.03 64.31 491.50 64.38 491.31 29.52 ship 0 0.998820 votes=1
429.94 285.40 429.97 244.15 444.02 244.16 444.00 285.41 ship 0 0.998812 votes=1
555.35 26.29 555.66 62.33 542.94 62.44 542.63 26.40 ship 0 0.998802 votes=1
377.96 242.61 378.07 284.73 363.28 284.76 363.18 242.65 ship 0 0.998782 votes=1
655.55 171.95 656.01 226.89 638.02 227.04 637.56 172.10 ship 0 0.998756 votes=1
411.18 402.40 412.41 470.03 392.94 470.39 391.70 402.76 ship 0 0.998728 votes=1
554.76 228.09 555.31 179.50 570.43 179.67 569.87 228.26 ship 0 0.998661 votes=1
564.10 113.99 564.31 75.94 577.32 76.01 577.11 114.06 ship 0 0.998641 votes=1
358.83 339.63 359.91 394.91 343.03 395.24 341.94 339.97 ship 0 0.998611 votes=1
321.33 397.56 321.38 349.18 337.47 349.20 337.42 397.58 ship 0 0.998559 votes=1
491.04 286.10 491.40 240.87 508.18 241.00 507.82 286.23 ship 0 0.998518 votes=1
208.96 125.09 211.85 205.05 190.87 205.81 187.99 125.85 ship 0 0.998510 votes=1
590.30 569.86 602.31 627.25 584.31 631.02 572.31 573.62 ship 0 0.998447 votes=1
486.22 24.62 486.89 64.61 472.80 64.85 472.13 24.86 ship 0 0.998410 votes=1
333.86 188.97 334.62 228.92 320.19 229.19 319.44 189.24 ship 0 0.998367 votes=1
439.55 63.04 439.82 29.42 453.49 29.53 453.22 63.15 ship 0 0.998358 votes=1
456.60 404.38 457.02 461.00 440.18 461.12 439.76 404.50 ship 0 0.998343 votes=1
342.55 228.99 344.28 183.69 359.79 184.28 358.06 229.58 ship 0 0.998274 votes=1
264.95 638.55 277.30 695.60 262.00 698.91 249.65 641.86 ship 0 0.998216 votes=1
611.46 186.77 612.19 225.77 598.72 226.02 597.98 187.03 ship 0 0.998128 votes=1
695.95 239.99 696.04 286.05 680.09 286.08 680.00 240.02 ship 0 0.998127 votes=1
419.66 186.94 419.73 228.58 407.13 228.60 407.05 186.96 ship 0 0.998014 votes=1
667.08 75.36 667.35 118.71 652.16 118.81 651.88 75.45 ship 0 0.997959 votes=1
419.03 26.11 419.27 64.83 404.80 64.92 404.56 26.21 ship 0 0.997947 votes=1
575.37 283.72 575.63 236.27 591.05 236.36 590.78 283.80 ship 0 0.997525 votes=1
472.00 77.61 474.76 111.55 461.70 112.62 458.94 78.68 ship 0 0.997264 votes=1
618.76 587.26 626.17 621.48 614.01 624.11 606.60 589.89 ship 0 0.997236 votes=1
617.45 280.11 617.58 240.56 630.77 240.61 630.63 280.15 ship 0 0.996004 votes=1
577.04 63.37 577.42 33.90 590.65 34.07 590.27 63.54 ship 0 0.994512 votes=1
319.08 287.84 321.46 242.74 336.36 243.53 333.98 288.63 ship 0 0.994059 votes=1
433.19 114.53 434.14 77.29 448.15 77.65 447.19 114.88 ship 0 0.993405 votes=1
362.48 406.18 362.73 471.02 348.03 471.08 347.78 406.23 ship 0 0.990798 votes=1
311.42 350.16 683.42 347.37 684.25 458.47 312.26 461.26 harbor 0 0.985204 votes=1
324.86 629.48 338.61 683.07 312.80 689.70 299.05 636.11 ship 0 0.984159 votes=1
306.58 188.32 694.82 185.07 695.61 278.72 307.37 281.97 harbor 0 0.982844 votes=1
369.43 622.32 373.87 675.60 352.49 677.38 348.05 624.10 ship 0 0.982609 votes=1
377.74 30.14 698.72 31.01 698.50 113.87 377.51 113.00 harbor 0 0.981049 votes=1
190.69 648.31 654.16 551.80 670.02 627.97 206.55 724.48 harbor 0 0.937178 votes=1
