401.10 386.07 475.48 386.14 475.46 410.15 401.08 410.08 ship 0 0.999504 votes=1
665.76 408.61 768.70 402.23 770.51 431.49 667.58 437.87 ship 0 0.999501 votes=1
573.93 504.89 645.63 504.66 645.71 528.13 574.01 528.37 ship 0 0.999476 votes=1
574.73 474.40 645.67 474.94 645.50 497.48 574.55 496.94 ship 0 0.999421 votes=1
39.53 386.16 114.87 385.42 115.10 408.88 39.76 409.62 ship 0 0.999391 votes=1
132.52 483.88 197.21 482.56 197.71 507.32 133.03 508.64 ship 0 0.999311 votes=1
319.86 515.79 383.26 516.03 383.18 536.68 319.78 536.44 ship 0 0.999308 votes=1
313.58 390.63 379.71 388.27 380.55 411.80 314.42 414.16 ship 0 0.999256 votes=1
41.15 417.79 115.29 418.63 115.00 444.41 40.85 443.58 ship 0 0.999137 votes=1
250.78 744.16 251.58 696.60 270.40 696.92 269.60 744.48 ship 0 0.998809 votes=1
702.58 403.85 708.99 766.16 617.85 767.78 611.45 405.46 harbor 0 0.962918 votes=1
320.77 745.43 325.99 380.88 441.75 382.54 436.52 747.09 harbor 0 0.941843 votes=1
166.93 316.21 171.70 600.50 74.58 602.13 69.80 317.84 harbor 0 0.923232 votes=1
