3.49 175.49 66.61 172.73 67.43 191.57 4.32 194.33 ship 0 0.999463 votes=1
6.48 274.47 67.10 274.29 67.16 293.86 6.54 294.04 ship 0 0.999276 votes=1
208.92 447.08 265.27 437.59 268.07 454.24 211.72 463.73 ship 0 0.999186 votes=1
283.37 250.91 341.31 239.23 344.72 256.13 286.77 267.81 ship 0 0.999084 votes=1
325.65 485.34 384.69 481.30 386.02 500.73 326.98 504.77 ship 0 0.999021 votes=1
291.76 270.36 345.81 262.86 348.31 280.88 294.26 288.39 ship 0 0.998968 votes=1
197.49 365.79 247.85 359.39 250.04 376.64 199.69 383.04 ship 0 0.998898 votes=1
205.92 419.38 273.05 409.89 275.95 430.37 208.82 439.86 ship 0 0.998893 votes=1
37.05 357.84 85.64 354.61 86.71 370.61 38.11 373.84 ship 0 0.998681 votes=1
285.70 229.64 338.52 217.81 342.42 235.19 289.60 247.02 ship 0 0.998587 votes=1
311.48 371.45 363.53 365.44 365.54 382.79 313.49 388.81 ship 0 0.998524 votes=1
305.49 309.56 353.55 309.38 353.61 325.14 305.55 325.33 ship 0 0.998489 votes=1
30.69 413.83 75.41 401.73 80.13 419.20 35.42 431.29 ship 0 0.998431 votes=1
129.14 429.13 183.28 425.48 184.65 445.80 130.51 449.45 ship 0 0.998244 votes=1
348.55 528.44 387.60 525.13 388.73 538.50 349.69 541.82 ship 0 0.998216 votes=1
5.75 249.89 54.83 246.07 56.21 263.73 7.12 267.56 ship 0 0.998167 votes=1
146.33 372.93 181.14 366.42 183.63 379.75 148.82 386.26 ship 0 0.997931 votes=1
159.00 454.56 197.21 453.92 197.41 465.93 159.21 466.58 ship 0 0.997882 votes=1
312.24 330.60 355.71 325.47 357.65 341.89 314.17 347.02 ship 0 0.997701 votes=1
324.64 464.25 373.34 456.70 376.24 475.41 327.53 482.96 ship 0 0.997679 votes=1
289.66 407.49 370.61 396.17 374.02 420.51 293.07 431.84 ship 0 0.997378 votes=1
293.73 116.09 336.95 101.83 341.63 115.99 298.40 130.25 ship 0 0.997219 votes=1
215.14 498.70 259.94 493.11 261.85 508.42 217.06 514.01 ship 0 0.997210 votes=1
171.15 532.05 209.77 525.82 211.83 538.59 173.21 544.82 ship 0 0.996876 votes=1
203.77 389.59 270.53 380.96 273.00 400.06 206.24 408.69 ship 0 0.996376 votes=1
184.89 288.63 226.15 288.03 226.35 301.76 185.09 302.37 ship 0 0.995684 votes=1
192.83 342.57 249.95 329.93 253.72 346.98 196.60 359.62 ship 0 0.994921 votes=1
152.56 397.56 189.49 397.61 189.47 411.46 152.54 411.41 ship 0 0.992441 votes=1
4.83 206.62 39.25 202.23 40.69 213.53 6.27 217.92 ship 0 0.991282 votes=1
165.67 508.85 204.84 504.25 206.40 517.55 167.23 522.15 ship 0 0.990048 votes=1
179.19 261.36 209.78 257.71 211.20 269.66 180.61 273.30 ship 0 0.988529 votes=1
356.29 552.91 391.48 547.00 393.60 559.62 358.41 565.53 ship 0 0.987282 votes=1
298.49 200.31 347.13 197.49 348.04 213.10 299.39 215.92 ship 0 0.986394 votes=1
139.37 349.23 182.58 343.98 184.62 360.73 141.41 365.99 ship 0 0.984897 votes=1
310.94 290.20 351.66 284.55 353.66 298.97 312.94 304.62 ship 0 0.982535 votes=1
214.31 522.34 255.26 517.21 257.16 532.40 216.21 537.53 ship 0 0.972582 votes=1
1.36 9.80 32.69 10.50 32.42 22.60 1.09 21.90 ship 0 0.960614 votes=1
144.45 300.51 173.77 296.12 175.84 309.95 146.52 314.34 ship 0 0.948278 votes=1
140.11 320.11 174.45 315.43 176.20 328.25 141.85 332.92 ship 0 0.945881 votes=1
377.95 571.44 399.59 564.70 402.01 572.48 380.37 579.21 ship 0 0.942850 votes=1
225.37 247.38 265.67 527.35 174.15 540.53 133.84 260.55 harbor 0 0.939232 votes=1
362.41 198.71 418.22 570.60 350.28 580.79 294.47 208.91 harbor 0 0.927695 votes=1
1.78 95.55 74.80 97.66 74.57 105.73 1.55 103.62 harbor 0 0.740870 votes=1
91.51 498.86 110.77 531.37 98.38 538.71 79.12 506.19 ship 0 0.706040 votes=1
273.50 408.89 290.16 404.11 292.10 410.91 275.45 415.68 ship 0 0.676883 votes=1
51.51 418.55 115.69 536.17 77.81 556.84 13.63 439.22 harbor 0 0.613241 votes=1
