468.20 662.21 476.83 177.99 773.23 183.27 764.60 667.49 Expressway-Service-area 0 0.996752 votes=1
186.84 709.36 199.55 94.93 409.96 99.28 397.25 713.71 Expressway-Service-area 0 0.996279 votes=1
525.04 537.69 525.32 571.37 518.04 571.43 517.76 537.75 vehicle 0 0.990981 votes=1
590.61 493.99 605.62 466.68 611.27 469.79 596.26 497.09 vehicle 0 0.981044 votes=1
543.27 434.87 565.59 415.16 570.28 420.48 547.96 440.18 vehicle 0 0.974614 votes=1
323.86 615.95 335.84 643.60 330.83 645.77 318.84 618.12 vehicle 0 0.973831 votes=1
590.31 413.40 600.81 397.68 606.01 401.16 595.51 416.87 vehicle 0 0.971905 votes=1
388.98 778.69 389.89 753.87 396.71 754.12 395.81 778.94 vehicle 0 0.969745 votes=1
379.28 577.55 380.01 610.82 372.34 610.99 371.61 577.71 vehicle 0 0.965740 votes=1
502.97 580.75 503.68 548.08 510.49 548.23 509.78 580.90 vehicle 0 0.939909 votes=1
404.34 578.36 404.55 559.39 411.88 559.47 411.67 578.44 vehicle 0 0.922977 votes=1
564.74 606.24 592.28 601.46 593.28 607.25 565.75 612.03 vehicle 0 0.869375 votes=1
622.65 513.45 623.08 475.63 630.64 475.72 630.21 513.53 vehicle 0 0.798798 votes=1
487.09 348.02 487.11 313.55 495.54 313.56 495.52 348.02 vehicle 0 0.789699 votes=1
398.00 423.35 478.28 425.40 477.83 443.05 397.55 441.01 overpass 0 0.697792 votes=1
389.07 617.26 389.16 651.88 382.03 651.90 381.94 617.28 vehicle 0 0.692408 votes=1
303.17 180.57 332.92 180.86 332.84 188.20 303.10 187.91 vehicle 0 0.617801 votes=1
