409.40 651.83 475.85 649.22 476.57 667.57 410.12 670.18 ship 0 0.999145 votes=1
134.20 370.96 151.63 338.18 162.74 344.10 145.31 376.87 ship 0 0.998821 votes=1
190.64 493.68 200.44 533.97 186.36 537.39 176.56 497.10 ship 0 0.998595 votes=1
255.24 46.21 270.86 78.89 259.99 84.08 244.38 51.40 ship 0 0.997807 votes=1
339.99 654.71 397.38 653.00 397.86 669.17 340.47 670.88 ship 0 0.997752 votes=1
295.62 70.02 296.65 29.85 310.10 30.19 309.07 70.37 ship 0 0.997732 votes=1
350.87 97.93 380.77 71.30 390.30 82.00 360.40 108.64 ship 0 0.997613 votes=1
645.60 654.65 659.28 694.55 647.37 698.63 633.69 658.73 ship 0 0.997208 votes=1
596.19 535.96 619.36 572.58 609.24 578.98 586.08 542.35 ship 0 0.997149 votes=1
452.07 769.81 485.49 740.95 494.69 751.61 461.27 780.47 ship 0 0.996827 votes=1
354.19 187.92 377.89 207.28 371.06 215.64 347.36 196.29 ship 0 0.996763 votes=1
175.44 244.26 191.47 207.81 204.33 213.46 188.29 249.91 ship 0 0.996590 votes=1
676.46 547.37 690.33 520.83 700.43 526.10 686.56 552.64 ship 0 0.996193 votes=1
196.56 326.39 219.98 291.62 230.42 298.66 207.01 333.43 ship 0 0.994231 votes=1
227.00 126.62 236.00 96.96 246.51 100.15 237.50 129.81 ship 0 0.993236 votes=1
338.11 197.20 363.47 220.11 355.68 228.74 330.32 205.82 ship 0 0.992658 votes=1
243.54 294.50 256.04 276.95 262.72 281.72 250.23 299.26 ship 0 0.992546 votes=1
226.31 290.61 242.76 267.72 250.23 273.09 233.77 295.98 ship 0 0.991069 votes=1
380.31 148.60 403.36 159.46 399.78 167.05 376.73 156.20 ship 0 0.991058 votes=1
282.40 225.89 309.46 213.14 313.61 221.94 286.55 234.69 ship 0 0.988593 votes=1
605.29 523.13 618.72 541.59 611.26 547.01 597.83 528.55 ship 0 0.982383 votes=1
100.20 282.45 129.71 332.51 87.84 357.20 58.32 307.15 harbor 0 0.981367 votes=1
161.56 237.87 174.70 205.76 184.19 209.64 171.05 241.75 ship 0 0.980752 votes=1
642.61 496.79 654.92 530.50 646.48 533.58 634.17 499.87 ship 0 0.978117 votes=1
187.25 72.22 238.35 87.65 223.52 136.76 172.42 121.32 harbor 0 0.975166 votes=1
690.07 622.92 716.15 648.60 708.29 656.59 682.20 630.91 ship 0 0.970742 votes=1
722.27 603.91 738.44 611.54 735.11 618.60 718.93 610.97 ship 0 0.969114 votes=1
538.17 703.74 588.57 683.43 607.10 729.40 556.70 749.71 harbor 0 0.960054 votes=1
460.85 621.93 460.96 647.13 450.01 647.17 449.91 621.97 ship 0 0.952745 votes=1
232.71 433.58 253.50 520.59 199.20 533.57 178.40 446.55 harbor 0 0.951060 votes=1
203.45 474.40 208.97 499.20 199.81 501.24 194.29 476.44 ship 0 0.948767 votes=1
260.52 534.40 329.05 584.91 297.69 627.45 229.16 576.93 harbor 0 0.944413 votes=1
479.93 583.72 531.16 566.50 543.86 604.27 492.62 621.49 harbor 0 0.943172 votes=1
162.83 137.42 220.77 158.39 202.43 209.04 144.49 188.07 harbor 0 0.939037 votes=1
357.09 611.91 456.94 606.97 458.89 646.46 359.05 651.40 harbor 0 0.931883 votes=1
667.48 531.51 674.46 510.62 684.04 513.82 677.06 534.71 ship 0 0.912523 votes=1
196.23 314.41 246.42 273.97 277.69 312.78 227.49 353.22 harbor 0 0.902663 votes=1
153.61 176.29 204.76 210.00 179.87 247.76 128.72 214.05 harbor 0 0.855889 votes=1
195.22 440.76 198.63 460.32 190.35 461.76 186.95 442.20 ship 0 0.829403 votes=1
721.59 601.75 771.92 612.69 770.22 620.53 719.88 609.58 harbor 0 0.818482 votes=1
277.84 241.44 321.33 215.92 345.38 256.91 301.90 282.43 harbor 0 0.760655 votes=1
463.69 783.64 493.87 748.74 519.40 770.81 489.23 805.72 harbor 0 0.750719 votes=1
372.35 148.08 441.01 172.02 434.80 189.85 366.13 165.90 harbor 0 0.697845 votes=1
707.79 563.34 767.00 538.51 770.09 545.87 710.88 570.70 harbor 0 0.692617 votes=1
369.65 119.35 442.75 100.13 444.99 108.64 371.89 127.86 harbor 0 0.684359 votes=1
339.52 79.28 371.90 17.70 379.06 21.46 346.68 83.04 harbor 0 0.635463 votes=1
714.57 578.27 770.82 569.60 771.90 576.58 715.65 585.25 harbor 0 0.605291 votes=1
