290.07 594.26 382.14 537.56 400.81 567.88 308.74 624.58 ship 0 0.998974 votes=1
443.49 564.82 535.93 502.38 557.67 534.57 465.22 597.00 ship 0 0.998920 votes=1
320.48 644.74 408.81 580.28 432.89 613.28 344.57 677.74 ship 0 0.998828 votes=1
471.77 606.02 579.20 539.61 601.04 574.95 493.61 641.36 ship 0 0.998825 votes=1
322.22 703.81 440.39 624.68 466.08 663.05 347.91 742.18 ship 0 0.998804 votes=1
387.02 478.07 470.45 421.23 491.31 451.84 407.88 508.68 ship 0 0.998774 votes=1
362.46 441.19 433.85 394.32 447.35 414.88 375.96 461.75 ship 0 0.998767 votes=1
413.95 514.13 510.15 456.40 528.77 487.42 432.56 545.15 ship 0 0.998647 votes=1
279.36 549.05 363.85 498.39 377.33 520.89 292.85 571.54 ship 0 0.997503 votes=1
192.52 -39.39 599.07 594.78 391.44 727.88 -15.10 93.72 harbor 0 0.908615 votes=1
