406.60 387.17 414.05 460.15 384.80 463.14 377.36 390.15 vehicle 0 0.999611 votes=1
600.10 443.81 667.55 443.19 667.78 467.84 600.33 468.46 vehicle 0 0.999488 votes=1
107.62 518.91 179.01 517.76 179.44 544.27 108.05 545.41 vehicle 0 0.999413 votes=1
388.24 283.87 389.44 143.30 426.62 143.62 425.42 284.18 vehicle 0 0.999368 votes=1
109.27 448.09 167.44 446.44 168.08 468.77 109.91 470.43 vehicle 0 0.999311 votes=1
593.02 354.46 665.14 350.55 666.73 380.00 594.62 383.91 vehicle 0 0.999272 votes=1
612.73 126.62 706.08 124.64 706.86 161.69 613.52 163.68 vehicle 0 0.999210 votes=1
595.52 399.79 668.19 399.88 668.16 426.80 595.49 426.71 vehicle 0 0.998912 votes=1
115.08 377.11 174.21 378.26 173.70 404.71 114.57 403.57 vehicle 0 0.998761 votes=1
475.26 446.86 476.02 309.23 513.58 309.44 512.83 447.07 vehicle 0 0.998471 votes=1
605.69 76.72 682.81 74.51 683.83 110.37 606.72 112.58 vehicle 0 0.996783 votes=1
