45.45 75.29 88.65 82.53 86.55 95.06 43.35 87.82 ship 0 0.998182 votes=1
339.40 382.61 347.79 419.72 335.16 422.57 326.78 385.47 ship 0 0.998123 votes=1
50.69 59.53 97.73 66.57 95.74 79.88 48.70 72.83 ship 0 0.998037 votes=1
230.95 265.79 250.62 308.50 237.56 314.51 217.90 271.80 ship 0 0.997957 votes=1
182.73 607.36 184.81 657.82 169.42 658.45 167.34 607.99 ship 0 0.997909 votes=1
271.65 363.08 289.41 430.20 271.14 435.04 253.38 367.91 ship 0 0.997843 votes=1
277.42 503.88 364.61 480.83 369.80 500.45 282.61 523.50 ship 0 0.997406 votes=1
113.05 258.24 128.29 295.35 117.45 299.80 102.21 262.69 ship 0 0.997352 votes=1
287.25 239.84 305.88 279.46 294.70 284.72 276.07 245.10 ship 0 0.997236 votes=1
216.75 592.12 216.98 543.44 230.05 543.50 229.83 592.19 ship 0 0.997064 votes=1
153.78 255.20 179.20 322.16 164.30 327.81 138.88 260.85 ship 0 0.996572 votes=1
97.62 258.62 113.46 299.93 101.93 304.35 86.09 263.04 ship 0 0.996534 votes=1
159.52 548.65 164.83 595.98 151.03 597.53 145.72 550.20 ship 0 0.996533 votes=1
121.71 399.70 126.57 437.75 113.86 439.37 109.00 401.32 ship 0 0.996194 votes=1
206.32 542.80 210.59 591.36 196.26 592.62 191.99 544.06 ship 0 0.996109 votes=1
182.95 146.12 202.30 174.54 192.56 181.17 173.22 152.75 ship 0 0.996072 votes=1
179.17 561.27 179.28 595.93 166.16 595.97 166.05 561.31 ship 0 0.995994 votes=1
129.40 110.56 161.07 150.22 151.14 158.15 119.47 118.50 ship 0 0.995973 votes=1
31.06 191.25 72.69 198.30 70.61 210.61 28.98 203.57 ship 0 0.995864 votes=1
172.77 444.59 174.82 474.81 164.22 475.52 162.18 445.30 ship 0 0.995801 votes=1
297.54 392.63 306.38 424.80 294.83 427.97 285.99 395.80 ship 0 0.995746 votes=1
324.68 384.96 333.31 420.46 321.42 423.34 312.80 387.85 ship 0 0.995698 votes=1
142.92 447.95 148.09 486.35 137.36 487.79 132.19 449.40 ship 0 0.995563 votes=1
36.38 162.20 70.25 168.11 68.29 179.31 34.43 173.40 ship 0 0.995438 votes=1
48.49 92.57 87.08 99.15 84.90 111.92 46.31 105.34 ship 0 0.995312 votes=1
137.17 616.47 139.80 672.14 124.73 672.86 122.10 617.18 ship 0 0.995224 votes=1
57.21 265.36 74.06 316.16 60.63 320.61 43.79 269.81 ship 0 0.995222 votes=1
325.50 331.37 332.92 370.07 321.65 372.23 314.23 333.54 ship 0 0.995116 votes=1
370.25 374.01 385.53 436.76 370.85 440.33 355.57 377.58 ship 0 0.995030 votes=1
281.46 164.14 307.39 215.55 295.00 221.79 269.08 170.38 ship 0 0.994964 votes=1
134.65 309.25 142.90 343.13 132.19 345.74 123.94 311.86 ship 0 0.994900 votes=1
299.61 233.18 312.99 263.21 303.27 267.55 289.88 237.52 ship 0 0.994814 votes=1
205.09 129.96 219.41 154.71 211.04 159.55 196.73 134.80 ship 0 0.994491 votes=1
216.47 117.52 234.94 150.77 224.65 156.48 206.18 123.24 ship 0 0.994049 votes=1
144.84 553.83 146.24 597.11 132.56 597.55 131.16 554.27 ship 0 0.993938 votes=1
300.54 349.14 305.81 377.00 295.81 378.89 290.54 351.03 ship 0 0.993909 votes=1
150.13 608.99 153.64 658.96 139.60 659.95 136.09 609.98 ship 0 0.993907 votes=1
158.20 447.27 159.69 475.36 149.53 475.90 148.05 447.81 ship 0 0.993819 votes=1
106.91 317.85 119.11 352.94 107.70 356.91 95.51 321.82 ship 0 0.993757 votes=1
212.35 601.43 217.07 652.66 203.59 653.90 198.87 602.67 ship 0 0.993750 votes=1
227.39 214.54 242.88 247.34 232.12 252.42 216.63 219.62 ship 0 0.993698 votes=1
38.05 133.86 77.73 140.04 75.91 151.74 36.23 145.56 ship 0 0.993634 votes=1
283.69 345.70 294.18 381.49 283.71 384.55 273.23 348.76 ship 0 0.993281 votes=1
187.94 83.99 205.18 111.61 195.65 117.56 178.41 89.94 ship 0 0.993184 votes=1
238.63 102.69 257.86 132.19 248.79 138.10 229.57 108.60 ship 0 0.993179 votes=1
150.46 409.59 153.19 435.57 143.45 436.59 140.72 410.61 ship 0 0.993133 votes=1
196.31 53.73 231.79 91.87 222.15 100.83 186.67 62.69 ship 0 0.992685 votes=1
113.44 455.68 123.15 504.48 110.35 507.03 100.64 458.23 ship 0 0.992627 votes=1
273.68 245.55 290.96 280.18 280.70 285.30 263.42 250.67 ship 0 0.992360 votes=1
249.08 257.90 266.09 293.50 255.82 298.41 238.80 262.81 ship 0 0.991906 votes=1
147.49 103.29 173.21 136.71 165.14 142.92 139.42 109.50 ship 0 0.991846 votes=1
199.29 78.66 217.52 102.04 209.47 108.32 191.24 84.94 ship 0 0.991770 votes=1
52.32 41.77 101.65 49.94 99.02 65.83 49.69 57.67 ship 0 0.990654 votes=1
350.46 307.33 367.27 363.11 351.93 367.74 335.12 311.96 ship 0 0.990639 votes=1
253.00 200.96 267.87 233.15 256.27 238.51 241.40 206.32 ship 0 0.990608 votes=1
128.84 253.84 138.80 290.90 126.74 294.14 116.78 257.08 ship 0 0.989077 votes=1
119.05 313.50 127.60 341.20 117.84 344.21 109.29 316.51 ship 0 0.987542 votes=1
30.41 216.80 38.10 239.41 29.62 242.29 21.94 219.69 ship 0 0.987349 votes=1
198.39 605.37 201.79 649.81 189.16 650.77 185.76 606.34 ship 0 0.987340 votes=1
129.57 553.27 130.82 598.17 118.84 598.50 117.59 553.60 ship 0 0.987316 votes=1
297.81 523.03 338.98 512.03 342.25 524.27 301.08 535.27 ship 0 0.987147 votes=1
146.13 301.25 158.95 340.05 146.85 344.05 134.02 305.25 ship 0 0.985722 votes=1
271.88 205.65 280.73 228.43 272.30 231.71 263.45 208.93 ship 0 0.985493 votes=1
341.91 339.51 348.37 367.05 337.31 369.64 330.85 342.10 ship 0 0.984039 votes=1
237.34 206.43 255.25 241.66 244.95 246.89 227.04 211.66 ship 0 0.983081 votes=1
209.39 224.56 225.40 259.83 213.94 265.04 197.93 229.77 ship 0 0.982948 votes=1
178.67 389.06 183.95 431.67 170.85 433.29 165.58 390.68 ship 0 0.982253 votes=1
165.11 408.76 167.08 432.88 157.61 433.65 155.65 409.53 ship 0 0.981635 votes=1
77.06 284.78 86.30 310.62 76.46 314.14 67.22 288.30 ship 0 0.981197 votes=1
128.61 450.91 131.69 479.03 120.83 480.22 117.74 452.11 ship 0 0.975875 votes=1
35.80 148.26 66.74 152.09 65.42 162.77 34.48 158.94 ship 0 0.974818 votes=1
315.01 225.63 333.07 269.63 321.29 274.47 303.23 230.47 ship 0 0.973258 votes=1
136.89 415.24 138.54 437.68 130.67 438.26 129.03 415.82 ship 0 0.970430 votes=1
115.52 655.83 117.65 549.37 221.26 551.44 219.13 657.90 harbor 0 0.968031 votes=1
260.23 252.19 279.50 293.00 270.30 297.35 251.02 256.54 ship 0 0.966052 votes=1
176.34 474.67 176.55 442.85 186.47 442.92 186.26 474.74 ship 0 0.953194 votes=1
31.39 176.74 60.18 179.40 59.20 190.03 30.41 187.37 ship 0 0.947593 votes=1
256.21 356.37 360.89 332.24 379.28 412.06 274.61 436.19 harbor 0 0.946890 votes=1
128.62 253.82 148.61 247.09 151.04 254.32 131.05 261.05 ship 0 0.942259 votes=1
90.75 410.13 187.61 400.35 195.20 475.57 98.34 485.35 harbor 0 0.938711 votes=1
41.76 271.97 143.54 246.83 166.11 338.20 64.34 363.34 harbor 0 0.936332 votes=1
162.66 153.76 183.56 187.58 165.44 198.78 144.54 164.97 ship 0 0.934839 votes=1
291.44 537.44 291.55 606.08 277.41 606.10 277.31 537.46 ship 0 0.932359 votes=1
128.53 724.29 128.89 703.54 137.24 703.68 136.88 724.43 ship 0 0.928938 votes=1
39.81 121.62 66.52 124.49 65.48 134.14 38.77 131.27 ship 0 0.928827 votes=1
119.29 126.80 217.07 58.33 265.63 127.68 167.85 196.14 harbor 0 0.925019 votes=1
191.96 137.86 206.11 155.96 199.65 161.01 185.50 142.92 ship 0 0.921403 votes=1
341.70 473.45 360.49 466.63 363.57 475.11 344.78 481.94 ship 0 0.918528 votes=1
273.48 652.30 273.91 608.25 288.69 608.39 288.26 652.45 ship 0 0.906759 votes=1
46.27 108.92 73.43 112.74 72.06 122.44 44.91 118.62 ship 0 0.906599 votes=1
197.01 233.05 305.57 189.84 335.17 264.23 226.61 307.43 harbor 0 0.854007 votes=1
385.84 446.04 389.28 465.03 382.20 466.31 378.76 447.32 ship 0 0.811547 votes=1
88.35 281.75 96.13 299.34 88.16 302.87 80.38 285.27 ship 0 0.680826 votes=1
