454.51 402.69 455.07 321.19 484.70 321.39 484.15 402.89 ship 0 0.999443 votes=1
317.96 412.76 318.21 312.96 352.81 313.04 352.57 412.84 ship 0 0.999418 votes=1
516.27 167.87 601.96 159.91 605.71 200.28 520.02 208.23 ship 0 0.999410 votes=1
186.63 406.95 198.77 302.55 233.38 306.58 221.24 410.97 ship 0 0.999346 votes=1
506.29 218.17 605.06 215.29 606.07 249.99 507.30 252.87 ship 0 0.999293 votes=1
500.48 258.78 625.62 258.71 625.64 298.64 500.50 298.71 ship 0 0.999093 votes=1
531.77 417.59 539.73 325.34 573.08 328.22 565.12 420.47 ship 0 0.999081 votes=1
232.89 412.57 235.25 312.61 265.54 313.32 263.19 413.28 ship 0 0.999014 votes=1
485.27 416.98 490.99 319.52 526.65 321.61 520.93 419.08 ship 0 0.998572 votes=1
46.96 78.15 102.59 78.78 102.32 102.66 46.69 102.03 ship 0 0.998233 votes=1
144.40 372.89 147.37 292.71 179.84 293.92 176.87 374.10 ship 0 0.996985 votes=1
91.91 93.16 627.70 90.55 629.23 405.76 93.45 408.37 harbor 0 0.925742 votes=1
