478.91 228.01 520.91 227.60 521.05 242.04 479.06 242.45 ship 0 0.999268 votes=1
471.21 128.51 527.93 123.28 529.69 142.43 472.98 147.67 ship 0 0.999253 votes=1
475.44 248.86 524.87 247.40 525.30 262.06 475.88 263.52 ship 0 0.999153 votes=1
478.82 472.17 528.56 471.63 528.75 489.51 479.02 490.05 ship 0 0.999136 votes=1
473.89 446.99 529.94 447.64 529.74 465.78 473.68 465.14 ship 0 0.999049 votes=1
694.27 658.03 738.57 656.56 739.10 672.81 694.81 674.28 ship 0 0.998948 votes=1
458.42 535.80 502.82 535.60 502.90 552.20 458.49 552.40 ship 0 0.998901 votes=1
485.35 178.58 523.96 178.39 524.03 191.69 485.41 191.89 ship 0 0.998881 votes=1
476.88 347.41 527.14 347.04 527.28 367.13 477.03 367.50 ship 0 0.998768 votes=1
465.39 520.42 497.97 519.45 498.32 531.36 465.74 532.32 ship 0 0.998765 votes=1
474.55 151.81 524.22 149.92 524.84 166.26 475.17 168.15 ship 0 0.998754 votes=1
465.83 422.75 527.65 419.25 528.79 439.32 466.97 442.82 ship 0 0.998641 votes=1
470.20 373.89 528.11 373.31 528.29 391.19 470.37 391.76 ship 0 0.998624 votes=1
484.59 398.41 528.31 397.25 528.72 412.78 485.01 413.94 ship 0 0.998584 votes=1
677.41 640.13 734.66 638.14 735.25 655.17 678.00 657.16 ship 0 0.998579 votes=1
457.34 558.19 503.04 556.87 503.48 572.06 457.77 573.38 ship 0 0.998575 votes=1
457.62 594.93 504.52 594.42 504.69 610.18 457.79 610.69 ship 0 0.998410 votes=1
479.14 296.80 524.26 297.23 524.09 314.71 478.97 314.28 ship 0 0.998318 votes=1
466.43 275.45 527.70 273.19 528.37 291.42 467.11 293.68 ship 0 0.998014 votes=1
540.46 422.55 571.36 408.49 576.55 419.91 545.66 433.97 ship 0 0.997862 votes=1
482.22 198.93 525.31 198.61 525.41 212.76 482.33 213.09 ship 0 0.997814 votes=1
470.12 499.59 499.72 499.85 499.61 512.43 470.01 512.16 ship 0 0.997259 votes=1
513.45 517.16 553.28 517.30 553.23 532.24 513.40 532.10 ship 0 0.997190 votes=1
547.01 475.68 588.80 475.44 588.88 489.46 547.09 489.70 ship 0 0.997074 votes=1
534.24 209.69 560.64 197.25 565.57 207.70 539.17 220.15 ship 0 0.996690 votes=1
539.50 392.19 564.57 377.56 570.20 387.20 545.12 401.83 ship 0 0.996599 votes=1
543.20 458.74 573.43 441.72 578.78 451.21 548.55 468.23 ship 0 0.996057 votes=1
514.96 498.84 552.16 497.80 552.54 511.50 515.34 512.54 ship 0 0.995908 votes=1
474.99 325.43 525.16 323.73 525.72 340.24 475.55 341.94 ship 0 0.995554 votes=1
537.90 294.64 567.98 276.30 573.51 285.37 543.43 303.71 ship 0 0.995270 votes=1
539.01 371.98 567.72 359.78 572.35 370.69 543.65 382.89 ship 0 0.995000 votes=1
537.34 258.43 566.29 245.99 571.01 256.99 542.07 269.43 ship 0 0.994632 votes=1
539.88 441.85 563.98 432.03 567.91 441.68 543.81 451.50 ship 0 0.993735 votes=1
774.56 727.96 785.83 767.18 769.66 771.83 758.38 732.61 ship 0 0.992799 votes=1
536.56 308.89 568.51 291.83 574.56 303.17 542.62 320.23 ship 0 0.992559 votes=1
536.92 241.33 564.57 228.10 569.80 239.04 542.16 252.27 ship 0 0.992145 votes=1
534.60 228.05 563.42 214.74 568.23 225.16 539.42 238.47 ship 0 0.991689 votes=1
536.40 276.15 559.56 265.70 564.35 276.33 541.20 286.78 ship 0 0.991546 votes=1
537.48 154.50 567.25 139.49 572.69 150.28 542.92 165.29 ship 0 0.991291 votes=1
540.70 189.25 564.19 182.41 566.90 191.72 543.42 198.56 ship 0 0.991202 votes=1
537.74 406.87 568.79 392.00 573.73 402.33 542.68 417.19 ship 0 0.990531 votes=1
536.84 325.25 565.29 314.16 569.72 325.53 541.27 336.62 ship 0 0.989833 votes=1
535.54 340.63 569.41 325.35 574.58 336.80 540.70 352.08 ship 0 0.981684 votes=1
518.54 537.26 553.87 535.29 554.56 547.73 519.24 549.70 ship 0 0.977637 votes=1
778.37 610.10 800.00 603.09 803.57 614.06 781.93 621.08 ship 0 0.966522 votes=1
774.89 588.50 801.60 581.26 805.13 594.27 778.41 601.51 ship 0 0.966413 votes=1
568.13 135.26 573.14 573.29 477.84 574.38 472.83 136.35 harbor 0 0.918300 votes=1
