229.01 549.30 236.32 261.64 502.33 268.40 495.02 556.06 stadium 0 0.998316 votes=1
73.27 770.66 81.88 735.85 98.01 739.84 89.40 774.65 tenniscourt 0 0.997591 votes=1
45.34 763.86 53.59 727.80 71.47 731.89 63.22 767.95 tenniscourt 0 0.996952 votes=1
100.41 775.26 109.36 739.78 125.95 743.97 117.00 779.44 tenniscourt 0 0.996426 votes=1
120.45 590.87 120.89 621.36 98.73 621.68 98.29 591.19 tenniscourt 0 0.942783 votes=1
123.28 621.92 123.83 590.06 143.85 590.41 143.30 622.27 tenniscourt 0 0.920051 votes=1
295.96 539.60 296.02 288.05 447.13 288.09 447.07 539.64 groundtrackfield 0 0.898725 votes=1
122.37 555.00 122.55 587.23 101.20 587.35 101.02 555.12 tenniscourt 0 0.854513 votes=1
475.84 678.85 503.64 679.99 503.14 692.42 475.33 691.29 tenniscourt 0 0.743451 votes=1
475.24 661.34 503.86 662.10 503.48 676.37 474.86 675.60 tenniscourt 0 0.694179 votes=1
139.46 555.64 141.84 588.61 123.55 589.93 121.17 556.95 tenniscourt 0 0.635082 votes=1
