90.35 482.72 175.05 481.84 175.31 506.83 90.61 507.71 ship 0 0.999406 votes=1
97.23 390.25 179.69 390.68 179.55 417.73 97.09 417.30 ship 0 0.999387 votes=1
208.14 125.96 309.46 124.45 309.95 157.08 208.63 158.59 ship 0 0.999382 votes=1
103.01 532.91 175.58 532.63 175.68 558.38 103.11 558.67 ship 0 0.999355 votes=1
98.19 442.12 180.70 436.27 182.72 464.83 100.21 470.67 ship 0 0.999333 votes=1
95.55 710.65 171.18 706.88 172.55 734.32 96.92 738.10 ship 0 0.999318 votes=1
102.22 615.05 183.50 618.56 182.28 646.87 101.00 643.37 ship 0 0.999299 votes=1
693.19 521.01 782.93 520.92 782.95 549.03 693.22 549.11 ship 0 0.999255 votes=1
650.77 118.88 756.33 118.64 756.42 153.50 650.85 153.74 ship 0 0.999229 votes=1
96.05 337.74 193.43 337.85 193.40 370.69 96.01 370.58 ship 0 0.999196 votes=1
380.75 433.78 481.55 436.99 480.56 468.18 379.76 464.96 ship 0 0.999173 votes=1
202.29 178.77 311.43 178.25 311.60 213.48 202.46 214.00 ship 0 0.999166 votes=1
698.68 348.98 781.72 349.80 781.44 378.53 698.40 377.72 ship 0 0.999110 votes=1
95.30 568.18 180.95 569.14 180.65 596.11 95.00 595.15 ship 0 0.999092 votes=1
379.31 386.13 472.60 387.52 472.15 418.17 378.85 416.78 ship 0 0.999085 votes=1
385.77 601.63 483.55 600.13 483.90 622.74 386.11 624.25 ship 0 0.999084 votes=1
500.70 179.20 592.50 176.06 593.52 205.74 501.72 208.88 ship 0 0.999046 votes=1
102.10 749.05 183.39 747.54 183.90 774.96 102.60 776.47 ship 0 0.999006 votes=1
653.63 664.54 783.82 667.10 783.10 703.50 652.91 700.94 ship 0 0.998990 votes=1
699.59 593.10 783.60 592.96 783.65 617.50 699.63 617.64 ship 0 0.998934 votes=1
676.41 175.34 758.41 176.01 758.18 204.49 676.18 203.83 ship 0 0.998933 votes=1
375.13 701.11 462.52 701.44 462.42 728.86 375.02 728.53 ship 0 0.998911 votes=1
94.78 653.28 173.89 656.74 172.55 687.33 93.44 683.87 ship 0 0.998898 votes=1
385.95 553.43 481.14 556.16 480.22 588.14 385.04 585.42 ship 0 0.998819 votes=1
335.25 178.14 459.92 178.79 459.75 211.09 335.08 210.43 ship 0 0.998723 votes=1
359.78 338.91 453.58 338.96 453.57 371.41 359.76 371.36 ship 0 0.998687 votes=1
380.00 659.63 473.82 660.95 473.38 691.94 379.56 690.63 ship 0 0.998545 votes=1
681.72 478.90 781.25 480.95 780.61 511.88 681.09 509.83 ship 0 0.998540 votes=1
687.81 217.81 780.32 217.03 780.58 247.93 688.07 248.71 ship 0 0.998499 votes=1
666.57 626.50 776.52 625.92 776.68 656.16 666.73 656.74 ship 0 0.998202 votes=1
697.67 557.55 763.73 556.88 763.97 581.05 697.92 581.73 ship 0 0.998150 votes=1
688.55 312.28 783.42 311.42 783.67 338.92 688.80 339.78 ship 0 0.998051 votes=1
398.73 635.47 462.87 633.60 463.43 652.98 399.29 654.85 ship 0 0.995421 votes=1
85.01 781.62 90.07 370.84 200.99 372.21 195.94 782.98 harbor 0 0.907669 votes=1
476.86 367.20 482.27 723.75 357.57 725.65 352.15 369.09 harbor 0 0.829807 votes=1
85.48 370.49 197.12 370.10 197.18 386.29 85.53 386.68 ship 0 0.795755 votes=1
684.20 426.63 793.13 427.40 793.05 438.33 684.13 437.56 harbor 0 0.663473 votes=1
