366.46 661.31 382.71 622.49 395.06 627.66 378.81 666.48 ship 0 0.998714 votes=1
530.71 327.26 564.72 286.46 576.20 296.02 542.19 336.82 ship 0 0.998629 votes=1
260.86 609.91 275.45 578.24 287.85 583.95 273.26 615.63 ship 0 0.998583 votes=1
610.53 244.82 666.16 153.39 683.80 164.12 628.17 255.56 ship 0 0.998062 votes=1
331.93 640.55 346.38 605.25 359.62 610.67 345.17 645.97 ship 0 0.997599 votes=1
502.81 310.40 517.59 283.36 527.16 288.59 512.38 315.64 ship 0 0.997121 votes=1
211.50 419.33 225.41 392.29 235.76 397.62 221.85 424.66 ship 0 0.996928 votes=1
276.58 623.01 289.45 591.76 300.75 596.41 287.87 627.66 ship 0 0.996876 votes=1
350.08 648.53 364.17 620.23 375.06 625.65 360.97 653.95 ship 0 0.995606 votes=1
314.89 250.32 324.33 226.69 333.06 230.17 323.63 253.80 ship 0 0.995081 votes=1
337.92 262.52 348.93 238.62 356.83 242.26 345.82 266.16 ship 0 0.993866 votes=1
165.55 494.18 188.42 467.42 197.00 474.74 174.13 501.51 ship 0 0.991115 votes=1
241.12 607.83 254.78 573.03 265.27 577.15 251.61 611.95 ship 0 0.990873 votes=1
295.56 625.05 310.01 586.06 324.43 591.40 309.98 630.40 ship 0 0.990864 votes=1
516.07 318.97 538.81 287.27 548.47 294.20 525.73 325.90 ship 0 0.990761 votes=1
312.48 637.29 328.23 605.48 339.98 611.30 324.23 643.11 ship 0 0.978617 votes=1
255.71 474.88 298.15 497.60 292.57 508.02 250.13 485.30 ship 0 0.954964 votes=1
155.90 523.95 395.21 621.39 372.14 678.04 132.84 580.60 harbor 0 0.936988 votes=1
219.87 471.04 241.52 472.82 240.83 481.11 219.19 479.32 ship 0 0.932792 votes=1
403.83 -34.68 680.00 163.63 520.65 385.56 244.47 187.25 harbor 0 0.845183 votes=1
137.74 553.39 147.36 531.67 158.05 536.40 148.42 558.12 ship 0 0.836034 votes=1
174.62 349.56 469.66 455.16 430.32 565.09 135.27 459.49 harbor 0 0.818136 votes=1
126.58 635.29 342.83 718.23 314.12 793.09 97.87 710.14 harbor 0 0.794216 votes=1
