642.39 59.79 642.95 141.06 615.45 141.25 614.89 59.98 ship 0 0.999495 votes=1
640.95 666.49 641.79 595.73 667.81 596.04 666.96 666.80 ship 0 0.999426 votes=1
695.69 687.91 695.78 740.80 675.91 740.84 675.82 687.95 ship 0 0.999277 votes=1
671.12 420.51 673.23 487.01 648.58 487.79 646.47 421.29 ship 0 0.999165 votes=1
426.41 595.92 426.83 705.33 393.95 705.45 393.53 596.05 ship 0 0.998979 votes=1
695.84 241.95 696.34 159.00 725.69 159.18 725.20 242.13 ship 0 0.998313 votes=1
650.27 732.44 650.60 686.14 670.17 686.28 669.84 732.58 ship 0 0.996952 votes=1
431.17 345.64 784.43 347.35 783.77 485.73 430.50 484.03 harbor 0 0.996824 votes=1
417.02 67.63 767.40 67.40 767.51 228.75 417.13 228.99 harbor 0 0.996811 votes=1
415.35 607.93 781.99 601.09 784.60 741.09 417.96 747.92 harbor 0 0.994982 votes=1
731.27 438.93 731.53 476.23 718.50 476.32 718.24 439.03 ship 0 0.875615 votes=1
