260.02 520.72 260.32 442.18 287.17 442.28 286.87 520.82 ship 0 0.999474 votes=1
304.24 56.05 304.88 132.56 277.47 132.79 276.84 56.28 ship 0 0.999438 votes=1
128.12 56.53 128.64 153.29 99.75 153.45 99.23 56.68 ship 0 0.999430 votes=1
414.03 412.99 415.12 322.70 442.63 323.03 441.54 413.32 ship 0 0.999427 votes=1
384.98 51.56 385.82 150.40 357.45 150.64 356.61 51.80 ship 0 0.999382 votes=1
182.58 516.90 183.07 441.77 206.98 441.93 206.48 517.06 ship 0 0.999329 votes=1
411.45 433.00 411.97 505.44 388.40 505.62 387.87 433.17 ship 0 0.999326 votes=1
129.40 441.76 130.06 533.29 102.74 533.48 102.08 441.96 ship 0 0.999302 votes=1
166.67 441.95 168.37 528.15 141.74 528.67 140.04 442.47 ship 0 0.999289 votes=1
529.39 112.58 530.12 44.24 555.15 44.51 554.42 112.84 ship 0 0.999228 votes=1
389.08 747.16 389.40 664.25 415.93 664.35 415.62 747.26 ship 0 0.999213 votes=1
277.15 414.33 277.48 311.95 306.57 312.04 306.24 414.42 ship 0 0.999175 votes=1
508.05 743.43 508.53 655.74 535.29 655.88 534.81 743.57 ship 0 0.999173 votes=1
606.96 328.02 612.36 404.77 586.68 406.57 581.28 329.83 ship 0 0.999150 votes=1
651.86 42.97 652.83 135.70 622.76 136.02 621.79 43.28 ship 0 0.999135 votes=1
626.01 404.13 626.30 306.75 655.00 306.84 654.72 404.21 ship 0 0.999116 votes=1
174.22 314.00 176.37 413.43 145.36 414.10 143.20 314.68 ship 0 0.999099 votes=1
429.33 50.68 431.22 133.14 405.76 133.73 403.87 51.26 ship 0 0.999093 votes=1
493.29 404.81 494.48 315.78 522.72 316.16 521.53 405.19 ship 0 0.999088 votes=1
169.58 54.41 171.67 150.77 144.76 151.36 142.66 55.00 ship 0 0.999053 votes=1
149.21 746.73 150.92 663.01 174.32 663.49 172.61 747.20 ship 0 0.999020 votes=1
127.23 333.83 128.37 412.26 101.50 412.66 100.35 334.23 ship 0 0.998996 votes=1
479.93 45.46 480.54 141.33 452.55 141.51 451.94 45.64 ship 0 0.998990 votes=1
334.70 441.46 336.07 529.21 308.54 529.64 307.17 441.89 ship 0 0.998974 votes=1
186.40 424.07 187.61 304.36 218.31 304.67 217.10 424.38 ship 0 0.998885 votes=1
571.71 146.43 575.05 43.25 604.35 44.20 601.00 147.38 ship 0 0.998865 votes=1
374.59 660.65 375.14 749.36 344.75 749.55 344.21 660.83 ship 0 0.998796 votes=1
424.55 738.94 425.99 664.47 448.10 664.89 446.66 739.36 ship 0 0.998793 votes=1
262.26 51.96 265.77 151.76 236.99 152.77 233.47 52.97 ship 0 0.998742 votes=1
494.43 665.39 495.59 747.78 470.71 748.13 469.56 665.74 ship 0 0.998582 votes=1
583.37 522.01 583.89 437.30 609.14 437.45 608.62 522.16 ship 0 0.998538 votes=1
546.70 741.31 547.52 655.18 570.15 655.40 569.33 741.52 ship 0 0.998482 votes=1
388.83 321.20 389.68 415.05 363.59 415.28 362.75 321.44 ship 0 0.998320 votes=1
224.16 745.59 224.76 668.05 246.59 668.21 245.99 745.76 ship 0 0.998314 votes=1
258.61 347.40 259.35 417.03 231.97 417.32 231.23 347.69 ship 0 0.998086 votes=1
370.92 439.57 371.31 526.27 344.59 526.39 344.20 439.69 ship 0 0.998062 votes=1
542.06 521.32 544.53 435.82 572.03 436.61 569.55 522.12 ship 0 0.998030 votes=1
246.92 440.75 248.99 519.49 224.58 520.13 222.50 441.39 ship 0 0.997919 votes=1
702.47 39.98 702.48 118.67 659.41 118.67 659.40 39.98 ship 0 0.997889 votes=1
131.47 676.91 132.27 755.05 107.41 755.30 106.62 677.16 ship 0 0.997857 votes=1
519.75 36.48 528.93 160.92 495.13 163.42 485.95 38.97 ship 0 0.997769 votes=1
627.82 738.90 628.60 665.10 651.66 665.34 650.89 739.14 ship 0 0.997687 votes=1
88.67 80.28 89.80 138.21 69.96 138.60 68.82 80.67 ship 0 0.997648 votes=1
317.54 130.28 317.84 52.19 344.89 52.29 344.59 130.38 ship 0 0.997261 votes=1
684.50 437.33 685.09 473.49 671.85 473.71 671.26 437.55 ship 0 0.997050 votes=1
205.84 666.03 207.35 745.10 185.68 745.52 184.18 666.44 ship 0 0.996835 votes=1
460.51 524.22 462.45 438.04 486.65 438.59 484.71 524.76 ship 0 0.995369 votes=1
330.16 670.73 333.26 752.75 307.77 753.72 304.67 671.70 ship 0 0.993239 votes=1
70.90 424.67 71.63 317.97 92.72 318.12 91.99 424.82 ship 0 0.986827 votes=1
43.50 311.12 658.26 302.61 661.35 525.58 46.58 534.08 harbor 0 0.983242 votes=1
662.36 438.35 663.18 518.14 619.65 518.59 618.82 438.80 ship 0 0.969200 votes=1
58.13 655.07 725.90 650.90 726.58 759.47 58.81 763.64 harbor 0 0.966091 votes=1
82.56 689.02 82.66 666.31 93.26 666.36 93.16 689.06 ship 0 0.964673 votes=1
52.67 87.61 52.75 66.01 63.56 66.05 63.48 87.65 ship 0 0.956357 votes=1
53.09 29.28 699.29 18.74 701.48 153.03 55.28 163.57 harbor 0 0.945202 votes=1
498.17 408.92 524.37 409.18 524.27 419.55 498.07 419.29 ship 0 0.824825 votes=1
67.81 757.84 67.83 736.15 87.92 736.16 87.90 757.85 ship 0 0.647208 votes=1
