689.66 718.87 689.76 661.62 709.32 661.65 709.22 718.90 ship 0 0.999179 votes=1
618.92 504.84 619.12 460.53 634.05 460.60 633.85 504.91 ship 0 0.999173 votes=1
661.45 672.73 661.71 718.76 643.63 718.86 643.37 672.83 ship 0 0.999061 votes=1
597.75 504.97 598.02 454.88 614.53 454.97 614.27 505.06 ship 0 0.999058 votes=1
630.63 655.26 630.81 614.64 646.57 614.71 646.39 655.33 ship 0 0.998909 votes=1
649.53 351.86 650.14 298.62 669.87 298.84 669.26 352.08 ship 0 0.998898 votes=1
674.93 506.46 675.98 460.85 691.55 461.20 690.50 506.82 ship 0 0.998859 votes=1
639.89 562.17 639.97 526.87 652.98 526.89 652.90 562.20 ship 0 0.998839 votes=1
645.43 300.18 645.70 351.91 628.59 352.00 628.32 300.27 ship 0 0.998777 votes=1
632.72 519.40 632.83 556.46 618.05 556.51 617.95 519.44 ship 0 0.998768 votes=1
580.14 507.65 580.30 454.55 596.74 454.60 596.59 507.70 ship 0 0.998691 votes=1
689.97 198.79 690.50 164.96 703.47 165.16 702.94 198.99 ship 0 0.998665 votes=1
285.04 102.16 341.59 100.92 342.04 121.35 285.49 122.59 ship 0 0.998602 votes=1
557.55 508.39 558.03 454.94 575.80 455.10 575.33 508.54 ship 0 0.998438 votes=1
663.03 218.39 663.42 250.78 651.73 250.92 651.34 218.52 ship 0 0.998368 votes=1
655.96 509.67 656.82 464.69 673.71 465.01 672.85 509.99 ship 0 0.998347 votes=1
571.44 736.96 571.87 682.30 592.82 682.47 592.39 737.12 ship 0 0.998328 votes=1
679.81 160.41 680.01 200.93 665.44 201.01 665.23 160.48 ship 0 0.998309 votes=1
648.58 199.78 648.66 163.73 661.71 163.76 661.63 199.81 ship 0 0.998294 votes=1
683.60 665.89 683.77 718.87 665.47 718.93 665.31 665.94 ship 0 0.998281 votes=1
664.09 607.59 664.87 650.16 650.45 650.43 649.67 607.86 ship 0 0.998201 votes=1
279.02 89.94 279.47 122.48 266.72 122.66 266.27 90.12 ship 0 0.998200 votes=1
614.43 667.50 615.06 724.31 594.48 724.54 593.85 667.73 ship 0 0.998159 votes=1
675.33 564.66 676.35 528.40 689.78 528.77 688.75 565.03 ship 0 0.998089 votes=1
625.56 611.26 626.69 652.10 612.72 652.49 611.59 611.64 ship 0 0.998024 votes=1
599.46 555.45 600.88 519.48 614.15 520.00 612.73 555.98 ship 0 0.998012 votes=1
645.46 92.54 690.58 91.63 690.91 107.72 645.78 108.63 ship 0 0.997939 votes=1
545.86 755.54 546.78 706.03 563.33 706.34 562.41 755.84 ship 0 0.997933 votes=1
708.45 603.27 709.88 657.46 688.31 658.03 686.88 603.84 ship 0 0.997906 votes=1
636.98 666.53 637.76 719.19 618.46 719.48 617.68 666.82 ship 0 0.997886 votes=1
585.34 399.85 588.88 364.59 601.65 365.88 598.11 401.13 ship 0 0.997828 votes=1
702.07 216.59 702.30 254.99 688.75 255.07 688.52 216.67 ship 0 0.997823 votes=1
691.05 412.23 693.42 346.69 715.19 347.47 712.82 413.01 ship 0 0.997806 votes=1
637.24 509.10 637.90 462.94 653.63 463.16 652.97 509.33 ship 0 0.997719 votes=1
594.79 654.96 595.58 621.10 608.59 621.40 607.81 655.26 ship 0 0.997683 votes=1
613.91 247.68 614.12 217.99 625.85 218.07 625.64 247.77 ship 0 0.997664 votes=1
443.88 732.99 445.43 701.55 457.78 702.16 456.22 733.60 ship 0 0.997619 votes=1
529.50 745.84 531.58 705.20 545.25 705.90 543.18 746.53 ship 0 0.997579 votes=1
574.06 343.99 576.46 313.06 588.12 313.97 585.71 344.89 ship 0 0.997488 votes=1
646.97 397.26 647.32 361.95 661.04 362.08 660.70 397.39 ship 0 0.997443 votes=1
679.25 214.39 681.92 250.66 668.98 251.61 666.32 215.34 ship 0 0.997400 votes=1
150.60 509.14 189.18 514.08 187.45 527.60 148.87 522.65 ship 0 0.997279 votes=1
539.57 576.22 570.18 575.05 570.66 587.71 540.06 588.88 ship 0 0.997240 votes=1
294.20 83.24 320.14 82.08 320.61 92.61 294.67 93.76 ship 0 0.997206 votes=1
581.22 80.21 613.36 77.89 614.30 90.95 582.17 93.27 ship 0 0.997155 votes=1
591.12 348.16 591.27 315.73 604.07 315.80 603.92 348.22 ship 0 0.996899 votes=1
569.28 393.89 575.43 362.37 587.88 364.80 581.73 396.32 ship 0 0.996790 votes=1
541.06 390.65 541.36 358.84 554.29 358.96 553.99 390.77 ship 0 0.996755 votes=1
539.68 257.61 570.47 256.34 570.94 267.91 540.16 269.18 ship 0 0.996714 votes=1
593.16 518.84 593.37 552.05 580.21 552.13 580.01 518.92 ship 0 0.996614 votes=1
630.73 252.03 631.90 220.29 644.00 220.73 642.82 252.48 ship 0 0.996610 votes=1
625.76 409.94 626.28 363.10 642.21 363.27 641.69 410.11 ship 0 0.996389 votes=1
511.58 738.53 512.66 707.39 524.98 707.82 523.90 738.96 ship 0 0.996221 votes=1
593.72 102.67 598.03 130.92 586.90 132.62 582.58 104.37 ship 0 0.996212 votes=1
534.08 600.21 568.57 600.54 568.44 613.58 533.96 613.25 ship 0 0.996166 votes=1
161.91 481.86 221.57 491.51 218.31 511.66 158.65 502.02 ship 0 0.996008 votes=1
627.25 100.87 628.07 129.74 616.70 130.06 615.88 101.19 ship 0 0.995946 votes=1
539.00 290.41 572.54 289.99 572.69 301.65 539.15 302.07 ship 0 0.995616 votes=1
423.95 724.55 424.57 695.55 436.72 695.81 436.10 724.81 ship 0 0.995542 votes=1
544.13 87.55 568.38 84.98 569.51 95.64 545.26 98.21 ship 0 0.995014 votes=1
674.65 407.62 674.97 366.37 688.04 366.47 687.72 407.73 ship 0 0.994825 votes=1
696.26 498.97 696.28 466.89 709.67 466.90 709.65 498.98 ship 0 0.994749 votes=1
478.53 727.91 478.66 700.00 489.76 700.05 489.63 727.96 ship 0 0.994693 votes=1
587.09 178.58 587.12 203.96 576.21 203.97 576.18 178.59 ship 0 0.994669 votes=1
206.13 464.83 246.69 473.64 243.25 489.50 202.69 480.70 ship 0 0.994536 votes=1
708.19 207.67 709.42 177.76 721.03 178.24 719.80 208.15 ship 0 0.994183 votes=1
413.67 94.24 440.64 94.40 440.58 105.47 413.61 105.31 ship 0 0.993354 votes=1
600.33 215.74 600.52 242.31 590.58 242.38 590.39 215.81 ship 0 0.992837 votes=1
642.22 170.45 642.89 204.84 630.24 205.08 629.57 170.69 ship 0 0.991994 votes=1
494.25 732.99 494.38 701.98 506.91 702.03 506.77 733.05 ship 0 0.991539 votes=1
609.79 101.04 612.04 128.64 600.90 129.55 598.65 101.96 ship 0 0.991402 votes=1
451.41 221.26 496.19 219.44 496.92 237.29 452.13 239.11 ship 0 0.990286 votes=1
460.28 727.25 463.83 701.82 474.71 703.33 471.16 728.77 ship 0 0.989557 votes=1
333.24 82.33 356.24 80.56 357.04 90.88 334.03 92.65 ship 0 0.989242 votes=1
627.25 175.32 627.49 202.38 616.80 202.48 616.56 175.41 ship 0 0.986451 votes=1
397.50 700.70 397.53 732.69 385.23 732.70 385.20 700.71 ship 0 0.986299 votes=1
408.04 722.44 409.58 696.22 420.74 696.87 419.20 723.09 ship 0 0.983856 votes=1
520.30 304.93 707.07 314.73 702.58 400.35 515.80 390.55 harbor 0 0.982493 votes=1
657.25 556.79 657.43 526.07 669.74 526.14 669.56 556.87 ship 0 0.980827 votes=1
640.83 76.95 663.74 76.07 664.15 86.88 641.25 87.76 ship 0 0.978464 votes=1
539.01 272.24 569.34 272.14 569.39 285.00 539.05 285.10 ship 0 0.977950 votes=1
587.44 214.89 588.85 239.97 577.87 240.59 576.47 215.51 ship 0 0.974491 votes=1
551.58 238.87 572.40 241.04 571.41 250.48 550.59 248.31 ship 0 0.973802 votes=1
528.12 467.89 696.33 469.20 695.67 553.60 527.46 552.29 harbor 0 0.972344 votes=1
613.52 179.23 614.20 204.22 603.24 204.52 602.55 179.53 ship 0 0.971640 votes=1
377.18 681.66 384.34 700.15 376.77 703.08 369.61 684.59 ship 0 0.961579 votes=1
549.86 464.19 551.26 505.97 537.73 506.43 536.33 464.64 ship 0 0.961384 votes=1
541.07 560.52 562.28 560.44 562.32 570.31 541.10 570.39 ship 0 0.957513 votes=1
466.24 407.26 495.30 413.73 492.83 424.81 463.78 418.34 ship 0 0.954108 votes=1
554.93 175.62 716.99 177.42 716.18 250.31 554.13 248.52 harbor 0 0.953706 votes=1
697.99 340.64 698.66 318.54 708.49 318.84 707.82 340.94 ship 0 0.952689 votes=1
95.35 202.01 113.60 157.62 129.39 164.11 111.15 208.50 ship 0 0.808791 votes=1
537.97 616.78 698.23 613.98 700.19 726.45 539.94 729.25 harbor 0 0.780570 votes=1
602.75 244.34 602.92 217.90 611.55 217.96 611.37 244.39 ship 0 0.712408 votes=1
