203.67 576.86 204.72 432.20 349.34 433.25 348.29 577.91 baseballfield 0 0.999357 votes=1
128.38 125.20 128.90 195.68 95.71 195.92 95.19 125.45 tenniscourt 0 0.999200 votes=1
428.05 124.68 429.59 202.47 381.37 203.43 379.82 125.64 basketballcourt 0 0.999196 votes=1
427.62 31.45 428.84 109.33 379.55 110.10 378.33 32.22 basketballcourt 0 0.999181 votes=1
301.59 32.16 302.42 110.79 254.56 111.30 253.73 32.67 basketballcourt 0 0.999146 votes=1
240.11 128.16 241.23 204.99 192.20 205.70 191.08 128.88 basketballcourt 0 0.999124 votes=1
303.19 124.96 304.82 203.87 255.27 204.90 253.64 125.98 basketballcourt 0 0.999123 votes=1
137.46 194.91 137.77 124.07 173.25 124.23 172.94 195.07 tenniscourt 0 0.999115 votes=1
365.41 125.59 366.35 204.05 318.84 204.61 317.90 126.16 basketballcourt 0 0.999095 votes=1
365.21 32.43 365.83 109.95 317.54 110.34 316.92 32.82 basketballcourt 0 0.999076 votes=1
239.48 33.48 240.37 110.72 191.68 111.28 190.79 34.04 basketballcourt 0 0.999073 votes=1
680.64 -2.57 766.34 523.47 538.29 560.63 452.58 34.58 groundtrackfield 0 0.998628 votes=1
101.91 57.13 168.76 56.40 169.14 91.68 102.30 92.41 tenniscourt 0 0.831666 votes=1
