47.89 240.33 121.29 239.95 121.59 297.59 48.19 297.97 storagetank 0 0.998968 votes=1
62.40 512.77 152.88 516.36 149.99 589.15 59.52 585.56 storagetank 0 0.998966 votes=1
395.12 522.71 505.25 522.89 505.11 604.69 394.98 604.51 storagetank 0 0.998918 votes=1
247.00 514.33 339.46 514.90 339.01 587.83 246.55 587.25 storagetank 0 0.998867 votes=1
503.10 521.90 610.64 522.39 610.26 605.57 502.72 605.08 storagetank 0 0.998734 votes=1
397.23 627.11 504.84 628.68 503.63 711.34 396.02 709.77 storagetank 0 0.998712 votes=1
153.87 514.07 244.36 515.28 243.37 589.22 152.88 588.02 storagetank 0 0.998697 votes=1
246.78 613.74 338.14 616.01 336.36 688.01 244.99 685.74 storagetank 0 0.998645 votes=1
61.47 613.29 153.89 615.26 152.35 687.50 59.93 685.53 storagetank 0 0.998577 votes=1
49.48 165.82 121.71 167.44 120.44 223.89 48.21 222.27 storagetank 0 0.998563 votes=1
154.19 613.08 245.66 613.90 244.99 688.42 153.52 687.60 storagetank 0 0.998487 votes=1
501.62 627.35 609.98 629.54 608.32 711.56 499.96 709.37 storagetank 0 0.998422 votes=1
