162.92 587.80 189.90 532.73 208.32 541.76 181.34 596.83 ship 0 0.999032 votes=1
135.15 650.66 154.64 603.98 172.01 611.23 152.52 657.91 ship 0 0.998995 votes=1
398.49 406.94 436.11 434.30 426.02 448.18 388.40 420.81 ship 0 0.998892 votes=1
386.21 429.12 426.86 455.75 417.08 470.67 376.43 444.05 ship 0 0.998646 votes=1
250.06 624.42 294.45 651.84 284.78 667.49 240.39 640.07 ship 0 0.998552 votes=1
457.75 431.75 489.31 391.86 503.57 403.14 472.01 443.03 ship 0 0.998073 votes=1
353.40 587.65 395.02 528.61 414.23 542.15 372.61 601.19 ship 0 0.997873 votes=1
269.11 605.36 305.39 631.42 296.44 643.88 260.16 617.83 ship 0 0.997712 votes=1
462.26 324.37 498.60 345.17 492.29 356.20 455.94 335.40 ship 0 0.997037 votes=1
522.76 260.85 544.41 278.79 536.93 287.82 515.28 269.89 ship 0 0.996432 votes=1
352.57 493.45 383.73 512.36 376.57 524.15 345.41 505.25 ship 0 0.996332 votes=1
437.86 354.79 475.10 378.78 467.36 390.80 430.12 366.80 ship 0 0.996017 votes=1
257.10 434.84 291.03 382.78 307.64 393.61 273.71 445.66 ship 0 0.994796 votes=1
508.66 277.17 534.55 292.38 528.78 302.21 502.89 286.99 ship 0 0.992367 votes=1
375.63 453.25 412.16 475.07 404.37 488.12 367.84 466.30 ship 0 0.990691 votes=1
174.38 417.13 237.31 452.49 203.66 512.38 140.73 477.02 harbor 0 0.987014 votes=1
325.49 347.56 350.20 311.15 361.23 318.64 336.53 355.04 ship 0 0.983414 votes=1
35.90 735.63 119.68 735.77 119.59 787.89 35.82 787.76 harbor 0 0.982871 votes=1
227.93 339.38 291.39 379.67 257.31 433.34 193.85 393.05 harbor 0 0.967366 votes=1
51.79 657.63 132.53 671.79 123.47 723.44 42.74 709.28 harbor 0 0.967096 votes=1
262.49 296.74 322.42 221.02 387.28 272.36 327.35 348.08 harbor 0 0.949664 votes=1
90.45 583.20 153.04 605.48 136.31 652.47 73.72 630.19 harbor 0 0.927953 votes=1
124.44 505.10 183.57 540.27 155.82 586.95 96.68 551.78 harbor 0 0.906638 votes=1
503.35 313.19 517.74 319.80 514.60 326.63 500.21 320.02 ship 0 0.831406 votes=1
327.20 206.37 373.99 126.65 445.51 168.64 398.72 248.35 harbor 0 0.759917 votes=1
