651.53 288.18 740.81 282.41 742.28 305.19 653.00 310.95 ship 0 0.999112 votes=1
388.74 463.99 434.84 464.42 434.69 479.80 388.60 479.37 ship 0 0.998985 votes=1
654.58 525.52 733.92 516.12 736.49 537.77 657.15 547.18 ship 0 0.998973 votes=1
580.73 407.75 630.35 407.67 630.38 425.10 580.76 425.19 ship 0 0.998912 votes=1
375.21 337.08 420.63 335.57 421.13 350.62 375.71 352.14 ship 0 0.998821 votes=1
379.44 667.61 415.65 667.24 415.79 681.18 379.58 681.54 ship 0 0.998792 votes=1
612.89 629.81 646.26 628.52 646.72 640.43 613.35 641.72 ship 0 0.998732 votes=1
580.90 381.26 630.95 379.89 631.38 395.57 581.33 396.93 ship 0 0.998654 votes=1
578.78 333.52 626.64 332.57 626.94 347.68 579.08 348.63 ship 0 0.998627 votes=1
91.74 597.88 130.25 597.05 130.52 609.60 92.01 610.43 ship 0 0.998552 votes=1
438.81 378.93 487.52 375.51 488.66 391.78 439.96 395.21 ship 0 0.998544 votes=1
196.23 632.99 233.18 632.48 233.36 645.45 196.41 645.96 ship 0 0.998527 votes=1
120.66 434.70 159.11 432.46 159.87 445.46 121.42 447.70 ship 0 0.998426 votes=1
117.86 395.61 157.79 393.78 158.38 406.78 118.46 408.61 ship 0 0.998419 votes=1
380.99 648.10 416.69 647.10 417.03 659.16 381.33 660.16 ship 0 0.998349 votes=1
373.89 595.44 411.60 591.68 412.85 604.18 375.13 607.93 ship 0 0.998345 votes=1
269.92 343.99 310.47 344.12 310.43 357.74 269.88 357.61 ship 0 0.998324 votes=1
606.74 553.58 644.75 552.20 645.25 566.05 607.24 567.43 ship 0 0.998315 votes=1
123.42 491.97 159.32 490.61 159.79 503.02 123.88 504.37 ship 0 0.998285 votes=1
604.26 573.23 643.55 570.37 644.48 583.14 605.19 586.00 ship 0 0.998231 votes=1
122.66 471.56 162.26 468.49 163.32 482.24 123.72 485.31 ship 0 0.998223 votes=1
78.10 476.24 106.31 476.29 106.29 486.38 78.08 486.33 ship 0 0.998144 votes=1
223.66 454.87 261.84 454.59 261.94 467.90 223.76 468.18 ship 0 0.998099 votes=1
376.36 630.79 410.49 630.07 410.76 642.54 376.62 643.27 ship 0 0.998075 votes=1
674.21 590.86 729.44 584.89 731.28 602.00 676.05 607.96 ship 0 0.998036 votes=1
601.47 516.67 635.73 513.48 636.87 525.67 602.61 528.86 ship 0 0.997994 votes=1
519.53 599.15 552.14 599.00 552.20 609.61 519.58 609.77 ship 0 0.997977 votes=1
120.38 453.04 161.47 449.65 162.65 463.97 121.56 467.36 ship 0 0.997972 votes=1
272.18 428.09 314.30 427.24 314.54 439.51 272.43 440.36 ship 0 0.997958 votes=1
93.81 636.43 132.21 635.55 132.52 649.04 94.12 649.92 ship 0 0.997917 votes=1
271.07 406.88 315.09 409.00 314.42 422.79 270.40 420.67 ship 0 0.997847 votes=1
449.38 451.08 497.40 449.39 497.95 464.81 449.93 466.50 ship 0 0.997842 votes=1
463.84 548.28 499.77 547.45 500.07 560.28 464.14 561.12 ship 0 0.997841 votes=1
437.02 355.97 485.73 354.40 486.24 370.20 437.53 371.77 ship 0 0.997791 votes=1
194.61 650.94 235.20 650.64 235.29 663.11 194.70 663.41 ship 0 0.997784 votes=1
114.76 357.38 150.64 355.52 151.29 367.97 115.41 369.84 ship 0 0.997768 votes=1
578.78 359.93 626.03 357.09 626.95 372.44 579.70 375.27 ship 0 0.997765 votes=1
612.10 594.14 646.07 593.34 646.36 605.41 612.39 606.21 ship 0 0.997733 votes=1
97.03 655.48 135.55 656.20 135.30 669.69 96.78 668.97 ship 0 0.997723 votes=1
645.81 319.62 735.43 313.32 737.28 339.63 647.66 345.94 ship 0 0.997678 votes=1
650.34 457.78 710.69 451.51 712.71 470.87 652.35 477.15 ship 0 0.997655 votes=1
520.87 656.04 559.18 655.26 559.48 669.81 521.16 670.59 ship 0 0.997651 votes=1
264.69 320.03 310.50 321.87 309.83 338.58 264.03 336.74 ship 0 0.997612 votes=1
271.85 387.61 315.28 386.09 315.77 400.19 272.35 401.71 ship 0 0.997528 votes=1
218.87 391.51 254.90 389.93 255.45 402.39 219.42 403.98 ship 0 0.997518 votes=1
388.70 441.72 429.52 440.71 429.87 454.55 389.04 455.56 ship 0 0.997508 votes=1
372.78 574.17 408.54 572.94 408.96 585.16 373.20 586.39 ship 0 0.997489 votes=1
382.07 380.64 423.11 378.86 423.73 393.19 382.69 394.97 ship 0 0.997439 votes=1
430.80 307.99 480.59 305.37 481.52 323.02 431.72 325.64 ship 0 0.997436 votes=1
241.56 603.65 276.24 600.81 277.26 613.27 242.58 616.11 ship 0 0.997372 votes=1
240.82 566.10 276.14 565.49 276.35 577.73 241.03 578.34 ship 0 0.997279 votes=1
94.84 616.77 130.81 615.38 131.33 628.70 95.35 630.09 ship 0 0.997223 votes=1
434.23 332.32 485.19 328.53 486.43 345.12 435.47 348.92 ship 0 0.997216 votes=1
205.34 732.56 243.21 731.42 243.62 745.01 205.75 746.15 ship 0 0.997215 votes=1
249.30 656.80 280.70 656.07 280.94 666.39 249.53 667.11 ship 0 0.997201 votes=1
525.45 675.90 558.02 673.33 558.93 684.93 526.37 687.50 ship 0 0.997157 votes=1
117.07 378.72 152.85 378.00 153.08 389.26 117.30 389.98 ship 0 0.997135 votes=1
438.58 407.38 486.80 402.79 488.10 416.44 439.88 421.03 ship 0 0.997053 votes=1
17.41 489.02 21.65 527.38 8.36 528.85 4.13 490.48 ship 0 0.997036 votes=1
57.19 636.13 82.17 631.36 84.01 640.98 59.02 645.74 ship 0 0.997023 votes=1
272.27 472.92 315.40 470.84 316.07 484.56 272.93 486.64 ship 0 0.996936 votes=1
129.21 530.26 168.05 525.71 169.52 538.26 130.68 542.80 ship 0 0.996918 votes=1
514.43 580.37 552.11 578.36 552.84 591.96 515.16 593.97 ship 0 0.996903 votes=1
180.65 550.78 217.65 547.31 218.84 559.95 181.84 563.42 ship 0 0.996801 votes=1
248.20 677.04 279.28 675.58 279.80 686.73 248.72 688.19 ship 0 0.996752 votes=1
369.12 535.03 404.74 534.77 404.82 546.49 369.20 546.75 ship 0 0.996623 votes=1
375.76 611.28 407.80 610.69 408.00 621.84 375.97 622.42 ship 0 0.996609 votes=1
613.12 653.71 649.88 652.46 650.27 663.99 613.51 665.24 ship 0 0.996592 votes=1
74.05 379.02 101.86 378.93 101.89 388.97 74.08 389.06 ship 0 0.996506 votes=1
282.74 514.31 323.23 510.95 324.40 524.94 283.90 528.30 ship 0 0.996381 votes=1
199.28 713.94 238.76 709.71 240.27 723.74 200.78 727.97 ship 0 0.996378 votes=1
72.95 401.12 105.12 399.26 105.77 410.56 73.61 412.42 ship 0 0.996343 votes=1
245.73 619.39 275.57 618.62 275.84 629.04 246.00 629.81 ship 0 0.996034 votes=1
511.28 522.09 550.63 521.63 550.79 535.05 511.44 535.52 ship 0 0.996010 votes=1
218.55 411.00 257.78 411.75 257.52 425.61 218.28 424.86 ship 0 0.995998 votes=1
513.68 562.36 549.25 561.13 549.66 572.87 514.09 574.10 ship 0 0.995980 votes=1
119.90 415.82 157.98 414.54 158.39 426.92 120.31 428.20 ship 0 0.995953 votes=1
92.92 578.32 131.61 577.78 131.79 590.65 93.10 591.20 ship 0 0.995915 votes=1
240.94 545.55 271.67 544.69 272.02 557.11 241.28 557.97 ship 0 0.995780 votes=1
76.08 416.60 105.55 414.85 106.20 425.75 76.73 427.50 ship 0 0.995687 votes=1
452.66 500.30 499.98 498.13 500.72 514.28 453.41 516.45 ship 0 0.995603 votes=1
275.35 451.63 316.47 451.37 316.55 464.29 275.43 464.54 ship 0 0.995579 votes=1
460.13 528.51 498.54 527.45 498.94 541.88 460.52 542.94 ship 0 0.995491 votes=1
578.07 487.21 629.88 486.60 630.08 503.36 578.27 503.97 ship 0 0.995346 votes=1
576.73 285.34 645.89 279.39 648.51 309.90 579.36 315.85 ship 0 0.995345 votes=1
76.01 440.14 106.11 439.13 106.47 449.75 76.37 450.76 ship 0 0.995295 votes=1
221.72 435.85 261.57 435.20 261.80 449.37 221.96 450.03 ship 0 0.995124 votes=1
198.41 674.66 234.96 671.11 236.18 683.58 199.62 687.14 ship 0 0.995111 votes=1
101.40 696.26 138.47 695.23 138.81 707.80 101.75 708.83 ship 0 0.995108 votes=1
650.93 358.66 717.38 352.70 719.16 372.62 652.72 378.57 ship 0 0.995066 votes=1
191.73 589.98 231.06 589.31 231.28 602.41 191.95 603.08 ship 0 0.995001 votes=1
31.21 85.86 43.05 116.09 31.88 120.47 20.03 90.24 ship 0 0.994829 votes=1
606.81 531.46 642.27 531.12 642.39 543.97 606.93 544.32 ship 0 0.994788 votes=1
58.63 686.57 85.42 686.37 85.49 696.42 58.71 696.63 ship 0 0.994765 votes=1
382.71 709.88 420.63 704.86 422.39 718.17 384.47 723.18 ship 0 0.994703 votes=1
473.57 644.46 510.58 640.43 511.89 652.53 474.89 656.56 ship 0 0.994657 votes=1
98.80 676.00 138.27 673.89 139.02 687.95 99.55 690.06 ship 0 0.994268 votes=1
61.44 701.10 88.10 701.20 88.07 710.99 61.40 710.89 ship 0 0.994242 votes=1
246.61 639.47 278.55 639.43 278.56 650.78 246.63 650.82 ship 0 0.994175 votes=1
470.88 585.20 502.27 583.30 502.91 593.94 471.53 595.84 ship 0 0.994150 votes=1
251.52 712.15 282.11 712.32 282.05 723.09 251.46 722.93 ship 0 0.993784 votes=1
383.69 687.78 421.77 685.73 422.47 698.74 384.39 700.79 ship 0 0.993763 votes=1
197.71 692.20 236.47 692.14 236.49 705.58 197.73 705.64 ship 0 0.993304 votes=1
529.49 713.89 561.14 713.56 561.25 724.08 529.60 724.41 ship 0 0.993276 votes=1
465.40 568.90 502.00 564.76 503.36 576.73 466.76 580.87 ship 0 0.992975 votes=1
391.77 486.78 436.38 485.52 436.80 500.33 392.19 501.60 ship 0 0.992869 votes=1
444.72 475.81 499.89 472.67 500.87 489.81 445.69 492.95 ship 0 0.992562 votes=1
111.65 339.61 148.74 332.54 151.70 348.10 114.62 355.17 ship 0 0.992163 votes=1
58.86 669.17 88.40 669.53 88.27 680.01 58.73 679.65 ship 0 0.991735 votes=1
54.78 612.18 82.15 611.97 82.22 621.42 54.86 621.63 ship 0 0.991558 votes=1
377.72 359.43 423.82 357.69 424.38 372.42 378.28 374.16 ship 0 0.991479 votes=1
60.21 649.24 82.84 647.88 83.41 657.40 60.79 658.76 ship 0 0.991243 votes=1
268.49 368.13 311.48 368.30 311.43 381.27 268.44 381.10 ship 0 0.991235 votes=1
64.21 720.65 89.17 718.37 90.16 729.25 65.20 731.54 ship 0 0.990945 votes=1
276.90 496.52 314.83 494.07 315.66 506.90 277.73 509.36 ship 0 0.990937 votes=1
335.16 618.09 367.93 617.50 368.14 629.22 335.38 629.82 ship 0 0.990562 votes=1
473.63 660.89 509.79 660.14 510.04 672.62 473.89 673.37 ship 0 0.989978 votes=1
215.21 331.40 248.37 329.75 248.97 341.82 215.81 343.47 ship 0 0.989695 votes=1
338.90 713.42 373.10 710.21 374.25 722.40 340.04 725.61 ship 0 0.989580 votes=1
70.39 342.45 101.71 342.85 101.57 353.89 70.25 353.49 ship 0 0.989348 votes=1
480.10 702.45 514.50 698.75 515.78 710.63 481.38 714.33 ship 0 0.988949 votes=1
385.78 724.89 418.33 725.21 418.22 736.22 385.67 735.90 ship 0 0.988270 votes=1
247.88 692.97 280.74 691.28 281.30 702.09 248.44 703.79 ship 0 0.988051 votes=1
345.97 728.82 377.59 728.99 377.53 739.97 345.91 739.80 ship 0 0.987992 votes=1
478.69 718.81 521.21 715.49 522.18 727.96 479.66 731.27 ship 0 0.987189 votes=1
89.03 556.91 127.98 555.17 128.64 569.98 89.69 571.72 ship 0 0.987151 votes=1
701.15 688.21 735.83 681.40 738.37 694.32 703.69 701.13 ship 0 0.986767 votes=1
473.15 621.81 508.68 621.30 508.85 633.16 473.32 633.67 ship 0 0.985928 votes=1
217.89 373.78 254.98 372.23 255.49 384.26 218.39 385.81 ship 0 0.982743 votes=1
483.96 327.33 497.16 512.41 391.03 519.98 377.83 334.90 harbor 0 0.980445 votes=1
85.07 514.43 113.90 513.70 114.16 523.95 85.33 524.68 ship 0 0.979827 votes=1
309.51 337.40 312.47 528.41 222.70 529.80 219.73 338.79 harbor 0 0.979050 votes=1
70.05 736.76 97.93 736.44 98.06 747.08 70.17 747.40 ship 0 0.975691 votes=1
77.08 454.52 108.34 454.10 108.47 463.67 77.21 464.09 ship 0 0.974809 votes=1
154.91 348.39 157.29 546.99 77.95 547.94 75.57 349.34 harbor 0 0.974572 votes=1
100.50 714.52 139.32 712.91 139.93 727.67 101.11 729.27 ship 0 0.974311 votes=1
52.06 578.32 78.35 577.71 78.61 589.07 52.32 589.68 ship 0 0.974076 votes=1
725.71 301.42 746.58 702.78 598.66 710.47 577.79 309.11 harbor 0 0.973977 votes=1
549.40 523.46 557.63 718.21 474.98 721.71 466.75 526.95 harbor 0 0.969582 votes=1
404.36 533.36 417.03 732.45 339.02 737.42 326.36 538.32 harbor 0 0.969492 votes=1
127.72 559.23 136.08 735.97 58.78 739.63 50.42 562.89 harbor 0 0.964275 votes=1
272.64 547.31 279.73 735.24 200.47 738.23 193.38 550.30 harbor 0 0.958129 votes=1
105.10 733.97 138.02 733.70 138.12 745.59 105.20 745.86 ship 0 0.957388 votes=1
79.72 493.75 110.39 493.53 110.47 504.70 79.80 504.93 ship 0 0.949041 votes=1
476.21 679.73 513.52 679.34 513.66 692.48 476.35 692.88 ship 0 0.935557 votes=1
252.48 731.02 280.30 731.40 280.02 751.56 252.21 751.18 ship 0 0.825133 votes=1
