464.68 235.30 550.08 233.42 550.66 259.42 465.26 261.29 ship 0 0.999048 votes=1
705.43 704.60 706.00 759.06 686.78 759.26 686.20 704.80 ship 0 0.998776 votes=1
529.14 642.74 574.73 640.19 575.56 654.97 529.97 657.51 ship 0 0.998557 votes=1
580.76 768.55 581.12 716.74 599.85 716.88 599.48 768.68 ship 0 0.998544 votes=1
711.85 754.93 713.84 718.57 727.88 719.34 725.89 755.69 ship 0 0.998514 votes=1
620.23 726.45 620.51 769.90 603.74 770.01 603.46 726.56 ship 0 0.998438 votes=1
512.55 300.28 557.10 296.70 558.41 313.01 513.86 316.60 ship 0 0.998002 votes=1
480.68 721.58 481.40 768.83 464.09 769.10 463.37 721.84 ship 0 0.997922 votes=1
685.24 493.97 728.71 489.84 730.20 505.55 686.73 509.68 ship 0 0.997588 votes=1
732.95 761.20 733.03 721.77 749.06 721.81 748.98 761.24 ship 0 0.997523 votes=1
516.89 326.63 556.80 325.41 557.25 340.19 517.34 341.40 ship 0 0.997442 votes=1
520.17 398.74 570.87 396.82 571.50 413.49 520.80 415.41 ship 0 0.997358 votes=1
451.97 300.54 496.19 300.61 496.17 316.75 451.95 316.68 ship 0 0.997141 votes=1
515.86 452.45 569.71 450.58 570.39 470.31 516.55 472.18 ship 0 0.996997 votes=1
519.63 423.98 566.00 423.12 566.31 439.96 519.94 440.83 ship 0 0.996704 votes=1
524.12 576.44 568.75 575.97 568.93 593.60 524.31 594.07 ship 0 0.996697 votes=1
464.04 576.98 508.96 573.47 510.09 587.90 465.16 591.41 ship 0 0.996262 votes=1
525.01 479.76 555.37 479.87 555.32 491.80 524.96 491.69 ship 0 0.996222 votes=1
653.17 605.73 688.29 637.57 676.95 650.07 641.84 618.22 ship 0 0.996024 votes=1
672.55 409.27 712.27 403.47 714.56 419.13 674.84 424.93 ship 0 0.995725 votes=1
311.61 359.99 357.59 365.07 355.50 384.00 309.52 378.92 ship 0 0.994877 votes=1
521.47 550.59 568.80 548.86 569.38 564.69 522.05 566.41 ship 0 0.994238 votes=1
256.82 670.63 298.03 677.27 295.38 693.71 254.17 687.06 ship 0 0.993614 votes=1
668.06 344.55 703.98 343.00 704.58 356.77 668.65 358.33 ship 0 0.993561 votes=1
456.75 402.37 498.45 401.02 498.98 417.55 457.29 418.90 ship 0 0.993492 votes=1
296.94 753.84 297.36 781.66 285.42 781.84 285.01 754.02 ship 0 0.992808 votes=1
459.56 525.66 504.98 525.00 505.25 543.74 459.83 544.40 ship 0 0.991496 votes=1
269.67 599.62 311.66 606.07 309.07 622.89 267.08 616.44 ship 0 0.990598 votes=1
274.35 557.23 318.43 562.75 316.43 578.76 272.35 573.24 ship 0 0.990273 votes=1
272.02 576.45 310.82 579.39 309.48 597.04 270.68 594.10 ship 0 0.989935 votes=1
576.02 728.61 576.89 767.93 560.71 768.29 559.84 728.96 ship 0 0.989244 votes=1
324.28 302.06 366.94 301.97 366.97 317.76 324.31 317.86 ship 0 0.989175 votes=1
332.08 230.46 371.84 233.05 370.73 250.03 330.98 247.44 ship 0 0.986438 votes=1
458.59 599.86 509.04 599.16 509.28 616.27 458.83 616.97 ship 0 0.985434 votes=1
460.31 551.62 494.01 550.00 494.71 564.47 461.01 566.09 ship 0 0.984808 votes=1
306.61 384.91 348.03 388.63 346.55 405.15 305.13 401.43 ship 0 0.984363 votes=1
274.92 754.52 279.88 781.69 266.61 784.12 261.64 756.95 ship 0 0.983692 votes=1
468.11 667.18 510.20 668.11 509.85 684.13 467.75 683.21 ship 0 0.979970 votes=1
262.75 641.11 296.81 650.86 292.11 667.26 258.06 657.51 ship 0 0.979744 votes=1
461.32 499.83 493.95 499.70 494.02 516.06 461.38 516.20 ship 0 0.978250 votes=1
565.58 245.11 573.05 761.37 459.39 763.01 451.93 246.75 harbor 0 0.973725 votes=1
266.08 620.53 306.39 626.53 303.68 644.72 263.37 638.72 ship 0 0.972977 votes=1
463.93 640.36 509.21 640.30 509.24 659.13 463.95 659.18 ship 0 0.970544 votes=1
569.53 244.82 577.27 265.03 567.18 268.89 559.45 248.68 ship 0 0.969137 votes=1
286.51 512.61 326.01 519.01 323.19 536.38 283.70 529.97 ship 0 0.968969 votes=1
474.69 685.46 512.24 686.15 511.96 701.07 474.41 700.38 ship 0 0.967689 votes=1
302.00 446.16 334.76 451.78 331.75 469.33 298.99 463.71 ship 0 0.954956 votes=1
299.33 471.90 337.73 480.19 334.17 496.70 295.77 488.40 ship 0 0.933268 votes=1
706.55 222.16 758.43 600.38 693.80 609.25 641.91 231.03 harbor 0 0.922298 votes=1
468.45 476.89 500.45 475.18 501.33 491.62 469.34 493.34 ship 0 0.905796 votes=1
233.24 750.47 330.83 161.96 384.11 170.80 286.52 759.31 harbor 0 0.901480 votes=1
304.13 420.18 341.08 427.51 338.90 438.50 301.95 431.18 ship 0 0.881135 votes=1
533.12 722.82 775.86 716.48 777.32 772.71 534.59 779.05 harbor 0 0.833236 votes=1
226.89 732.32 485.50 724.90 487.03 778.16 228.42 785.59 harbor 0 0.654265 votes=1
