410.68 93.37 413.40 121.68 402.75 122.70 400.03 94.39 vehicle 0 0.984123 votes=1
543.20 288.75 543.25 590.14 348.74 590.17 348.69 288.78 bridge 0 0.928178 votes=1
385.35 714.84 385.49 732.22 377.50 732.28 377.36 714.91 vehicle 0 0.903755 votes=1
224.33 548.92 236.05 297.53 254.49 298.39 242.77 549.78 bridge 0 0.900934 votes=1
248.03 545.70 260.31 299.82 279.03 300.75 266.75 546.63 bridge 0 0.898551 votes=1
490.71 644.15 491.90 628.01 500.47 628.64 499.28 644.78 vehicle 0 0.887922 votes=1
374.91 32.55 377.13 48.40 369.50 49.47 367.28 33.61 vehicle 0 0.887772 votes=1
400.46 404.59 417.79 407.33 416.25 417.09 398.92 414.35 vehicle 0 0.882909 votes=1
418.06 578.46 418.86 595.28 410.06 595.71 409.26 578.88 vehicle 0 0.850435 votes=1
377.15 617.26 377.41 603.63 385.83 603.78 385.58 617.42 vehicle 0 0.836628 votes=1
422.89 177.43 423.54 194.05 415.54 194.37 414.89 177.74 vehicle 0 0.808427 votes=1
410.07 769.55 410.35 803.14 397.89 803.25 397.62 769.65 vehicle 0 0.800297 votes=1
433.96 139.51 434.16 155.84 426.03 155.94 425.83 139.61 vehicle 0 0.792877 votes=1
428.98 53.24 430.65 66.81 420.49 68.06 418.81 54.49 vehicle 0 0.788305 votes=1
407.25 197.65 408.53 210.50 398.88 211.46 397.60 198.61 vehicle 0 0.738587 votes=1
478.02 384.48 478.08 369.41 487.46 369.45 487.41 384.51 vehicle 0 0.735161 votes=1
431.03 496.62 432.76 510.33 422.54 511.62 420.81 497.91 vehicle 0 0.726062 votes=1
492.90 492.45 492.93 510.62 485.88 510.63 485.84 492.46 vehicle 0 0.705152 votes=1
413.68 -1.19 414.64 24.26 404.25 24.65 403.29 -0.80 vehicle 0 0.681091 votes=1
376.79 410.94 377.54 424.45 368.09 424.98 367.34 411.47 vehicle 0 0.679199 votes=1
467.20 280.28 467.30 264.58 476.32 264.63 476.22 280.34 vehicle 0 0.664384 votes=1
382.39 508.11 383.54 520.64 374.60 521.46 373.45 508.93 vehicle 0 0.604667 votes=1
