673.04 390.31 725.88 380.45 729.12 397.84 676.28 407.69 ship 0 0.998892 votes=1
681.66 428.87 734.74 420.32 737.78 439.20 684.70 447.74 ship 0 0.998776 votes=1
674.49 331.29 717.84 320.61 721.83 336.82 678.49 347.49 ship 0 0.998380 votes=1
498.45 577.80 505.49 632.50 485.88 635.03 478.83 580.33 ship 0 0.998197 votes=1
706.67 522.25 759.45 522.51 759.36 541.10 706.58 540.84 ship 0 0.998137 votes=1
630.12 280.62 666.23 236.53 681.43 248.98 645.31 293.07 ship 0 0.997886 votes=1
228.79 55.90 252.74 101.28 236.74 109.72 212.79 64.34 ship 0 0.997807 votes=1
572.09 586.55 579.96 648.23 558.30 650.99 550.43 589.31 ship 0 0.997478 votes=1
516.09 171.68 542.80 133.51 557.65 143.90 530.94 182.08 ship 0 0.997185 votes=1
706.13 576.53 757.14 574.81 757.76 593.07 706.74 594.79 ship 0 0.997135 votes=1
483.92 162.73 510.39 127.30 522.48 136.33 496.01 171.76 ship 0 0.996936 votes=1
696.62 461.38 744.75 452.69 748.01 470.71 699.88 479.41 ship 0 0.996357 votes=1
15.99 182.82 52.21 207.02 43.62 219.89 7.39 195.69 ship 0 0.996313 votes=1
465.63 576.50 467.54 622.70 449.83 623.44 447.92 577.23 ship 0 0.996181 votes=1
87.87 123.98 114.99 178.85 97.04 187.72 69.92 132.84 ship 0 0.995806 votes=1
758.08 680.75 758.42 736.88 735.34 737.02 735.00 680.89 ship 0 0.992203 votes=1
606.25 256.93 638.19 216.25 651.65 226.82 619.71 267.50 ship 0 0.990824 votes=1
556.01 220.64 583.50 184.17 597.51 194.73 570.02 231.20 ship 0 0.989919 votes=1
423.93 603.16 427.19 634.65 414.21 635.99 410.95 604.51 ship 0 0.987579 votes=1
647.19 651.84 655.50 695.49 637.75 698.87 629.44 655.22 ship 0 0.985111 votes=1
716.93 698.48 717.13 740.17 698.60 740.26 698.40 698.57 ship 0 0.981984 votes=1
417.45 583.84 546.12 573.95 553.01 663.67 424.35 673.55 harbor 0 0.958779 votes=1
519.96 90.70 711.84 252.47 663.34 309.99 471.47 148.22 harbor 0 0.873950 votes=1
-15.61 146.21 215.80 23.71 254.56 96.93 23.15 219.42 harbor 0 0.866724 votes=1
761.86 289.06 776.35 762.65 688.20 765.35 673.71 291.75 harbor 0 0.780526 votes=1
