679.44 164.96 739.79 157.02 742.59 178.32 682.24 186.27 ship 0 0.999373 votes=1
480.61 222.11 522.94 173.76 538.57 187.44 496.23 235.79 ship 0 0.999159 votes=1
238.73 311.02 250.04 241.35 272.57 245.00 261.26 314.68 ship 0 0.999053 votes=1
205.92 316.78 217.26 233.78 242.99 237.30 231.65 320.30 ship 0 0.999038 votes=1
584.30 473.63 629.40 475.00 628.98 488.65 583.88 487.28 ship 0 0.999015 votes=1
152.29 298.90 158.15 225.61 182.53 227.56 176.67 300.85 ship 0 0.998863 votes=1
121.20 295.67 128.74 220.81 154.53 223.41 147.00 298.27 ship 0 0.998573 votes=1
275.18 311.58 283.07 246.73 302.82 249.13 294.93 313.99 ship 0 0.998407 votes=1
341.82 312.05 349.30 254.91 367.44 257.29 359.97 314.43 ship 0 0.997352 votes=1
545.18 534.12 600.54 541.73 597.26 565.55 541.91 557.94 ship 0 0.992910 votes=1
368.97 327.10 372.01 258.46 393.77 259.42 390.73 328.07 ship 0 0.991781 votes=1
326.10 257.01 330.70 310.10 312.32 311.69 307.72 258.60 ship 0 0.990771 votes=1
538.65 682.25 551.62 497.54 716.35 509.11 703.38 693.82 harbor 0 0.945426 votes=1
637.84 355.07 792.77 329.56 803.59 395.25 648.66 420.76 harbor 0 0.886359 votes=1
100.66 207.76 396.68 244.47 386.01 330.49 89.99 293.78 harbor 0 0.771505 votes=1
379.17 242.88 463.79 102.59 542.64 150.16 458.02 290.44 harbor 0 0.756880 votes=1
550.08 734.01 711.58 701.69 719.38 740.66 557.88 772.98 harbor 0 0.717258 votes=1
1.38 277.84 36.16 278.22 35.97 295.61 1.19 295.23 ship 0 0.705325 votes=1
461.78 74.93 528.93 82.41 527.89 91.73 460.75 84.25 harbor 0 0.644702 votes=1
756.02 -43.61 796.05 282.60 711.35 293.00 671.32 -33.21 harbor 0 0.615193 votes=1
