684.01 402.56 684.18 446.99 669.20 447.05 669.02 402.62 ship 0 0.999188 votes=1
79.79 513.25 80.09 550.09 67.14 550.20 66.84 513.35 ship 0 0.999079 votes=1
602.58 406.01 604.33 441.60 591.08 442.25 589.34 406.66 ship 0 0.999040 votes=1
492.80 407.52 492.99 449.14 478.19 449.21 478.00 407.59 ship 0 0.998947 votes=1
283.07 449.58 283.96 410.22 297.45 410.52 296.55 449.88 ship 0 0.998939 votes=1
572.15 405.83 572.31 444.23 559.44 444.28 559.28 405.88 ship 0 0.998888 votes=1
218.91 410.32 219.02 454.04 205.37 454.08 205.25 410.35 ship 0 0.998884 votes=1
676.30 502.43 676.60 538.62 663.34 538.73 663.04 502.54 ship 0 0.998817 votes=1
640.21 498.76 641.94 539.51 626.83 540.14 625.11 499.40 ship 0 0.998710 votes=1
157.04 413.94 157.61 450.07 144.84 450.27 144.28 414.14 ship 0 0.998684 votes=1
142.03 552.44 142.04 519.64 154.99 519.65 154.97 552.44 ship 0 0.998649 votes=1
524.88 501.39 528.01 545.78 511.56 546.94 508.43 502.55 ship 0 0.998629 votes=1
555.91 406.14 556.33 446.81 542.46 446.95 542.04 406.29 ship 0 0.998624 votes=1
742.63 442.50 743.25 401.74 757.27 401.95 756.65 442.71 ship 0 0.998581 votes=1
188.50 413.99 188.73 454.75 174.91 454.82 174.69 414.07 ship 0 0.998581 votes=1
250.72 452.60 250.98 408.86 265.50 408.95 265.24 452.69 ship 0 0.998508 votes=1
449.40 362.82 449.53 394.59 438.14 394.64 438.01 362.86 ship 0 0.998455 votes=1
155.54 402.42 155.66 371.65 167.16 371.70 167.04 402.47 ship 0 0.998404 votes=1
665.04 405.26 665.94 438.84 652.41 439.20 651.51 405.62 ship 0 0.998389 votes=1
711.26 391.00 711.34 358.99 723.10 359.02 723.02 391.03 ship 0 0.998344 votes=1
444.72 448.35 444.91 410.95 459.09 411.03 458.90 448.42 ship 0 0.998315 votes=1
640.33 360.00 640.36 393.12 628.23 393.13 628.20 360.01 ship 0 0.998236 votes=1
415.62 410.88 415.71 447.00 401.25 447.03 401.17 410.91 ship 0 0.998175 votes=1
496.03 734.84 503.52 682.38 521.83 684.99 514.34 737.45 ship 0 0.998057 votes=1
419.47 553.32 420.15 513.09 434.49 513.33 433.80 553.56 ship 0 0.997917 votes=1
176.64 587.72 176.79 559.70 188.46 559.76 188.30 587.78 ship 0 0.997659 votes=1
432.62 410.06 434.32 444.19 421.11 444.85 419.41 410.72 ship 0 0.997504 votes=1
756.65 359.13 756.98 391.83 745.50 391.94 745.17 359.25 ship 0 0.997313 votes=1
233.09 373.17 233.17 402.24 221.98 402.27 221.90 373.21 ship 0 0.997026 votes=1
600.39 361.95 600.43 394.52 588.45 394.53 588.41 361.97 ship 0 0.996956 votes=1
395.56 371.41 395.73 397.61 385.17 397.68 385.00 371.48 ship 0 0.996841 votes=1
54.10 422.81 54.13 387.37 66.76 387.38 66.72 422.82 ship 0 0.996318 votes=1
233.45 412.08 233.48 446.46 221.91 446.47 221.88 412.10 ship 0 0.996215 votes=1
638.78 776.60 642.58 732.86 659.22 734.31 655.42 778.05 ship 0 0.995999 votes=1
409.07 396.71 409.37 364.26 422.43 364.38 422.13 396.83 ship 0 0.995912 votes=1
598.26 779.85 602.35 740.99 617.90 742.63 613.82 781.48 ship 0 0.995888 votes=1
381.43 369.18 381.59 396.45 370.50 396.51 370.34 369.25 ship 0 0.995831 votes=1
495.34 559.88 496.17 588.46 484.76 588.80 483.93 560.21 ship 0 0.994609 votes=1
270.38 564.39 270.63 591.13 259.84 591.23 259.59 564.49 ship 0 0.994279 votes=1
558.32 585.92 558.37 555.78 569.52 555.79 569.47 585.94 ship 0 0.993891 votes=1
224.76 564.36 224.89 590.38 214.33 590.43 214.20 564.41 ship 0 0.991775 votes=1
212.63 563.97 212.67 589.81 201.40 589.83 201.36 563.99 ship 0 0.991164 votes=1
566.40 744.74 568.26 706.40 582.47 707.09 580.61 745.43 ship 0 0.990741 votes=1
542.39 367.29 543.01 393.76 533.41 393.98 532.79 367.51 ship 0 0.987783 votes=1
55.38 536.84 58.04 573.73 46.06 574.59 43.40 537.71 ship 0 0.987611 votes=1
591.08 729.80 593.95 692.55 610.45 693.82 607.58 731.07 ship 0 0.986827 votes=1
470.21 564.17 471.98 585.58 463.12 586.31 461.34 564.90 ship 0 0.984207 votes=1
624.14 747.50 628.20 718.26 639.25 719.79 635.20 749.03 ship 0 0.982004 votes=1
609.66 738.67 614.86 692.62 629.08 694.23 623.88 740.28 ship 0 0.980370 votes=1
705.51 547.70 705.67 569.54 695.90 569.62 695.73 547.77 ship 0 0.976289 votes=1
356.63 565.37 356.63 587.06 347.22 587.06 347.22 565.37 ship 0 0.975007 votes=1
143.60 586.44 144.57 564.99 153.64 565.40 152.67 586.85 ship 0 0.973929 votes=1
643.03 551.25 643.16 573.96 634.24 574.01 634.11 551.30 ship 0 0.966588 votes=1
111.76 552.45 111.98 525.99 122.80 526.08 122.58 552.54 ship 0 0.966039 votes=1
655.05 551.10 655.26 572.63 646.06 572.72 645.85 551.19 ship 0 0.954007 votes=1
165.13 565.56 166.16 587.06 156.12 587.54 155.09 566.04 ship 0 0.948575 votes=1
246.41 563.73 246.56 585.83 235.52 585.91 235.38 563.81 ship 0 0.928716 votes=1
75.94 402.05 76.41 373.48 86.95 373.66 86.47 402.23 ship 0 0.894403 votes=1
432.47 516.86 716.87 499.97 721.22 573.35 436.83 590.24 harbor 0 0.887731 votes=1
59.86 520.49 432.52 522.52 432.17 587.77 59.51 585.75 harbor 0 0.842475 votes=1
66.39 369.77 764.65 354.72 766.42 437.05 68.16 452.09 harbor 0 0.840513 votes=1
674.72 750.93 681.57 644.46 725.92 647.31 719.07 753.78 harbor 0 0.711933 votes=1
518.29 395.89 518.43 369.75 530.06 369.81 529.92 395.95 ship 0 0.709871 votes=1
254.94 563.86 255.87 583.91 245.38 584.40 244.45 564.34 ship 0 0.676559 votes=1
477.51 744.77 477.76 715.53 489.15 715.63 488.89 744.87 ship 0 0.625827 votes=1
