521.43 426.74 559.71 435.18 556.61 449.25 518.32 440.81 ship 0 0.997342 votes=1
165.90 647.82 201.60 654.35 199.09 668.06 163.39 661.53 ship 0 0.996820 votes=1
329.51 409.61 335.71 378.17 348.95 380.78 342.75 412.22 ship 0 0.996719 votes=1
455.33 493.68 462.65 460.37 474.81 463.04 467.49 496.36 ship 0 0.996411 votes=1
410.35 432.62 421.08 399.62 432.30 403.26 421.57 436.27 ship 0 0.996314 votes=1
535.18 398.83 567.18 409.49 563.13 421.68 531.12 411.02 ship 0 0.995999 votes=1
501.37 513.56 534.04 522.87 530.64 534.80 497.97 525.50 ship 0 0.995266 votes=1
481.82 454.58 489.14 429.22 500.07 432.37 492.75 457.73 ship 0 0.994798 votes=1
437.91 442.42 447.14 414.23 458.96 418.09 449.74 446.29 ship 0 0.994441 votes=1
441.24 488.14 449.47 459.20 460.88 462.45 452.64 491.38 ship 0 0.994255 votes=1
236.13 416.52 243.45 394.77 252.45 397.80 245.13 419.55 ship 0 0.993797 votes=1
397.76 429.85 403.48 396.28 416.29 398.46 410.57 432.03 ship 0 0.993432 votes=1
397.21 473.12 407.07 444.05 418.28 447.85 408.42 476.92 ship 0 0.992471 votes=1
517.15 457.49 543.86 464.89 541.11 474.79 514.40 467.40 ship 0 0.992281 votes=1
248.89 332.07 262.04 303.47 272.72 308.38 259.57 336.98 ship 0 0.992245 votes=1
374.22 462.30 380.07 439.90 390.89 442.73 385.04 465.12 ship 0 0.992121 votes=1
263.60 425.26 270.19 401.10 280.12 403.81 273.53 427.97 ship 0 0.990981 votes=1
422.94 438.11 432.71 412.28 443.17 416.23 433.41 442.07 ship 0 0.990796 votes=1
300.73 401.25 307.73 373.11 318.91 375.89 311.91 404.03 ship 0 0.990197 votes=1
424.84 485.64 435.74 451.95 447.03 455.61 436.14 489.29 ship 0 0.989968 votes=1
271.62 324.99 295.76 332.20 292.63 342.69 268.49 335.48 ship 0 0.989000 votes=1
299.26 737.74 309.50 708.10 320.71 711.98 310.47 741.61 ship 0 0.988522 votes=1
430.64 752.98 442.82 731.66 452.57 737.23 440.39 758.55 ship 0 0.988373 votes=1
263.32 298.57 268.73 271.08 280.86 273.47 275.45 300.96 ship 0 0.988019 votes=1
345.58 449.33 354.72 427.20 363.69 430.91 354.55 453.03 ship 0 0.987148 votes=1
238.22 377.08 246.35 347.12 257.30 350.09 249.17 380.05 ship 0 0.986864 votes=1
181.41 586.71 205.95 591.88 203.69 602.60 179.15 597.43 ship 0 0.986521 votes=1
418.19 214.44 430.71 191.23 440.75 196.64 428.24 219.86 ship 0 0.984718 votes=1
265.31 349.99 288.42 355.25 285.98 365.96 262.87 360.69 ship 0 0.984505 votes=1
485.45 496.06 492.71 469.25 502.84 472.00 495.58 498.81 ship 0 0.983898 votes=1
300.82 232.29 327.26 241.83 323.59 251.98 297.16 242.44 ship 0 0.983164 votes=1
539.01 386.64 567.97 391.40 566.00 403.40 537.04 398.64 ship 0 0.982736 votes=1
250.04 420.51 256.34 398.06 264.87 400.46 258.57 422.90 ship 0 0.978514 votes=1
39.06 356.58 64.01 367.67 59.38 378.08 34.44 367.00 ship 0 0.972409 votes=1
278.43 428.95 284.68 407.73 294.20 410.54 287.95 431.76 ship 0 0.971731 votes=1
255.75 101.62 292.05 98.90 293.01 111.64 256.70 114.36 ship 0 0.968922 votes=1
211.49 410.15 216.57 387.38 227.50 389.82 222.42 412.59 ship 0 0.966358 votes=1
97.44 328.83 106.53 297.47 117.61 300.68 108.52 332.05 ship 0 0.966317 votes=1
638.85 305.99 640.28 342.58 627.20 343.09 625.78 306.49 ship 0 0.963204 votes=1
395.70 695.05 396.51 720.42 385.30 720.78 384.48 695.41 ship 0 0.961071 votes=1
293.91 244.61 322.95 254.77 319.41 264.90 290.37 254.75 ship 0 0.959747 votes=1
488.77 540.12 522.79 551.65 518.86 563.26 484.83 551.73 ship 0 0.953970 votes=1
505.56 499.34 534.18 505.11 531.50 518.42 502.88 512.65 ship 0 0.944025 votes=1
357.23 416.82 363.94 395.64 373.56 398.69 366.85 419.86 ship 0 0.941677 votes=1
108.65 440.42 138.45 455.88 133.18 466.04 103.37 450.59 ship 0 0.882645 votes=1
199.54 326.56 556.25 438.82 529.91 522.51 173.20 410.24 harbor 0 0.880331 votes=1
205.90 92.87 287.76 89.14 288.83 112.75 206.97 116.48 harbor 0 0.873784 votes=1
171.25 624.51 199.96 628.52 198.13 641.60 169.43 637.59 ship 0 0.860488 votes=1
128.84 591.13 220.04 600.96 214.89 648.76 123.69 638.94 harbor 0 0.844942 votes=1
252.97 385.61 261.01 362.97 271.07 366.54 263.03 389.18 ship 0 0.841831 votes=1
472.33 277.52 474.74 320.50 456.49 321.52 454.08 278.54 ship 0 0.817952 votes=1
117.42 429.22 142.50 441.24 137.82 451.00 112.74 438.98 ship 0 0.801413 votes=1
314.08 404.32 318.91 382.28 328.87 384.46 324.05 406.50 ship 0 0.796734 votes=1
7.86 298.63 34.21 307.39 30.69 317.97 4.34 309.21 ship 0 0.789644 votes=1
139.35 514.81 235.09 543.49 229.92 560.74 134.18 532.06 harbor 0 0.764261 votes=1
285.81 283.64 310.92 292.30 306.77 304.34 281.66 295.68 ship 0 0.730352 votes=1
293.87 258.02 316.75 265.50 313.22 276.31 290.34 268.83 ship 0 0.713235 votes=1
234.55 393.47 292.75 227.79 326.79 239.75 268.59 405.42 harbor 0 0.699972 votes=1
151.00 594.75 188.34 605.33 185.13 616.66 147.80 606.09 ship 0 0.641465 votes=1
565.41 297.02 567.98 335.28 549.65 336.51 547.08 298.26 ship 0 0.632996 votes=1
