202.02 689.27 258.18 705.33 249.52 735.64 193.35 719.58 harbor 0 0.975437 votes=1
172.17 615.41 242.61 627.46 238.59 650.95 168.15 638.89 harbor 0 0.940499 votes=1
228.83 277.43 312.62 307.63 309.28 316.88 225.50 286.69 harbor 0 0.938909 votes=1
213.56 405.02 295.23 432.97 292.37 441.33 210.70 413.37 harbor 0 0.930659 votes=1
224.54 369.17 296.19 395.05 292.59 405.03 220.94 379.15 harbor 0 0.927271 votes=1
207.89 531.67 261.29 552.84 258.08 560.93 204.68 539.76 harbor 0 0.923439 votes=1
223.18 316.35 298.89 343.07 291.54 363.90 215.82 337.18 harbor 0 0.901426 votes=1
197.94 562.55 254.56 589.30 250.26 598.39 193.65 571.64 harbor 0 0.894121 votes=1
244.18 243.33 320.58 276.34 317.22 284.12 240.82 251.11 harbor 0 0.878779 votes=1
236.59 193.42 351.99 235.10 348.24 245.49 232.84 203.81 harbor 0 0.862802 votes=1
225.53 471.30 264.62 486.29 262.05 493.01 222.95 478.01 harbor 0 0.796780 votes=1
222.32 428.08 281.57 451.58 279.12 457.76 219.87 434.26 harbor 0 0.684342 votes=1
