396.28 318.25 517.20 320.74 515.37 409.47 394.45 406.98 storagetank 0 0.998799 votes=1
391.62 151.75 509.63 151.46 509.85 239.11 391.84 239.40 storagetank 0 0.998729 votes=1
429.86 564.04 614.80 565.89 613.20 726.03 428.25 724.18 storagetank 0 0.998492 votes=1
474.78 68.84 610.24 71.34 608.32 175.56 472.85 173.07 storagetank 0 0.997497 votes=1
490.34 391.89 631.71 389.92 633.38 509.59 492.01 511.55 storagetank 0 0.996620 votes=1
477.57 214.25 633.67 216.53 631.85 341.27 475.74 338.99 storagetank 0 0.995336 votes=1
203.54 263.18 274.23 262.14 275.12 322.42 204.43 323.46 storagetank 0 0.936130 votes=1
167.91 312.08 190.05 312.24 189.94 329.29 167.80 329.14 storagetank 0 0.933758 votes=1
210.76 512.16 271.14 512.26 271.04 570.32 210.66 570.22 storagetank 0 0.889630 votes=1
199.42 92.11 270.81 95.29 268.01 158.03 196.62 154.85 storagetank 0 0.829160 votes=1
204.89 179.32 273.16 181.77 271.08 239.86 202.81 237.41 storagetank 0 0.823161 votes=1
192.93 427.81 268.82 427.48 269.11 491.41 193.21 491.74 storagetank 0 0.815051 votes=1
198.17 344.03 268.77 345.18 267.80 404.39 197.20 403.23 storagetank 0 0.781249 votes=1
211.60 592.88 273.73 592.58 273.99 647.57 211.86 647.87 storagetank 0 0.684233 votes=1
