628.78 486.41 704.77 484.22 705.49 509.04 629.49 511.22 ship 0 0.999374 votes=1
630.07 388.80 702.76 386.54 703.54 411.70 630.85 413.95 ship 0 0.999294 votes=1
779.11 312.08 781.45 512.30 738.10 512.80 735.76 312.59 ship 0 0.999193 votes=1
178.44 745.94 243.93 743.76 244.52 761.62 179.04 763.80 ship 0 0.999170 votes=1
473.09 722.13 512.79 715.53 515.46 731.55 475.76 738.15 ship 0 0.999028 votes=1
648.65 271.75 705.93 270.77 706.29 291.77 649.01 292.75 ship 0 0.998981 votes=1
645.89 177.44 705.10 177.61 705.04 197.74 645.83 197.56 ship 0 0.998940 votes=1
640.25 424.16 708.42 421.27 709.21 439.90 641.03 442.78 ship 0 0.998901 votes=1
392.92 333.09 396.58 490.90 355.98 491.85 352.32 334.03 ship 0 0.998800 votes=1
663.60 209.82 704.81 209.35 705.00 225.68 663.78 226.15 ship 0 0.998141 votes=1
640.45 521.59 717.51 517.24 719.80 557.77 642.74 562.11 ship 0 0.997423 votes=1
627.61 306.54 692.14 304.13 692.84 323.06 628.32 325.46 ship 0 0.997104 votes=1
414.61 468.97 415.30 415.50 433.51 415.74 432.82 469.20 ship 0 0.996862 votes=1
141.77 280.98 294.40 299.77 290.29 333.16 137.66 314.36 ship 0 0.995032 votes=1
631.83 519.82 642.47 154.33 741.39 157.21 730.75 522.70 harbor 0 0.957652 votes=1
32.13 52.82 306.15 47.52 310.89 292.46 36.88 297.76 harbor 0 0.942148 votes=1
554.03 144.64 555.41 341.80 473.74 342.37 472.36 145.21 harbor 0 0.805956 votes=1
392.83 512.91 395.16 124.90 422.31 125.06 419.98 513.07 harbor 0 0.613988 votes=1
