127.72 199.07 130.18 108.31 161.82 109.17 159.36 199.92 ship 0 0.999562 votes=1
352.71 401.06 353.95 318.87 381.98 319.29 380.74 401.48 ship 0 0.999522 votes=1
201.41 101.92 203.90 182.50 176.13 183.36 173.63 102.78 ship 0 0.999514 votes=1
224.54 401.45 225.21 330.59 251.39 330.84 250.72 401.69 ship 0 0.999514 votes=1
549.96 698.35 665.07 704.93 663.10 739.32 548.00 732.75 ship 0 0.999513 votes=1
553.95 98.04 673.88 103.29 672.22 141.25 552.29 136.00 ship 0 0.999510 votes=1
405.23 188.39 405.96 108.55 431.35 108.78 430.62 188.62 ship 0 0.999485 votes=1
158.91 299.57 162.07 403.48 127.34 404.53 124.19 300.62 ship 0 0.999464 votes=1
550.72 554.16 667.36 553.57 667.52 587.03 550.89 587.62 ship 0 0.999437 votes=1
548.70 499.18 668.50 503.87 667.13 538.80 547.33 534.11 ship 0 0.999435 votes=1
551.82 253.44 661.68 252.73 661.91 287.56 552.04 288.27 ship 0 0.999435 votes=1
116.87 101.07 117.47 189.53 83.62 189.75 83.02 101.29 ship 0 0.999425 votes=1
550.50 300.42 697.69 303.20 696.88 346.45 549.69 343.68 ship 0 0.999425 votes=1
551.21 653.51 659.92 655.24 659.41 687.17 550.70 685.44 ship 0 0.999420 votes=1
547.94 400.51 645.50 401.78 645.07 434.71 547.51 433.44 ship 0 0.999413 votes=1
400.56 401.09 400.62 306.82 430.59 306.84 430.53 401.11 ship 0 0.999393 votes=1
552.62 153.83 656.04 152.37 656.51 186.46 553.10 187.91 ship 0 0.999382 votes=1
550.08 450.09 675.62 449.55 675.79 488.33 550.25 488.86 ship 0 0.999370 votes=1
353.10 189.52 354.53 105.69 383.26 106.18 381.83 190.01 ship 0 0.999369 votes=1
444.73 401.24 445.32 323.53 475.30 323.75 474.71 401.47 ship 0 0.999367 votes=1
70.13 324.16 70.29 395.90 44.36 395.96 44.20 324.22 ship 0 0.999361 votes=1
81.76 399.81 83.63 317.53 115.44 318.25 113.57 400.53 ship 0 0.999346 votes=1
69.32 102.67 70.06 197.82 36.98 198.08 36.24 102.93 ship 0 0.999321 votes=1
250.60 426.34 343.28 425.15 343.66 454.66 250.98 455.85 ship 0 0.999237 votes=1
548.29 203.99 681.69 206.54 680.99 243.07 547.59 240.52 ship 0 0.999236 votes=1
314.72 402.36 315.19 327.51 340.84 327.67 340.37 402.52 ship 0 0.999227 votes=1
173.59 398.84 179.02 306.70 212.73 308.69 207.31 400.82 ship 0 0.999222 votes=1
396.85 428.43 498.78 425.22 499.76 456.37 397.83 459.58 ship 0 0.999217 votes=1
522.54 320.29 524.06 402.18 494.65 402.73 493.12 320.84 ship 0 0.999215 votes=1
544.04 752.80 631.90 754.03 631.52 781.48 543.66 780.24 ship 0 0.999147 votes=1
549.64 353.53 677.18 352.46 677.47 387.72 549.94 388.79 ship 0 0.999126 votes=1
470.83 104.82 470.95 177.45 444.54 177.49 444.41 104.87 ship 0 0.999111 votes=1
249.71 101.91 250.45 187.29 225.70 187.50 224.97 102.13 ship 0 0.999061 votes=1
301.21 543.63 405.68 548.08 404.08 585.60 299.61 581.15 ship 0 0.999050 votes=1
316.68 172.98 316.71 103.94 340.82 103.95 340.79 172.99 ship 0 0.999010 votes=1
262.33 401.88 262.76 320.65 288.89 320.79 288.47 402.01 ship 0 0.998820 votes=1
506.83 192.65 507.24 135.00 526.74 135.14 526.34 192.78 ship 0 0.982089 votes=1
37.58 66.69 537.82 71.49 536.70 188.68 36.45 183.88 harbor 0 0.944226 votes=1
488.51 794.61 505.22 68.84 664.95 72.51 648.24 798.28 harbor 0 0.822547 votes=1
