71.48 156.58 164.22 189.37 154.69 216.35 61.95 183.56 ship 0 0.999307 votes=1
71.25 352.74 166.89 387.69 156.66 415.67 61.03 380.73 ship 0 0.999225 votes=1
275.84 229.75 354.47 260.79 344.94 284.92 266.32 253.87 ship 0 0.998941 votes=1
486.93 554.92 536.21 571.74 529.84 590.40 480.56 573.57 ship 0 0.998778 votes=1
89.81 399.05 97.08 449.53 76.60 452.47 69.34 402.00 ship 0 0.998640 votes=1
103.17 127.38 173.82 152.37 165.46 176.02 94.81 151.03 ship 0 0.998558 votes=1
421.04 490.85 484.74 512.51 477.41 534.06 413.71 512.40 ship 0 0.998361 votes=1
500.01 310.97 550.02 335.44 541.93 351.96 491.93 327.49 ship 0 0.997874 votes=1
406.93 278.43 460.12 300.27 452.83 318.02 399.64 296.18 ship 0 0.997697 votes=1
520.63 532.50 561.71 550.17 555.22 565.25 514.14 547.58 ship 0 0.997566 votes=1
222.23 174.08 280.21 193.52 273.53 213.44 215.55 194.00 ship 0 0.997487 votes=1
310.61 206.57 374.94 228.05 368.16 248.38 303.83 226.90 ship 0 0.990998 votes=1
99.82 124.64 775.96 374.76 752.91 437.08 76.76 186.96 harbor 0 0.606508 votes=1
