279.10 637.27 363.27 637.41 363.22 664.97 279.05 664.83 ship 0 0.999292 votes=1
595.81 573.62 667.81 572.72 668.12 597.28 596.12 598.18 ship 0 0.999273 votes=1
385.86 666.99 490.58 669.07 489.89 703.66 385.17 701.58 ship 0 0.999172 votes=1
382.78 159.17 383.74 103.30 400.13 103.59 399.17 159.45 ship 0 0.999087 votes=1
392.00 536.95 445.91 537.38 445.78 553.54 391.87 553.11 ship 0 0.999081 votes=1
601.41 529.19 657.73 528.61 657.92 547.28 601.61 547.86 ship 0 0.999038 votes=1
297.26 485.39 354.52 486.29 354.19 506.92 296.94 506.01 ship 0 0.999012 votes=1
273.28 673.68 375.15 673.32 375.25 701.91 273.38 702.26 ship 0 0.999000 votes=1
389.74 638.43 453.24 636.68 453.86 659.09 390.36 660.84 ship 0 0.998958 votes=1
691.55 663.88 767.05 657.56 769.24 683.73 693.75 690.05 ship 0 0.998946 votes=1
690.15 525.64 747.30 522.44 748.25 539.51 691.11 542.72 ship 0 0.998919 votes=1
387.74 608.94 474.62 608.99 474.60 635.62 387.72 635.57 ship 0 0.998917 votes=1
291.96 538.73 354.88 530.39 358.04 554.25 295.12 562.59 ship 0 0.998888 votes=1
15.16 526.37 84.49 526.05 84.58 545.07 15.25 545.40 ship 0 0.998825 votes=1
306.38 616.41 359.67 615.61 359.94 633.66 306.65 634.46 ship 0 0.998803 votes=1
690.09 441.69 755.08 441.05 755.29 462.45 690.30 463.08 ship 0 0.998795 votes=1
217.80 169.07 218.86 120.36 237.95 120.77 236.90 169.48 ship 0 0.998782 votes=1
506.94 231.04 507.28 127.73 541.03 127.84 540.68 231.15 ship 0 0.998778 votes=1
268.59 187.26 270.46 244.45 245.94 245.25 244.08 188.07 ship 0 0.998725 votes=1
605.82 477.01 661.56 474.54 662.45 494.65 606.71 497.12 ship 0 0.998709 votes=1
594.48 632.31 670.96 627.17 672.54 650.54 596.05 655.68 ship 0 0.998695 votes=1
380.57 458.51 450.84 457.81 451.09 482.55 380.82 483.25 ship 0 0.998639 votes=1
691.05 549.11 778.50 546.40 779.35 574.02 691.90 576.72 ship 0 0.998534 votes=1
691.46 596.00 792.75 593.12 793.66 625.03 692.36 627.91 ship 0 0.998445 votes=1
374.50 436.76 375.59 384.24 392.44 384.58 391.36 437.11 ship 0 0.998413 votes=1
703.71 381.72 703.74 418.24 689.96 418.26 689.92 381.74 ship 0 0.998400 votes=1
603.59 661.36 685.14 661.87 684.97 689.07 603.42 688.55 ship 0 0.998397 votes=1
356.00 157.49 356.79 118.24 372.37 118.55 371.59 157.80 ship 0 0.998355 votes=1
266.22 111.58 266.40 166.88 249.18 166.94 249.00 111.64 ship 0 0.998333 votes=1
292.06 191.26 293.08 247.46 274.51 247.80 273.48 191.60 ship 0 0.998317 votes=1
599.65 504.19 662.84 499.75 664.15 518.30 600.95 522.74 ship 0 0.998284 votes=1
621.91 426.99 622.41 374.88 638.41 375.04 637.91 427.14 ship 0 0.998272 votes=1
108.54 444.71 129.56 367.00 155.94 374.13 134.93 451.85 ship 0 0.998257 votes=1
693.59 499.22 753.25 496.17 754.27 516.21 694.61 519.27 ship 0 0.998223 votes=1
301.36 164.23 301.66 112.11 317.92 112.20 317.62 164.32 ship 0 0.998200 votes=1
410.15 159.60 411.59 117.10 426.30 117.60 424.86 160.10 ship 0 0.998167 votes=1
293.00 584.01 362.08 579.38 363.81 605.10 294.72 609.72 ship 0 0.998126 votes=1
181.25 120.21 181.40 170.38 165.82 170.43 165.67 120.25 ship 0 0.998008 votes=1
73.14 446.02 80.22 392.76 97.06 395.00 89.98 448.25 ship 0 0.997948 votes=1
489.97 436.45 490.08 381.26 508.40 381.30 508.28 436.49 ship 0 0.997921 votes=1
465.83 437.44 466.47 380.74 484.07 380.94 483.43 437.64 ship 0 0.997893 votes=1
9.67 472.28 63.69 471.05 64.07 487.92 10.06 489.14 ship 0 0.997860 votes=1
14.83 580.42 73.58 581.36 73.28 600.49 14.52 599.55 ship 0 0.997839 votes=1
346.76 189.05 347.40 235.57 329.06 235.82 328.42 189.30 ship 0 0.997750 votes=1
326.60 163.67 328.97 116.97 343.97 117.73 341.60 164.43 ship 0 0.997726 votes=1
48.19 705.07 82.88 702.10 84.05 715.73 49.36 718.70 ship 0 0.997689 votes=1
135.29 317.93 149.07 266.53 164.07 270.55 150.29 321.95 ship 0 0.997683 votes=1
663.03 369.94 663.04 429.94 646.67 429.94 646.67 369.94 ship 0 0.997677 votes=1
386.15 513.79 440.62 510.84 441.63 529.55 387.16 532.50 ship 0 0.997637 votes=1
316.82 438.30 317.07 392.40 333.73 392.49 333.48 438.39 ship 0 0.997614 votes=1
199.70 447.76 200.24 380.37 219.58 380.53 219.04 447.91 ship 0 0.997533 votes=1
341.52 443.93 341.68 386.58 359.17 386.63 359.02 443.98 ship 0 0.997506 votes=1
273.34 165.33 273.60 124.70 288.62 124.80 288.36 165.43 ship 0 0.997469 votes=1
442.41 434.62 442.64 383.06 458.51 383.13 458.27 434.69 ship 0 0.997456 votes=1
598.63 606.48 667.72 602.08 669.28 626.54 600.18 630.94 ship 0 0.997363 votes=1
290.32 441.66 290.99 384.43 309.37 384.65 308.69 441.88 ship 0 0.997150 votes=1
469.57 152.25 470.57 107.32 486.05 107.67 485.05 152.59 ship 0 0.997108 votes=1
457.49 183.40 457.66 233.39 439.19 233.46 439.03 183.46 ship 0 0.997085 votes=1
382.39 486.35 444.22 486.61 444.15 503.72 382.32 503.46 ship 0 0.997084 votes=1
688.36 464.68 774.32 463.74 774.63 492.48 688.67 493.42 ship 0 0.997056 votes=1
151.65 270.17 166.42 189.97 192.77 194.83 177.99 275.03 ship 0 0.997055 votes=1
319.18 193.10 319.23 235.31 303.87 235.33 303.83 193.12 ship 0 0.997027 votes=1
293.21 461.17 354.10 458.61 355.06 481.47 294.17 484.03 ship 0 0.996880 votes=1
151.80 450.93 157.26 387.83 177.04 389.54 171.57 452.65 ship 0 0.996874 votes=1
491.03 185.90 491.24 239.34 475.57 239.41 475.35 185.97 ship 0 0.996874 votes=1
241.00 395.09 241.38 450.70 224.70 450.81 224.31 395.21 ship 0 0.996636 votes=1
668.15 420.67 668.67 369.85 685.63 370.02 685.12 420.84 ship 0 0.996630 votes=1
753.40 368.93 759.35 431.78 739.23 433.69 733.29 370.84 ship 0 0.996584 votes=1
395.92 440.84 396.78 387.73 414.18 388.02 413.31 441.12 ship 0 0.996424 votes=1
4.90 601.37 70.16 604.25 69.25 624.80 3.99 621.91 ship 0 0.996303 votes=1
402.33 189.84 404.29 240.81 386.03 241.51 384.07 190.54 ship 0 0.996024 votes=1
437.92 384.21 438.67 436.45 421.52 436.70 420.77 384.45 ship 0 0.995800 votes=1
697.53 579.42 747.70 576.84 748.49 592.26 698.32 594.84 ship 0 0.995788 votes=1
512.24 433.65 513.47 374.64 529.19 374.97 527.97 433.97 ship 0 0.995459 votes=1
598.49 450.61 655.01 448.67 655.84 472.75 599.31 474.69 ship 0 0.995324 votes=1
371.56 186.63 375.09 232.23 359.30 233.45 355.77 187.85 ship 0 0.995198 votes=1
428.32 185.78 430.12 226.91 412.13 227.69 410.34 186.57 ship 0 0.995139 votes=1
694.55 628.55 769.14 627.90 769.34 650.96 694.75 651.61 ship 0 0.994715 votes=1
8.30 492.27 96.45 493.66 96.02 521.12 7.87 519.73 ship 0 0.994159 votes=1
209.66 123.18 210.29 168.23 194.46 168.45 193.83 123.40 ship 0 0.992876 votes=1
158.33 682.98 189.61 683.19 189.54 694.60 158.26 694.40 ship 0 0.992309 votes=1
7.47 551.75 69.11 551.88 69.06 575.12 7.42 574.99 ship 0 0.992154 votes=1
616.39 381.79 616.81 434.94 599.02 435.08 598.59 381.93 ship 0 0.991316 votes=1
128.71 216.07 142.62 164.39 158.89 168.77 144.97 220.45 ship 0 0.991251 votes=1
437.24 160.93 437.53 107.19 455.20 107.29 454.90 161.03 ship 0 0.990693 votes=1
12.01 661.71 93.94 663.16 93.48 689.23 11.55 687.79 ship 0 0.990525 votes=1
610.40 554.22 662.53 550.36 663.90 568.85 611.77 572.72 ship 0 0.990100 votes=1
710.03 421.93 710.42 383.40 724.24 383.54 723.84 422.08 ship 0 0.989519 votes=1
390.38 586.66 443.91 582.64 445.44 603.02 391.91 607.04 ship 0 0.986255 votes=1
120.57 680.06 147.42 681.78 146.69 693.21 119.84 691.49 ship 0 0.984532 votes=1
248.59 444.30 248.88 394.70 267.03 394.81 266.75 444.40 ship 0 0.983334 votes=1
118.28 710.09 147.07 704.90 149.28 717.12 120.48 722.32 ship 0 0.981439 votes=1
210.69 196.66 211.61 242.54 196.26 242.85 195.34 196.97 ship 0 0.980298 votes=1
90.48 389.42 100.66 348.80 115.44 352.50 105.26 393.12 ship 0 0.978009 votes=1
119.43 266.39 129.29 230.86 142.31 234.47 132.45 270.01 ship 0 0.976010 votes=1
381.17 559.25 459.77 555.61 460.79 577.60 382.19 581.24 ship 0 0.969753 votes=1
158.68 709.73 188.73 710.01 188.62 721.62 158.57 721.35 ship 0 0.969344 votes=1
658.81 787.39 714.17 787.57 714.11 804.14 658.76 803.95 ship 0 0.968754 votes=1
550.52 385.62 550.57 433.99 533.33 434.01 533.28 385.64 ship 0 0.954470 votes=1
151.43 121.91 507.22 108.06 512.04 231.99 156.26 245.84 harbor 0 0.950456 votes=1
125.72 361.78 132.22 330.75 145.45 333.52 138.95 364.55 ship 0 0.916668 votes=1
271.29 445.66 272.13 384.19 289.30 384.43 288.46 445.89 ship 0 0.897350 votes=1
153.77 365.33 155.65 335.05 168.19 335.83 166.30 366.11 ship 0 0.894356 votes=1
750.48 390.17 762.12 664.84 601.31 671.66 589.66 396.98 harbor 0 0.869566 votes=1
440.55 427.30 450.17 677.11 306.43 682.65 296.81 432.83 harbor 0 0.865327 votes=1
-9.96 682.34 199.46 685.50 199.09 710.55 -10.34 707.39 harbor 0 0.676029 votes=1
