395.01 510.94 540.15 508.49 540.70 540.50 395.55 542.96 ship 0 0.999126 votes=1
434.06 354.09 511.74 352.37 512.22 374.22 434.54 375.94 ship 0 0.999109 votes=1
34.34 68.60 95.03 63.53 96.55 81.75 35.86 86.83 ship 0 0.999016 votes=1
251.48 307.87 251.76 176.42 295.41 176.52 295.13 307.96 ship 0 0.998972 votes=1
114.88 64.86 210.88 57.83 212.73 83.04 116.73 90.07 ship 0 0.998792 votes=1
429.91 172.86 502.33 171.52 502.77 194.69 430.34 196.04 ship 0 0.998740 votes=1
436.39 231.46 504.13 231.68 504.07 252.47 436.32 252.24 ship 0 0.998739 votes=1
73.15 429.83 142.48 394.95 155.16 420.14 85.83 455.03 ship 0 0.998670 votes=1
171.55 382.57 258.05 342.04 272.33 372.51 185.82 413.04 ship 0 0.998540 votes=1
422.04 437.88 541.22 431.91 542.58 459.08 423.40 465.05 ship 0 0.998449 votes=1
427.58 320.29 508.82 318.81 509.22 340.68 427.98 342.16 ship 0 0.998437 votes=1
245.53 180.02 247.35 96.51 272.64 97.06 270.81 180.57 ship 0 0.998326 votes=1
137.65 257.40 216.60 213.99 231.58 241.25 152.63 284.65 ship 0 0.998136 votes=1
95.29 626.51 150.55 592.18 161.74 610.18 106.48 644.52 ship 0 0.998033 votes=1
81.80 599.48 150.00 559.95 161.72 580.18 93.53 619.71 ship 0 0.997504 votes=1
156.02 352.32 225.02 311.66 238.49 334.51 169.49 375.17 ship 0 0.997216 votes=1
193.41 435.90 198.97 513.99 173.87 515.78 168.31 437.69 ship 0 0.996899 votes=1
94.95 545.95 145.95 510.90 157.23 527.31 106.23 562.37 ship 0 0.996846 votes=1
482.54 642.57 512.67 642.49 512.70 654.18 482.57 654.26 ship 0 0.996024 votes=1
160.94 192.03 214.63 162.07 223.99 178.85 170.30 208.81 ship 0 0.996016 votes=1
97.39 670.00 145.19 640.68 156.07 658.41 108.26 687.73 ship 0 0.995718 votes=1
207.04 602.91 210.59 698.49 184.63 699.46 181.08 603.88 ship 0 0.995043 votes=1
452.06 587.30 533.91 587.20 533.94 611.14 452.09 611.25 ship 0 0.994481 votes=1
156.19 717.53 156.59 687.34 168.58 687.50 168.18 717.69 ship 0 0.992308 votes=1
100.11 701.95 135.17 684.16 142.38 698.36 107.32 716.16 ship 0 0.989613 votes=1
508.78 719.66 537.54 718.45 537.99 729.23 509.24 730.44 ship 0 0.989271 votes=1
179.58 403.20 180.99 432.68 167.53 433.32 166.12 403.85 ship 0 0.988784 votes=1
409.37 640.98 452.16 641.36 452.02 656.30 409.24 655.93 ship 0 0.985552 votes=1
240.81 291.84 241.62 322.09 228.15 322.46 227.33 292.20 ship 0 0.984349 votes=1
443.74 50.03 506.07 46.74 507.83 80.13 445.50 83.42 ship 0 0.981689 votes=1
187.80 540.12 189.07 573.22 175.44 573.74 174.17 540.64 ship 0 0.981678 votes=1
162.80 621.22 168.52 645.41 158.25 647.84 152.53 623.65 ship 0 0.981216 votes=1
525.74 642.05 558.37 642.13 558.34 653.43 525.71 653.35 ship 0 0.974130 votes=1
95.81 456.88 150.08 436.19 157.74 456.30 103.48 476.99 ship 0 0.966356 votes=1
235.69 187.45 236.65 209.23 226.66 209.67 225.70 187.89 ship 0 0.958143 votes=1
136.56 679.95 161.32 669.65 165.64 680.04 140.88 690.34 ship 0 0.954330 votes=1
533.58 31.43 536.36 439.63 425.16 440.38 422.38 32.18 harbor 0 0.865684 votes=1
528.68 493.46 545.72 493.67 545.62 501.82 528.58 501.60 ship 0 0.860625 votes=1
102.92 43.79 123.46 43.77 123.47 52.51 102.93 52.54 ship 0 0.769779 votes=1
58.69 701.15 154.08 13.23 314.66 35.50 219.27 723.42 harbor 0 0.694712 votes=1
