261.78 550.12 277.60 448.57 312.34 453.99 296.52 555.54 ship 0 0.999433 votes=1
206.66 251.75 391.19 220.23 399.64 269.73 215.12 301.25 ship 0 0.999421 votes=1
386.89 695.53 393.89 612.74 422.29 615.15 415.29 697.93 ship 0 0.999383 votes=1
403.89 567.27 425.03 430.32 465.63 436.58 444.49 573.54 ship 0 0.999358 votes=1
325.94 698.79 337.93 613.55 370.45 618.12 358.46 703.36 ship 0 0.999355 votes=1
309.32 551.64 325.83 455.14 357.02 460.47 340.52 556.97 ship 0 0.999308 votes=1
271.18 700.22 290.12 590.07 329.61 596.86 310.67 707.01 ship 0 0.999013 votes=1
109.12 576.91 207.52 577.68 207.27 609.07 108.88 608.30 ship 0 0.998935 votes=1
78.76 608.84 202.41 615.31 200.22 657.12 76.57 650.64 ship 0 0.997693 votes=1
187.01 463.50 552.91 499.80 527.04 760.57 161.14 724.27 harbor 0 0.949765 votes=1
168.13 170.27 658.34 79.52 682.32 209.06 192.11 299.80 harbor 0 0.863372 votes=1
