282.79 723.51 312.10 658.64 332.46 667.85 303.16 732.71 ship 0 0.999091 votes=1
354.94 262.25 397.91 162.91 430.35 176.94 387.38 276.28 ship 0 0.998669 votes=1
206.21 695.55 237.29 618.97 262.46 629.19 231.38 705.77 ship 0 0.998627 votes=1
249.53 341.18 285.74 259.59 308.65 269.76 272.44 351.35 ship 0 0.998235 votes=1
244.38 710.68 275.76 643.86 297.36 654.00 265.98 720.82 ship 0 0.998206 votes=1
233.04 585.40 254.31 514.63 275.42 520.98 254.15 591.74 ship 0 0.997196 votes=1
224.60 197.21 272.28 81.87 304.55 95.21 256.87 210.55 ship 0 0.995822 votes=1
326.38 382.21 363.79 292.68 387.44 302.56 350.03 392.10 ship 0 0.995793 votes=1
177.22 679.28 206.97 612.08 225.67 620.36 195.91 687.56 ship 0 0.995660 votes=1
171.58 304.10 206.69 221.83 232.34 232.78 197.23 315.05 ship 0 0.992873 votes=1
241.09 88.38 613.18 255.78 518.09 467.14 146.00 299.75 harbor 0 0.992329 votes=1
196.53 480.90 450.91 593.69 371.16 773.56 116.78 660.77 harbor 0 0.991757 votes=1
420.45 410.88 442.70 367.88 457.34 375.45 435.09 418.45 ship 0 0.989867 votes=1
356.91 726.27 372.60 693.67 384.81 699.55 369.12 732.15 ship 0 0.989533 votes=1
307.25 739.92 346.88 669.82 367.16 681.29 327.53 751.39 ship 0 0.983602 votes=1
144.30 170.59 186.28 63.18 242.76 85.26 200.78 192.67 ship 0 0.828809 votes=1
