90.01 320.14 144.29 312.93 146.52 329.67 92.24 336.89 ship 0 0.999193 votes=1
147.61 471.65 206.41 465.13 208.33 482.50 149.53 489.02 ship 0 0.998862 votes=1
229.25 271.03 266.39 260.81 270.01 273.95 232.87 284.17 ship 0 0.998732 votes=1
88.50 297.52 137.88 293.36 139.28 309.96 89.90 314.12 ship 0 0.998367 votes=1
176.51 435.37 211.11 431.45 212.36 442.57 177.77 446.49 ship 0 0.998229 votes=1
117.93 457.08 159.37 450.94 161.49 465.22 120.05 471.36 ship 0 0.998198 votes=1
250.26 153.11 305.49 141.61 309.08 158.87 253.85 170.37 ship 0 0.998180 votes=1
156.56 309.89 190.28 305.48 191.90 317.84 158.18 322.26 ship 0 0.998147 votes=1
304.61 372.12 349.90 359.76 354.38 376.16 309.09 388.52 ship 0 0.997942 votes=1
282.46 406.22 348.38 389.58 353.22 408.77 287.30 425.40 ship 0 0.997868 votes=1
84.71 270.91 128.95 261.85 131.92 276.37 87.68 285.43 ship 0 0.997857 votes=1
153.37 293.55 184.85 288.66 186.58 299.81 155.10 304.70 ship 0 0.997780 votes=1
109.80 431.31 161.26 420.73 163.96 433.88 112.50 444.46 ship 0 0.997658 votes=1
108.32 350.86 144.70 346.00 146.33 358.17 109.94 363.03 ship 0 0.997544 votes=1
398.82 454.21 402.18 483.07 390.43 484.44 387.07 455.57 ship 0 0.997536 votes=1
163.21 357.25 194.49 349.45 197.43 361.25 166.15 369.05 ship 0 0.997031 votes=1
173.86 416.72 210.95 412.63 212.46 426.34 175.37 430.42 ship 0 0.996491 votes=1
282.23 275.52 316.16 268.97 318.47 280.91 284.54 287.46 ship 0 0.995849 votes=1
63.55 209.82 118.06 194.14 122.39 209.19 67.88 224.87 ship 0 0.995731 votes=1
108.58 383.25 151.59 377.14 153.50 390.62 110.50 396.74 ship 0 0.995593 votes=1
437.30 445.07 445.42 467.48 435.54 471.06 427.42 448.65 ship 0 0.995568 votes=1
76.05 238.60 127.21 230.29 129.90 246.84 78.74 255.15 ship 0 0.995406 votes=1
169.63 388.83 202.29 382.08 204.58 393.16 171.91 399.90 ship 0 0.995383 votes=1
167.66 372.77 199.97 367.88 201.65 379.02 169.35 383.90 ship 0 0.994993 votes=1
172.67 403.51 205.36 397.99 207.14 408.58 174.46 414.10 ship 0 0.994722 votes=1
296.63 337.00 332.75 329.01 335.72 342.48 299.61 350.47 ship 0 0.994640 votes=1
448.08 477.56 455.29 506.07 444.20 508.88 436.99 480.36 ship 0 0.994524 votes=1
180.74 448.83 216.37 445.40 217.56 457.77 181.93 461.20 ship 0 0.994518 votes=1
192.01 180.25 238.11 168.16 241.96 182.83 195.85 194.92 ship 0 0.994344 votes=1
271.44 230.79 302.33 222.92 304.95 233.21 274.06 241.08 ship 0 0.993054 votes=1
393.96 648.34 403.22 683.80 389.43 687.41 380.17 651.94 ship 0 0.992343 votes=1
290.95 305.40 325.86 296.85 328.78 308.76 293.86 317.32 ship 0 0.991858 votes=1
338.54 628.95 354.33 681.03 336.92 686.30 321.13 634.22 ship 0 0.990772 votes=1
162.31 342.59 190.83 335.74 193.31 346.06 164.79 352.91 ship 0 0.990746 votes=1
419.40 486.43 424.49 511.44 413.36 513.70 408.28 488.69 ship 0 0.989583 votes=1
468.53 437.23 474.76 459.09 465.41 461.76 459.18 439.89 ship 0 0.989325 votes=1
520.08 449.15 533.57 493.92 519.03 498.30 505.54 453.53 ship 0 0.989091 votes=1
354.00 503.93 359.04 530.65 344.61 533.38 339.56 506.66 ship 0 0.988877 votes=1
352.65 469.37 355.65 494.32 344.82 495.62 341.82 470.68 ship 0 0.986507 votes=1
393.93 494.76 397.35 518.87 387.11 520.32 383.69 496.21 ship 0 0.986107 votes=1
173.69 179.38 215.77 461.49 115.62 476.43 73.54 194.32 harbor 0 0.981659 votes=1
289.07 157.84 354.17 394.48 272.97 416.82 207.87 180.18 harbor 0 0.977936 votes=1
351.27 618.98 358.13 644.54 346.23 647.73 339.38 622.17 ship 0 0.972570 votes=1
307.43 481.65 473.93 434.93 490.18 492.87 323.68 539.59 harbor 0 0.967499 votes=1
393.05 604.27 399.26 631.59 385.70 634.67 379.50 607.35 ship 0 0.962851 votes=1
263.66 380.48 295.30 372.28 298.46 384.47 266.82 392.67 ship 0 0.962085 votes=1
419.95 592.83 426.95 622.88 414.02 625.89 407.02 595.84 ship 0 0.958577 votes=1
329.50 623.55 515.60 565.91 536.71 634.07 350.61 691.71 harbor 0 0.945324 votes=1
275.14 246.53 309.19 240.46 311.76 254.86 277.71 260.93 ship 0 0.927869 votes=1
434.00 631.87 439.98 658.63 428.10 661.29 422.12 634.52 ship 0 0.890012 votes=1
476.51 471.10 483.53 491.58 473.58 494.99 466.56 474.51 ship 0 0.884727 votes=1
63.96 185.55 120.71 168.06 124.64 180.81 67.89 198.30 ship 0 0.876714 votes=1
265.52 344.21 289.09 340.41 291.01 352.28 267.43 356.08 ship 0 0.752613 votes=1
337.72 475.07 344.77 497.37 336.08 500.12 329.02 477.82 ship 0 0.685392 votes=1
