521.06 464.76 524.66 511.46 510.69 512.54 507.08 465.84 ship 0 0.998507 votes=1
505.52 615.07 506.71 653.94 492.11 654.39 490.92 615.51 ship 0 0.998050 votes=1
508.98 30.11 529.13 77.83 511.51 85.27 491.36 37.55 ship 0 0.997740 votes=1
510.57 652.59 510.72 618.24 522.53 618.29 522.39 652.64 ship 0 0.997736 votes=1
389.36 487.04 393.28 526.98 379.50 528.34 375.58 488.39 ship 0 0.997261 votes=1
441.32 621.70 441.32 655.01 427.98 655.01 427.98 621.70 ship 0 0.996457 votes=1
278.81 15.90 295.65 41.95 286.70 47.74 269.86 21.69 ship 0 0.996394 votes=1
453.12 476.42 457.64 519.94 441.39 521.63 436.88 478.11 ship 0 0.996356 votes=1
535.76 333.04 538.97 361.73 528.34 362.92 525.13 334.23 ship 0 0.995934 votes=1
113.35 69.27 141.15 56.80 145.56 66.64 117.75 79.10 ship 0 0.995853 votes=1
424.42 619.93 424.89 654.85 412.26 655.02 411.79 620.10 ship 0 0.994969 votes=1
526.68 228.41 533.80 259.30 523.45 261.69 516.33 230.79 ship 0 0.994960 votes=1
558.60 217.67 571.04 251.49 560.60 255.33 548.16 221.51 ship 0 0.994881 votes=1
139.44 2.28 164.85 47.64 149.96 55.98 124.55 10.62 ship 0 0.993592 votes=1
581.94 23.50 601.33 72.84 589.81 77.37 570.42 28.03 ship 0 0.993189 votes=1
504.36 460.60 507.42 514.75 491.91 515.62 488.85 461.47 ship 0 0.992707 votes=1
402.33 392.94 406.45 425.16 395.02 426.62 390.90 394.40 ship 0 0.992582 votes=1
224.03 238.35 246.87 279.98 233.90 287.10 211.06 245.46 ship 0 0.992419 votes=1
572.20 168.69 581.38 203.35 568.01 206.89 558.83 172.23 ship 0 0.992191 votes=1
231.94 545.48 286.09 524.39 292.19 540.07 238.04 561.16 ship 0 0.991538 votes=1
554.88 329.84 561.26 357.28 551.62 359.52 545.24 332.08 ship 0 0.991190 votes=1
591.13 571.17 620.89 579.29 617.36 592.23 587.60 584.11 ship 0 0.990549 votes=1
102.92 47.29 129.76 34.61 134.75 45.18 107.91 57.85 ship 0 0.990411 votes=1
373.24 489.37 377.16 527.43 364.57 528.73 360.65 490.67 ship 0 0.990153 votes=1
148.58 125.79 170.28 110.36 175.78 118.10 154.09 133.52 ship 0 0.989658 votes=1
603.10 540.25 628.53 550.07 624.74 559.89 599.31 550.06 ship 0 0.989628 votes=1
570.19 327.75 572.91 356.66 562.63 357.63 559.90 328.71 ship 0 0.989330 votes=1
92.07 141.55 114.88 129.33 120.10 139.08 97.30 151.30 ship 0 0.989329 votes=1
540.80 372.15 545.79 403.68 535.26 405.35 530.26 373.81 ship 0 0.988634 votes=1
590.05 326.67 594.90 353.01 585.23 354.80 580.37 328.45 ship 0 0.988524 votes=1
104.04 166.15 129.57 150.38 135.78 160.44 110.25 176.21 ship 0 0.988454 votes=1
425.49 534.86 429.01 566.62 417.09 567.94 413.57 536.18 ship 0 0.987550 votes=1
569.91 618.07 572.22 649.67 560.44 650.53 558.13 618.94 ship 0 0.987300 votes=1
294.79 6.51 312.88 31.55 304.19 37.82 286.11 12.78 ship 0 0.986454 votes=1
354.53 623.56 354.81 655.82 342.86 655.93 342.58 623.66 ship 0 0.986190 votes=1
615.12 490.02 646.65 499.15 643.51 509.99 611.98 500.86 ship 0 0.985163 votes=1
73.82 105.42 99.66 95.94 103.58 106.63 77.74 116.10 ship 0 0.985142 votes=1
266.82 22.46 282.37 48.06 273.11 53.68 257.57 28.08 ship 0 0.982008 votes=1
611.89 522.90 636.38 528.70 633.75 539.76 609.27 533.96 ship 0 0.980694 votes=1
541.88 650.19 542.32 619.62 553.51 619.78 553.06 650.35 ship 0 0.980625 votes=1
596.47 552.01 627.67 563.75 623.62 574.53 592.41 562.79 ship 0 0.979069 votes=1
268.97 559.68 277.74 582.24 269.07 585.61 260.30 563.05 ship 0 0.979062 votes=1
563.03 373.70 563.35 400.77 553.72 400.89 553.40 373.81 ship 0 0.978958 votes=1
539.02 616.03 539.88 650.96 528.51 651.24 527.66 616.31 ship 0 0.978916 votes=1
415.02 342.56 416.64 380.10 405.81 380.57 404.19 343.03 ship 0 0.978577 votes=1
642.58 424.84 679.02 434.97 674.93 449.69 638.48 439.56 ship 0 0.977944 votes=1
535.37 177.94 544.76 209.95 534.65 212.92 525.26 180.90 ship 0 0.975875 votes=1
550.25 176.44 559.14 206.48 547.80 209.84 538.91 179.79 ship 0 0.974933 votes=1
575.82 371.70 578.71 398.30 567.98 399.46 565.09 372.87 ship 0 0.974467 votes=1
492.06 528.46 498.84 555.84 488.05 558.51 481.27 531.13 ship 0 0.973147 votes=1
478.53 529.28 481.79 576.81 461.57 578.19 458.31 530.66 ship 0 0.972694 votes=1
305.51 -2.97 322.60 24.76 313.76 30.21 296.67 2.48 ship 0 0.971664 votes=1
174.03 166.98 197.24 150.19 204.69 160.48 181.49 177.28 ship 0 0.970677 votes=1
133.72 99.37 159.14 87.16 164.44 98.20 139.02 110.40 ship 0 0.970299 votes=1
474.23 621.26 474.71 652.34 462.80 652.53 462.32 621.45 ship 0 0.970120 votes=1
423.28 473.09 427.04 524.06 413.36 525.07 409.60 474.10 ship 0 0.969454 votes=1
475.89 647.01 476.08 620.89 485.79 620.96 485.60 647.08 ship 0 0.965166 votes=1
652.15 398.96 678.09 404.42 676.00 414.36 650.06 408.90 ship 0 0.961260 votes=1
581.73 105.83 612.45 94.33 617.05 106.63 586.34 118.13 ship 0 0.960268 votes=1
325.39 494.52 329.36 536.31 313.35 537.83 309.38 496.05 ship 0 0.958642 votes=1
599.64 371.30 600.24 395.63 589.66 395.90 589.06 371.57 ship 0 0.956886 votes=1
558.72 660.41 602.25 659.76 602.43 671.63 558.90 672.28 ship 0 0.955121 votes=1
624.62 478.11 656.16 486.16 652.99 498.57 621.45 490.52 ship 0 0.954288 votes=1
142.24 113.53 166.35 100.86 170.89 109.50 146.78 122.17 ship 0 0.950483 votes=1
228.49 -1.50 243.15 24.69 233.20 30.26 218.54 4.06 ship 0 0.947948 votes=1
323.22 548.49 326.73 576.70 316.44 577.98 312.93 549.77 ship 0 0.945222 votes=1
43.13 -8.12 154.19 198.16 100.68 226.97 -10.39 20.70 harbor 0 0.943000 votes=1
257.71 240.10 266.79 275.24 255.30 278.21 246.22 243.07 ship 0 0.940489 votes=1
188.25 518.33 551.62 462.77 565.03 550.47 201.66 606.04 harbor 0 0.938225 votes=1
43.46 55.01 66.05 40.67 71.42 49.12 48.82 63.46 ship 0 0.936818 votes=1
193.80 67.78 232.71 43.95 239.62 55.23 200.71 79.06 ship 0 0.928122 votes=1
539.35 521.85 541.67 557.14 525.38 558.21 523.06 522.92 ship 0 0.926575 votes=1
292.72 671.30 338.48 671.49 338.40 691.38 292.64 691.19 ship 0 0.925563 votes=1
280.62 416.71 284.65 447.29 273.42 448.77 269.39 418.19 ship 0 0.915957 votes=1
685.76 411.80 752.37 436.40 743.54 460.31 676.93 435.70 ship 0 0.898480 votes=1
572.92 635.45 669.92 306.09 780.74 338.73 683.73 668.09 harbor 0 0.892060 votes=1
670.86 467.35 734.86 490.71 725.44 516.53 661.44 493.16 ship 0 0.886818 votes=1
25.67 15.10 48.85 4.02 54.09 15.01 30.92 26.08 ship 0 0.870314 votes=1
250.32 456.45 250.75 437.42 260.74 437.65 260.30 456.68 ship 0 0.868753 votes=1
512.02 523.02 516.28 555.57 502.07 557.42 497.81 524.88 ship 0 0.866284 votes=1
304.13 693.16 342.70 692.55 342.92 706.37 304.35 706.97 ship 0 0.833498 votes=1
682.44 439.39 740.56 458.34 731.80 485.20 673.69 466.25 ship 0 0.826248 votes=1
382.78 540.73 382.81 572.61 371.75 572.62 371.71 540.74 ship 0 0.825274 votes=1
193.39 633.64 591.03 612.89 593.31 656.58 195.67 677.33 harbor 0 0.809319 votes=1
652.20 403.36 682.28 313.49 711.16 323.16 681.08 413.03 ship 0 0.804839 votes=1
101.24 406.26 639.23 304.76 653.98 382.91 115.98 484.40 harbor 0 0.794649 votes=1
234.72 180.57 243.29 202.17 234.43 205.69 225.85 184.09 ship 0 0.780127 votes=1
326.82 65.90 342.42 104.15 329.48 109.43 313.89 71.18 ship 0 0.759731 votes=1
392.58 623.85 392.69 658.60 376.24 658.65 376.13 623.90 ship 0 0.758881 votes=1
458.33 518.77 458.49 475.57 474.66 475.63 474.51 518.83 ship 0 0.744141 votes=1
212.39 462.97 214.47 407.40 240.08 408.35 238.00 463.93 ship 0 0.735406 votes=1
181.77 78.08 200.38 114.70 186.93 121.54 168.32 84.91 ship 0 0.735290 votes=1
84.90 126.79 103.18 115.96 105.87 120.51 87.60 131.33 ship 0 0.694337 votes=1
575.96 170.84 589.95 245.89 517.09 259.47 503.11 184.41 harbor 0 0.616677 votes=1
