426.25 470.85 426.36 504.14 411.14 504.20 411.02 470.91 vehicle 0 0.999286 votes=1
344.94 403.09 346.26 337.63 370.15 338.11 368.82 403.57 vehicle 0 0.999209 votes=1
334.75 111.70 335.06 146.24 320.94 146.36 320.63 111.82 vehicle 0 0.999136 votes=1
369.52 106.45 369.69 71.79 383.22 71.86 383.05 106.52 vehicle 0 0.999061 votes=1
417.93 390.66 418.40 337.95 438.84 338.14 438.37 390.84 vehicle 0 0.998915 votes=1
351.90 690.89 352.16 730.61 335.04 730.73 334.77 691.01 vehicle 0 0.998709 votes=1
309.59 122.80 309.97 157.08 294.18 157.25 293.79 122.98 vehicle 0 0.998609 votes=1
421.51 645.59 421.99 614.37 434.56 614.57 434.08 645.78 vehicle 0 0.996435 votes=1
734.47 320.00 773.45 325.63 771.36 340.10 732.38 334.47 vehicle 0 0.994649 votes=1
471.11 63.53 482.96 606.01 270.16 610.66 258.32 68.18 overpass 0 0.988272 votes=1
740.12 302.19 773.69 302.83 773.42 317.13 739.85 316.49 vehicle 0 0.975704 votes=1
