593.72 558.50 657.81 550.90 660.60 574.40 596.50 581.99 ship 0 0.999392 votes=1
501.84 598.58 557.35 598.26 557.46 617.94 501.95 618.26 ship 0 0.999338 votes=1
96.78 715.69 159.90 703.02 164.50 725.93 101.37 738.60 ship 0 0.999323 votes=1
165.13 422.10 218.24 420.17 218.96 440.11 165.85 442.04 ship 0 0.999190 votes=1
47.11 344.04 227.26 346.05 226.79 388.46 46.63 386.46 ship 0 0.999172 votes=1
502.54 630.35 558.95 630.17 559.01 649.51 502.60 649.68 ship 0 0.999046 votes=1
100.94 742.23 159.93 734.81 163.19 760.66 104.19 768.09 ship 0 0.999019 votes=1
48.87 509.47 120.40 493.67 125.81 518.15 54.27 533.95 ship 0 0.998924 votes=1
481.80 514.30 565.75 517.05 564.83 545.07 480.88 542.33 ship 0 0.998912 votes=1
34.75 454.38 105.96 438.62 111.32 462.84 40.10 478.60 ship 0 0.998880 votes=1
73.86 407.01 140.96 408.12 140.57 432.17 73.46 431.07 ship 0 0.998507 votes=1
288.42 674.87 290.81 627.16 308.54 628.05 306.15 675.76 ship 0 0.998336 votes=1
424.67 757.11 424.69 714.75 442.76 714.76 442.74 757.11 ship 0 0.997080 votes=1
82.33 642.88 149.59 632.53 153.13 655.54 85.87 665.88 ship 0 0.996049 votes=1
507.50 667.36 557.58 662.43 559.56 682.56 509.48 687.49 ship 0 0.996003 votes=1
85.20 667.77 135.72 658.76 138.94 676.84 88.42 685.84 ship 0 0.995676 votes=1
100.30 686.22 149.83 676.04 153.59 694.34 104.06 704.52 ship 0 0.995081 votes=1
693.56 739.65 693.64 696.03 711.79 696.06 711.72 739.68 ship 0 0.994520 votes=1
327.73 749.75 328.50 710.54 347.57 710.92 346.80 750.12 ship 0 0.993717 votes=1
427.03 696.73 428.69 657.74 447.14 658.52 445.48 697.51 ship 0 0.993619 votes=1
242.68 653.10 245.79 602.56 264.74 603.72 261.64 654.26 ship 0 0.992777 votes=1
381.16 678.21 381.21 725.81 362.89 725.83 362.84 678.23 ship 0 0.992749 votes=1
596.39 633.85 640.20 633.66 640.28 652.41 596.47 652.61 ship 0 0.991457 votes=1
393.34 724.50 394.41 684.90 412.53 685.39 411.45 725.00 ship 0 0.988764 votes=1
394.72 683.63 395.19 645.17 412.57 645.38 412.11 683.84 ship 0 0.986183 votes=1
491.82 730.97 494.81 404.00 672.06 405.62 669.07 732.59 harbor 0 0.975334 votes=1
261.00 599.45 261.92 547.22 281.38 547.56 280.46 599.79 ship 0 0.971391 votes=1
254.43 731.79 256.85 670.10 281.70 671.07 279.28 732.77 ship 0 0.959876 votes=1
292.05 503.76 296.60 758.34 248.99 759.20 244.44 504.61 harbor 0 0.875461 votes=1
346.13 751.02 347.81 508.79 367.10 508.93 365.42 751.15 harbor 0 0.836573 votes=1
262.05 649.17 263.09 603.91 280.92 604.32 279.88 649.58 ship 0 0.820775 votes=1
17.42 388.63 216.33 387.30 216.47 408.42 17.56 409.75 harbor 0 0.787135 votes=1
535.02 390.42 666.05 390.56 666.02 424.81 534.98 424.68 ship 0 0.773354 votes=1
