183.87 189.20 221.02 257.21 194.97 271.44 157.81 203.43 ship 0 0.999191 votes=1
344.85 112.63 387.97 194.94 360.07 209.55 316.95 127.24 ship 0 0.998955 votes=1
302.40 457.83 398.83 540.57 373.24 570.38 276.81 487.65 ship 0 0.998614 votes=1
292.34 522.80 367.81 577.79 348.23 604.66 272.77 549.66 ship 0 0.998580 votes=1
15.76 640.19 78.33 560.59 102.21 579.36 39.64 658.96 ship 0 0.998566 votes=1
149.57 699.94 211.96 750.30 194.47 771.96 132.09 721.60 ship 0 0.998399 votes=1
230.38 601.03 294.24 649.14 276.88 672.20 213.01 624.08 ship 0 0.998203 votes=1
177.57 663.19 243.39 720.55 223.72 743.13 157.89 685.77 ship 0 0.997571 votes=1
88.92 685.03 142.24 609.88 167.79 628.01 114.47 703.16 ship 0 0.997001 votes=1
113.47 153.44 319.87 36.85 379.72 142.81 173.33 259.40 harbor 0 0.982763 votes=1
141.45 553.84 193.92 492.54 214.59 510.23 162.11 571.53 ship 0 0.973075 votes=1
-0.73 622.41 150.56 429.84 336.50 575.91 185.21 768.49 harbor 0 0.853177 votes=1
