147.22 699.62 158.20 724.21 147.67 728.91 136.69 704.32 vehicle 0 0.998064 votes=1
150.60 502.52 167.38 482.88 175.84 490.11 159.07 509.74 vehicle 0 0.992911 votes=1
20.51 585.65 36.10 568.71 44.42 576.37 28.83 593.31 vehicle 0 0.992909 votes=1
451.67 273.07 470.83 258.80 477.53 267.79 458.37 282.06 vehicle 0 0.991547 votes=1
110.55 541.74 128.91 522.21 137.53 530.32 119.17 549.85 vehicle 0 0.991490 votes=1
307.51 404.45 323.62 389.63 330.42 397.02 314.31 411.84 vehicle 0 0.985851 votes=1
213.61 354.96 441.07 156.22 484.63 206.07 257.18 404.82 bridge 0 0.983667 votes=1
648.31 91.51 666.73 78.14 672.86 86.58 654.44 99.95 vehicle 0 0.982373 votes=1
311.43 388.11 474.73 235.47 516.60 280.27 353.31 432.90 bridge 0 0.976548 votes=1
124.13 670.87 137.96 688.72 129.31 695.43 115.48 677.57 vehicle 0 0.970186 votes=1
-0.42 712.85 16.50 694.59 25.05 702.51 8.13 720.77 vehicle 0 0.963696 votes=1
606.47 23.89 625.02 11.47 631.45 21.07 612.90 33.49 vehicle 0 0.917994 votes=1
391.66 674.09 409.22 660.32 415.45 668.27 397.89 682.03 vehicle 0 0.914067 votes=1
