403.40 492.67 403.84 525.40 390.53 525.58 390.09 492.85 vehicle 0 0.999343 votes=1
456.62 634.93 485.57 634.86 485.60 647.32 456.65 647.39 vehicle 0 0.999270 votes=1
257.99 161.55 289.80 161.16 289.97 174.64 258.16 175.04 vehicle 0 0.999222 votes=1
333.57 211.48 334.30 245.23 321.22 245.51 320.50 211.76 vehicle 0 0.999205 votes=1
401.42 243.46 402.10 278.86 389.43 279.11 388.74 243.70 vehicle 0 0.999121 votes=1
451.13 429.53 481.04 428.91 481.33 442.55 451.41 443.17 vehicle 0 0.999024 votes=1
181.50 184.35 215.84 183.27 216.27 197.07 181.93 198.15 vehicle 0 0.999015 votes=1
402.11 456.42 402.17 487.78 390.20 487.80 390.13 456.44 vehicle 0 0.998960 votes=1
312.64 155.58 349.24 154.92 349.51 170.07 312.91 170.73 vehicle 0 0.998940 votes=1
401.80 315.58 402.98 351.26 389.56 351.71 388.39 316.02 vehicle 0 0.998857 votes=1
453.93 467.20 482.79 466.99 482.89 479.44 454.02 479.65 vehicle 0 0.998830 votes=1
291.65 213.31 294.70 247.78 280.87 249.01 277.81 214.54 vehicle 0 0.998817 votes=1
448.14 336.98 480.64 336.29 480.94 350.42 448.45 351.11 vehicle 0 0.998670 votes=1
442.20 225.21 480.75 224.92 480.86 239.92 442.31 240.20 vehicle 0 0.998087 votes=1
350.51 672.63 381.73 672.48 381.80 686.50 350.58 686.65 vehicle 0 0.998079 votes=1
454.10 765.14 485.35 766.36 484.85 779.04 453.60 777.82 vehicle 0 0.997960 votes=1
354.96 707.63 384.84 707.82 384.75 721.85 354.87 721.66 vehicle 0 0.997499 votes=1
453.84 486.44 482.41 486.08 482.56 498.36 453.99 498.72 vehicle 0 0.997142 votes=1
446.09 94.19 477.08 93.78 477.26 107.10 446.27 107.52 vehicle 0 0.988570 votes=1
450.20 261.51 478.23 261.96 478.01 275.39 449.98 274.94 vehicle 0 0.987368 votes=1
453.39 708.45 484.43 709.61 483.91 723.64 452.86 722.48 vehicle 0 0.980601 votes=1
