593.93 253.52 754.34 253.39 754.46 401.25 594.04 401.38 storagetank 0 0.998261 votes=1
492.77 443.05 599.04 437.00 604.65 535.56 498.37 541.61 storagetank 0 0.998228 votes=1
621.61 445.33 729.52 443.82 730.87 540.89 622.97 542.40 storagetank 0 0.998078 votes=1
322.01 444.89 369.08 445.51 368.60 481.27 321.54 480.64 storagetank 0 0.997541 votes=1
365.89 257.89 525.29 253.31 529.62 403.92 370.22 408.50 storagetank 0 0.997466 votes=1
325.13 495.48 369.12 496.22 368.54 530.99 324.54 530.25 storagetank 0 0.997019 votes=1
379.91 446.43 422.86 446.41 422.88 481.45 379.93 481.48 storagetank 0 0.995484 votes=1
164.57 521.30 165.52 485.88 200.51 486.82 199.56 522.24 storagetank 0 0.994745 votes=1
165.27 524.04 200.96 524.17 200.83 558.25 165.15 558.12 storagetank 0 0.993452 votes=1
382.52 496.31 425.86 497.76 424.67 533.13 381.33 531.68 storagetank 0 0.991891 votes=1
137.46 509.52 138.34 480.76 166.88 481.63 166.00 510.40 storagetank 0 0.990773 votes=1
331.60 399.68 360.86 399.05 361.36 422.19 332.10 422.82 storagetank 0 0.967665 votes=1
144.85 538.60 145.00 514.08 165.29 514.21 165.13 538.73 storagetank 0 0.753028 votes=1
212.64 231.62 241.72 230.64 242.42 251.02 213.33 252.00 storagetank 0 0.728308 votes=1
