459.69 284.79 500.46 284.20 500.66 297.79 459.89 298.38 ship 0 0.998820 votes=1
604.91 115.17 635.41 115.17 635.41 127.66 604.91 127.65 ship 0 0.998654 votes=1
377.44 440.25 413.76 439.76 413.92 451.50 377.60 452.00 ship 0 0.998636 votes=1
492.64 467.60 529.33 467.17 529.49 480.32 492.79 480.75 ship 0 0.998612 votes=1
407.51 294.83 449.10 293.93 449.41 307.99 407.81 308.89 ship 0 0.998372 votes=1
489.58 387.37 528.69 385.87 529.20 399.32 490.09 400.81 ship 0 0.997772 votes=1
398.83 157.62 444.49 156.95 444.70 170.82 399.03 171.49 ship 0 0.997747 votes=1
607.07 153.74 635.35 152.65 635.71 162.00 607.43 163.09 ship 0 0.997668 votes=1
378.18 390.97 426.00 390.22 426.23 404.62 378.40 405.37 ship 0 0.997553 votes=1
605.75 93.07 640.40 92.53 640.56 102.57 605.91 103.11 ship 0 0.997541 votes=1
463.72 360.61 501.92 359.24 502.46 374.22 464.26 375.59 ship 0 0.997533 votes=1
379.94 519.22 425.60 516.51 426.54 532.29 380.88 535.00 ship 0 0.997468 votes=1
542.78 422.55 574.30 422.47 574.33 433.85 542.81 433.94 ship 0 0.997464 votes=1
403.89 248.72 448.53 248.10 448.72 261.38 404.08 262.00 ship 0 0.997030 votes=1
398.93 111.41 445.52 111.08 445.63 126.43 399.04 126.77 ship 0 0.997014 votes=1
367.65 467.99 369.60 494.55 356.65 495.50 354.70 468.95 ship 0 0.996977 votes=1
497.83 425.97 530.64 426.20 530.55 439.75 497.73 439.52 ship 0 0.996908 votes=1
610.15 187.72 638.12 187.38 638.25 197.73 610.27 198.07 ship 0 0.996865 votes=1
380.84 502.51 416.99 501.66 417.29 514.20 381.13 515.05 ship 0 0.996735 votes=1
385.16 562.12 426.77 562.37 426.68 576.81 385.08 576.56 ship 0 0.996628 votes=1
636.85 564.23 668.53 563.90 668.64 574.93 636.97 575.27 ship 0 0.996490 votes=1
401.39 319.10 448.06 318.68 448.18 332.41 401.51 332.83 ship 0 0.996473 votes=1
458.78 265.57 496.46 265.75 496.40 278.87 458.72 278.70 ship 0 0.996373 votes=1
459.19 304.79 494.46 304.18 494.68 317.28 459.42 317.89 ship 0 0.996364 votes=1
352.37 448.97 353.47 395.81 369.00 396.13 367.91 449.29 ship 0 0.996287 votes=1
458.14 188.14 495.67 187.06 496.04 200.00 458.51 201.08 ship 0 0.996152 votes=1
542.50 439.94 574.31 440.22 574.20 452.69 542.39 452.41 ship 0 0.996081 votes=1
380.66 475.44 423.85 475.32 423.89 490.33 380.70 490.45 ship 0 0.995921 votes=1
498.11 526.91 531.89 527.42 531.72 539.00 497.94 538.49 ship 0 0.995881 votes=1
491.57 411.38 528.97 408.27 529.99 420.48 492.58 423.60 ship 0 0.995833 votes=1
494.53 567.50 532.75 567.07 532.89 579.45 494.68 579.89 ship 0 0.995790 votes=1
545.59 566.78 578.00 566.68 578.03 577.87 545.63 577.98 ship 0 0.995702 votes=1
502.42 545.48 532.12 545.57 532.08 555.64 502.39 555.54 ship 0 0.995425 votes=1
634.58 415.85 660.62 416.71 660.29 426.77 634.25 425.91 ship 0 0.995228 votes=1
406.14 337.16 441.15 340.04 440.17 351.87 405.17 349.00 ship 0 0.994747 votes=1
608.14 237.65 640.63 236.92 640.88 248.05 608.39 248.78 ship 0 0.994491 votes=1
610.61 293.51 637.87 293.30 637.95 303.52 610.69 303.72 ship 0 0.994222 votes=1
398.69 364.50 450.00 363.92 450.16 378.08 398.86 378.67 ship 0 0.993930 votes=1
546.38 545.21 581.56 545.84 581.31 560.09 546.12 559.46 ship 0 0.993273 votes=1
544.10 512.00 577.43 512.69 577.19 524.08 543.86 523.39 ship 0 0.993169 votes=1
542.22 407.03 569.02 406.49 569.22 416.48 542.42 417.02 ship 0 0.992720 votes=1
564.03 185.29 594.24 185.50 594.16 197.94 563.94 197.73 ship 0 0.992090 votes=1
563.23 168.61 592.75 167.71 593.07 178.22 563.55 179.12 ship 0 0.991892 votes=1
673.67 449.99 673.67 414.57 684.65 414.57 684.65 449.99 ship 0 0.990453 votes=1
564.27 154.19 592.75 150.64 593.99 160.55 565.51 164.11 ship 0 0.990394 votes=1
639.58 451.79 660.59 450.30 661.18 458.62 640.17 460.10 ship 0 0.990232 votes=1
455.69 111.58 491.76 110.36 492.19 123.13 456.12 124.35 ship 0 0.990068 votes=1
564.83 240.01 593.80 239.90 593.85 252.40 564.88 252.51 ship 0 0.989993 votes=1
496.66 101.31 498.94 386.32 401.42 387.10 399.14 102.10 harbor 0 0.989850 votes=1
561.88 342.61 597.99 341.52 598.43 356.34 562.33 357.42 ship 0 0.989531 votes=1
640.62 532.62 664.31 532.85 664.22 541.82 640.53 541.60 ship 0 0.989038 votes=1
566.38 307.73 598.10 308.34 597.88 320.28 566.15 319.68 ship 0 0.988969 votes=1
610.29 167.54 635.05 167.09 635.22 176.62 610.47 177.08 ship 0 0.988625 votes=1
635.49 481.74 664.64 481.07 664.86 490.74 635.71 491.41 ship 0 0.988393 votes=1
636.44 468.52 663.75 468.52 663.75 477.72 636.44 477.73 ship 0 0.987255 votes=1
637.88 436.26 664.32 433.58 665.45 444.70 639.01 447.39 ship 0 0.986704 votes=1
639.19 81.52 645.25 371.78 564.52 373.47 558.45 83.21 harbor 0 0.986168 votes=1
543.77 479.89 573.51 479.38 573.69 489.84 543.95 490.35 ship 0 0.985383 votes=1
639.57 545.38 666.25 547.53 665.46 557.32 638.78 555.17 ship 0 0.980561 votes=1
607.00 260.85 632.93 259.68 633.41 270.47 607.49 271.63 ship 0 0.979104 votes=1
616.24 329.64 646.00 330.54 645.67 341.29 615.92 340.40 ship 0 0.977812 votes=1
574.74 383.70 578.71 581.96 499.11 583.56 495.15 385.29 harbor 0 0.977563 votes=1
632.46 385.58 658.36 385.16 658.50 393.68 632.60 394.11 ship 0 0.977073 votes=1
565.46 109.87 591.09 110.08 591.00 121.37 565.37 121.16 ship 0 0.974897 votes=1
462.32 212.56 489.19 212.22 489.33 222.73 462.45 223.07 ship 0 0.974596 votes=1
636.64 502.24 664.22 502.12 664.26 510.85 636.68 510.96 ship 0 0.970352 votes=1
561.39 270.40 597.99 273.13 597.07 285.56 560.46 282.83 ship 0 0.967636 votes=1
634.70 403.07 663.71 402.95 663.75 412.54 634.74 412.65 ship 0 0.942972 votes=1
675.76 521.56 676.59 500.72 684.30 501.03 683.46 521.87 ship 0 0.915506 votes=1
422.00 382.15 424.83 606.94 356.96 607.80 354.12 383.01 harbor 0 0.908164 votes=1
504.56 504.53 530.72 503.86 530.94 512.71 504.79 513.37 ship 0 0.886259 votes=1
640.38 514.35 662.73 515.08 662.46 523.46 640.10 522.73 ship 0 0.873511 votes=1
671.32 396.89 677.13 575.37 637.95 576.65 632.15 398.16 harbor 0 0.802555 votes=1
