494.41 233.96 543.74 468.80 504.52 477.04 455.19 242.20 bridge 0 0.992143 votes=1
106.03 222.02 112.67 256.88 104.82 258.38 98.18 223.52 vehicle 0 0.991592 votes=1
162.00 450.75 201.89 639.42 141.56 652.18 101.67 463.50 bridge 0 0.987084 votes=1
643.10 155.75 656.35 400.02 599.14 403.12 585.89 158.85 bridge 0 0.980084 votes=1
48.04 104.30 56.39 145.49 47.23 147.35 38.88 106.16 vehicle 0 0.975371 votes=1
732.67 115.40 743.97 362.12 673.23 365.36 661.93 118.64 bridge 0 0.949134 votes=1
88.66 120.29 99.52 166.74 91.93 168.51 81.07 122.07 vehicle 0 0.849189 votes=1
84.21 303.15 89.00 315.53 84.00 317.47 79.21 305.08 vehicle 0 0.817103 votes=1
543.32 541.19 547.11 553.63 541.31 555.40 537.52 542.96 vehicle 0 0.809787 votes=1
716.28 330.70 718.00 345.38 711.27 346.17 709.54 331.49 vehicle 0 0.651764 votes=1
