245.86 434.77 245.87 517.01 215.02 517.01 215.01 434.78 ship 0 0.999439 votes=1
154.88 530.54 155.06 427.56 192.98 427.63 192.80 530.61 ship 0 0.999171 votes=1
659.21 533.58 660.22 436.70 696.88 437.08 695.88 533.96 ship 0 0.999120 votes=1
402.08 447.33 402.42 515.96 378.25 516.08 377.90 447.45 ship 0 0.998859 votes=1
336.44 686.41 339.86 568.58 379.96 569.75 376.53 687.58 ship 0 0.998761 votes=1
474.51 435.70 475.24 526.45 442.02 526.71 441.29 435.97 ship 0 0.998744 votes=1
584.96 432.32 585.66 531.67 548.12 531.94 547.42 432.59 ship 0 0.998391 votes=1
492.46 527.19 494.90 437.63 528.60 438.55 526.16 528.11 ship 0 0.998177 votes=1
600.71 532.17 602.56 438.35 638.52 439.06 636.67 532.88 ship 0 0.998161 votes=1
324.04 532.55 326.52 429.40 363.40 430.29 360.92 533.43 ship 0 0.998058 votes=1
269.72 526.57 273.46 430.16 310.88 431.61 307.14 528.02 ship 0 0.997927 votes=1
439.37 576.19 441.76 682.11 398.19 683.10 395.80 577.17 ship 0 0.997674 votes=1
54.43 166.27 432.73 166.14 432.76 260.55 54.46 260.68 ship 0 0.994879 votes=1
148.33 677.16 161.31 582.38 192.79 586.69 179.81 681.47 ship 0 0.993825 votes=1
78.62 420.62 744.44 429.95 740.75 693.45 74.92 684.12 harbor 0 0.984372 votes=1
