537.21 188.75 539.52 112.79 567.22 113.63 564.90 189.60 ship 0 0.999455 votes=1
508.96 465.29 565.59 465.59 565.50 482.16 508.87 481.86 ship 0 0.999409 votes=1
108.85 445.98 128.24 408.26 140.78 414.71 121.38 452.42 ship 0 0.999078 votes=1
507.81 330.86 568.86 331.57 568.61 353.45 507.55 352.73 ship 0 0.999036 votes=1
569.81 191.32 572.92 117.13 595.57 118.08 592.46 192.27 ship 0 0.998989 votes=1
523.98 255.70 578.05 257.91 577.33 275.37 523.27 273.15 ship 0 0.998978 votes=1
499.52 484.32 565.17 488.55 563.82 509.52 498.17 505.28 ship 0 0.998973 votes=1
513.90 305.37 571.70 307.18 571.03 328.58 513.23 326.77 ship 0 0.998946 votes=1
520.23 280.91 577.77 281.05 577.73 299.96 520.19 299.83 ship 0 0.998561 votes=1
506.07 514.59 561.93 514.80 561.85 534.03 506.00 533.82 ship 0 0.998491 votes=1
510.93 198.58 578.45 201.41 577.41 226.42 509.88 223.60 ship 0 0.998485 votes=1
511.40 436.33 566.18 437.93 565.63 456.86 510.84 455.26 ship 0 0.998406 votes=1
592.49 230.51 644.33 230.45 644.36 250.41 592.51 250.46 ship 0 0.998360 votes=1
502.46 537.76 559.45 537.32 559.62 559.69 502.64 560.13 ship 0 0.998333 votes=1
506.09 383.02 569.37 384.29 568.98 403.61 505.70 402.34 ship 0 0.998194 votes=1
585.57 411.63 632.00 412.06 631.83 430.53 585.40 430.10 ship 0 0.998176 votes=1
514.56 567.83 560.77 569.31 560.24 586.20 514.03 584.72 ship 0 0.998134 votes=1
512.81 358.18 572.60 358.49 572.51 376.94 512.72 376.63 ship 0 0.997978 votes=1
572.17 612.22 604.95 612.80 604.71 626.28 571.93 625.70 ship 0 0.997956 votes=1
506.51 636.31 557.06 636.95 556.82 655.92 506.27 655.29 ship 0 0.997881 votes=1
597.05 194.32 600.55 108.11 629.25 109.28 625.75 195.48 ship 0 0.997710 votes=1
591.38 279.61 636.17 279.72 636.13 295.09 591.34 294.98 ship 0 0.997125 votes=1
523.36 662.44 554.89 662.46 554.88 674.82 523.35 674.80 ship 0 0.996978 votes=1
591.47 300.88 637.00 302.99 636.24 319.39 590.71 317.27 ship 0 0.996926 votes=1
588.19 323.35 634.61 324.23 634.29 341.32 587.87 340.44 ship 0 0.996800 votes=1
507.88 594.42 556.60 594.42 556.60 611.82 507.88 611.82 ship 0 0.996680 votes=1
586.75 346.77 631.54 347.54 631.29 362.16 586.50 361.39 ship 0 0.996630 votes=1
572.65 631.49 604.48 632.90 603.93 645.33 572.10 643.92 ship 0 0.996208 votes=1
595.50 204.63 640.97 206.03 640.47 222.39 595.00 220.99 ship 0 0.996114 votes=1
493.68 192.11 498.02 128.46 531.93 130.77 527.59 194.43 ship 0 0.996082 votes=1
522.38 684.83 557.33 684.95 557.29 697.97 522.34 697.86 ship 0 0.996011 votes=1
580.82 474.28 618.71 474.20 618.74 488.59 580.85 488.67 ship 0 0.995932 votes=1
580.10 494.20 615.83 494.68 615.65 507.94 579.92 507.46 ship 0 0.995791 votes=1
581.38 454.67 619.65 454.75 619.62 468.64 581.36 468.56 ship 0 0.995732 votes=1
504.88 619.60 557.16 619.97 557.05 636.00 504.76 635.64 ship 0 0.994366 votes=1
595.89 254.11 636.21 259.01 634.38 274.11 594.06 269.21 ship 0 0.994255 votes=1
526.55 227.98 579.81 230.78 578.84 249.13 525.58 246.33 ship 0 0.992828 votes=1
570.62 650.13 603.48 650.96 603.17 663.59 570.31 662.77 ship 0 0.992467 votes=1
518.95 703.95 557.43 703.42 557.62 716.91 519.14 717.44 ship 0 0.991803 votes=1
586.86 369.57 627.12 369.62 627.10 385.80 586.84 385.75 ship 0 0.987987 votes=1
587.57 389.38 630.79 391.65 629.91 408.34 586.69 406.07 ship 0 0.986229 votes=1
506.67 731.77 516.89 153.67 632.56 155.71 622.34 733.82 harbor 0 0.964447 votes=1
