118.10 46.41 204.90 37.41 207.94 66.74 121.13 75.73 ship 0 0.999297 votes=1
122.93 138.10 209.48 129.77 212.18 157.82 125.63 166.16 ship 0 0.999092 votes=1
397.45 143.39 401.34 58.77 432.47 60.20 428.57 144.82 ship 0 0.999028 votes=1
534.92 85.23 535.73 166.43 506.17 166.73 505.36 85.52 ship 0 0.998738 votes=1
269.89 643.87 357.86 665.58 350.34 696.08 262.36 674.37 ship 0 0.998544 votes=1
286.97 686.25 365.99 698.37 361.70 726.31 282.68 714.19 ship 0 0.997557 votes=1
182.20 225.84 227.41 215.00 232.11 234.60 186.90 245.44 ship 0 0.994649 votes=1
83.55 78.53 84.10 131.28 59.47 131.53 58.93 78.78 ship 0 0.990325 votes=1
652.42 119.56 663.97 -5.33 688.29 -3.08 676.74 121.81 harbor 0 0.907108 votes=1
360.88 3.59 554.32 6.01 552.25 171.09 358.81 168.66 harbor 0 0.807691 votes=1
204.49 -4.50 230.27 214.83 73.72 233.24 47.93 13.91 harbor 0 0.760550 votes=1
