207.82 668.50 218.14 510.17 293.42 515.07 283.10 673.40 tenniscourt 0 0.999244 votes=1
402.03 680.30 412.80 521.80 486.68 526.82 475.91 685.32 tenniscourt 0 0.999191 votes=1
306.20 674.45 316.83 515.80 390.90 520.77 380.27 679.41 tenniscourt 0 0.999149 votes=1
111.39 663.63 122.22 504.03 196.96 509.10 186.13 668.70 tenniscourt 0 0.999048 votes=1
14.54 657.51 24.39 497.67 99.91 502.32 90.07 662.16 tenniscourt 0 0.999007 votes=1
497.26 687.61 508.66 528.32 582.40 533.60 571.00 692.88 tenniscourt 0 0.998983 votes=1
190.50 280.29 195.52 193.07 235.95 195.39 230.93 282.62 tenniscourt 0 0.998777 votes=1
349.87 290.56 353.08 203.06 393.88 204.56 390.67 292.06 tenniscourt 0 0.998762 votes=1
185.95 376.97 190.16 291.41 230.86 293.42 226.64 378.97 tenniscourt 0 0.998693 votes=1
296.43 288.04 301.40 200.85 343.53 203.26 338.56 290.44 tenniscourt 0 0.998658 votes=1
238.30 379.53 242.69 294.74 284.30 296.90 279.91 381.68 tenniscourt 0 0.998535 votes=1
242.80 284.13 247.49 197.16 290.15 199.46 285.46 286.43 tenniscourt 0 0.998395 votes=1
344.10 386.22 349.32 299.01 389.89 301.44 384.67 388.65 tenniscourt 0 0.998264 votes=1
140.23 277.57 144.22 191.13 183.54 192.94 179.55 279.38 tenniscourt 0 0.998108 votes=1
291.11 382.23 295.69 296.22 338.32 298.50 333.73 384.51 tenniscourt 0 0.997919 votes=1
396.36 388.23 400.11 302.37 440.50 304.14 436.75 389.99 tenniscourt 0 0.997849 votes=1
133.47 374.54 138.77 287.47 179.02 289.92 173.73 376.99 tenniscourt 0 0.996769 votes=1
402.26 292.04 403.93 205.98 444.35 206.77 442.68 292.83 tenniscourt 0 0.993890 votes=1
