247.12 293.15 491.61 289.10 495.31 512.28 250.82 516.33 stadium 0 0.998553 votes=1
677.40 229.74 678.40 262.54 664.90 262.95 663.90 230.15 tenniscourt 0 0.938907 votes=1
654.60 233.90 656.37 261.01 644.68 261.77 642.91 234.66 tenniscourt 0 0.934181 votes=1
694.89 186.20 694.99 219.01 682.03 219.05 681.92 186.24 tenniscourt 0 0.927413 votes=1
641.18 231.61 642.63 266.41 625.39 267.12 623.95 232.33 tenniscourt 0 0.927072 votes=1
715.23 187.42 716.34 216.63 704.62 217.08 703.51 187.86 tenniscourt 0 0.923606 votes=1
696.75 230.42 698.96 259.50 685.97 260.49 683.76 231.41 tenniscourt 0 0.914519 votes=1
732.49 186.84 733.16 214.58 722.15 214.85 721.47 187.11 tenniscourt 0 0.901477 votes=1
677.95 188.15 679.88 223.13 664.67 223.97 662.73 188.99 tenniscourt 0 0.894230 votes=1
650.73 194.76 651.98 224.57 635.29 225.27 634.03 195.46 tenniscourt 0 0.871846 votes=1
