407.94 599.76 432.36 613.58 426.36 624.19 401.93 610.37 vehicle 0 0.999209 votes=1
528.00 690.69 552.25 705.59 545.83 716.04 521.58 701.15 vehicle 0 0.999077 votes=1
713.92 551.51 725.96 527.78 736.01 532.87 723.96 556.61 vehicle 0 0.998929 votes=1
10.70 419.00 33.22 433.67 27.13 443.01 4.62 428.34 vehicle 0 0.998459 votes=1
335.40 615.81 356.51 629.65 350.78 638.38 329.68 624.54 vehicle 0 0.996671 votes=1
367.88 635.94 391.55 650.98 385.12 661.12 361.44 646.07 vehicle 0 0.996074 votes=1
20.25 89.89 32.54 70.66 41.35 76.29 29.06 95.52 vehicle 0 0.995607 votes=1
420.28 668.00 445.89 685.21 439.52 694.69 413.91 677.48 vehicle 0 0.990116 votes=1
638.20 743.80 655.87 731.35 661.83 739.81 644.16 752.26 vehicle 0 0.989441 votes=1
106.45 477.09 130.11 493.26 124.10 502.05 100.44 485.88 vehicle 0 0.988774 votes=1
735.91 511.22 748.46 488.58 758.60 494.20 746.05 516.84 vehicle 0 0.988117 votes=1
485.34 711.21 505.50 723.78 500.27 732.17 480.11 719.60 vehicle 0 0.984536 votes=1
