453.62 292.84 487.42 250.33 505.75 264.90 471.95 307.41 vehicle 0 0.999328 votes=1
516.92 116.81 550.79 76.23 567.82 90.44 533.96 131.02 vehicle 0 0.999301 votes=1
172.16 55.37 216.49 87.81 202.99 106.26 158.66 73.83 vehicle 0 0.999212 votes=1
507.08 714.15 549.96 749.31 534.91 767.68 492.02 732.51 vehicle 0 0.999151 votes=1
483.30 735.93 529.80 772.80 514.79 791.75 468.28 754.88 vehicle 0 0.999102 votes=1
638.05 220.45 672.26 182.38 689.19 197.59 654.98 235.66 vehicle 0 0.998991 votes=1
561.74 154.57 597.66 117.68 615.86 135.41 579.93 172.29 vehicle 0 0.997885 votes=1
592.56 183.33 621.18 140.37 640.37 153.16 611.75 196.12 vehicle 0 0.997571 votes=1
670.56 242.75 700.74 201.97 719.70 215.99 689.52 256.78 vehicle 0 0.996929 votes=1
614.74 199.93 646.25 163.01 663.07 177.36 631.56 214.29 vehicle 0 0.996852 votes=1
694.44 267.08 725.17 221.36 741.88 232.59 711.16 278.31 vehicle 0 0.980372 votes=1
721.17 278.96 750.97 244.33 768.42 259.36 738.62 293.98 vehicle 0 0.765548 votes=1
