420.27 67.52 427.46 347.22 316.23 350.08 309.04 70.38 Expressway-toll-station 0 0.999179 votes=1
721.13 210.09 749.42 208.50 750.08 220.17 721.79 221.77 vehicle 0 0.999106 votes=1
279.13 408.99 283.82 434.83 271.79 437.02 267.09 411.18 vehicle 0 0.996660 votes=1
327.48 404.45 330.27 431.02 318.41 432.27 315.63 405.70 vehicle 0 0.994510 votes=1
260.93 411.66 265.92 435.43 255.92 437.53 250.94 413.75 vehicle 0 0.983000 votes=1
229.28 412.21 231.19 437.41 220.22 438.24 218.31 413.05 vehicle 0 0.978089 votes=1
247.33 413.46 248.55 435.48 239.34 435.99 238.12 413.97 vehicle 0 0.977982 votes=1
371.73 431.30 373.17 405.77 383.08 406.33 381.63 431.86 vehicle 0 0.975705 votes=1
213.64 411.41 214.85 436.09 205.69 436.54 204.48 411.86 vehicle 0 0.973381 votes=1
80.86 105.44 103.96 100.31 106.01 109.54 82.91 114.67 vehicle 0 0.970582 votes=1
436.35 405.14 436.99 429.33 426.66 429.60 426.03 405.41 vehicle 0 0.968214 votes=1
36.65 489.64 40.11 515.69 29.32 517.12 25.86 491.07 vehicle 0 0.967013 votes=1
469.52 398.84 470.68 422.38 460.98 422.85 459.83 399.31 vehicle 0 0.953228 votes=1
104.54 270.79 127.35 269.20 127.98 278.30 105.17 279.89 vehicle 0 0.946582 votes=1
311.13 407.42 314.80 428.36 305.47 429.99 301.80 409.05 vehicle 0 0.946024 votes=1
434.32 226.06 460.42 224.21 461.18 234.98 435.08 236.83 vehicle 0 0.934288 votes=1
77.75 589.82 79.46 617.83 67.46 618.57 65.74 590.55 vehicle 0 0.902030 votes=1
53.44 491.17 55.19 508.29 46.02 509.22 44.28 492.11 vehicle 0 0.882119 votes=1
489.39 481.38 492.28 506.85 478.87 508.37 475.98 482.90 vehicle 0 0.776969 votes=1
102.79 511.29 103.16 485.88 112.67 486.02 112.30 511.43 vehicle 0 0.753787 votes=1
484.30 398.61 484.71 419.90 474.64 420.09 474.23 398.80 vehicle 0 0.605342 votes=1
