505.89 267.75 513.39 204.05 535.10 206.61 527.60 270.31 ship 0 0.998554 votes=1
430.41 215.57 489.84 215.72 489.78 238.99 430.35 238.84 ship 0 0.998331 votes=1
292.63 147.98 334.62 152.27 332.90 169.11 290.91 164.83 ship 0 0.998204 votes=1
550.86 31.50 550.91 73.37 534.92 73.39 534.87 31.52 ship 0 0.997301 votes=1
539.03 133.06 539.08 91.36 554.88 91.38 554.83 133.08 ship 0 0.993772 votes=1
644.30 59.80 655.70 22.24 668.67 26.17 657.27 63.73 ship 0 0.993233 votes=1
493.65 420.25 497.13 354.13 519.67 355.31 516.18 421.44 ship 0 0.985475 votes=1
629.17 57.71 637.55 21.13 652.43 24.54 644.06 61.12 ship 0 0.983623 votes=1
687.22 61.44 691.79 100.48 678.28 102.06 673.71 63.02 ship 0 0.982957 votes=1
657.98 61.01 663.89 100.35 649.41 102.53 643.50 63.18 ship 0 0.981662 votes=1
672.34 61.54 676.94 99.97 664.84 101.42 660.24 62.99 ship 0 0.968481 votes=1
424.77 177.00 727.88 161.91 738.69 379.09 435.58 394.18 harbor 0 0.953182 votes=1
676.75 258.73 676.78 227.31 687.05 227.32 687.01 258.74 ship 0 0.936686 votes=1
734.75 326.20 736.55 360.45 726.35 360.98 724.55 326.73 ship 0 0.922041 votes=1
395.23 102.92 466.26 95.79 469.18 124.83 398.14 131.96 ship 0 0.904005 votes=1
513.89 307.54 521.23 278.62 535.66 282.29 528.32 311.21 ship 0 0.837593 votes=1
454.22 3.00 727.69 13.45 721.95 163.66 448.48 153.21 harbor 0 0.761322 votes=1
658.02 286.43 658.42 226.27 674.89 226.38 674.48 286.54 ship 0 0.709431 votes=1
700.19 349.80 710.40 330.76 719.85 335.83 709.64 354.87 ship 0 0.667334 votes=1
474.28 403.48 477.62 361.94 489.70 362.91 486.36 404.45 ship 0 0.662362 votes=1
