549.73 204.86 650.01 207.82 647.07 307.31 546.79 304.34 storagetank 0 0.999158 votes=1
253.78 210.38 356.27 209.55 357.03 302.93 254.54 303.77 storagetank 0 0.999138 votes=1
474.72 24.32 580.21 24.32 580.21 124.71 474.72 124.71 storagetank 0 0.999123 votes=1
76.94 667.16 163.44 667.66 162.98 747.44 76.48 746.94 storagetank 0 0.999104 votes=1
75.85 218.82 162.33 217.80 163.26 296.79 76.78 297.80 storagetank 0 0.999068 votes=1
76.81 35.40 163.39 38.75 160.42 115.70 73.84 112.36 storagetank 0 0.999012 votes=1
318.42 478.82 401.80 481.32 399.45 559.68 316.07 557.18 storagetank 0 0.998998 votes=1
77.69 479.61 163.26 479.43 163.43 559.08 77.86 559.26 storagetank 0 0.998992 votes=1
264.10 665.99 349.09 667.56 347.56 750.46 262.57 748.89 storagetank 0 0.998894 votes=1
527.50 479.13 611.60 478.33 612.35 557.65 528.25 558.45 storagetank 0 0.998774 votes=1
510.95 660.71 615.05 659.55 616.08 751.62 511.98 752.78 storagetank 0 0.998733 votes=1
262.87 34.78 348.04 35.58 347.29 115.54 262.12 114.74 storagetank 0 0.998565 votes=1
