277.54 407.31 456.76 467.89 443.47 507.19 264.25 446.62 ship 0 0.999240 votes=1
296.71 662.00 379.65 707.49 365.26 733.72 282.32 688.23 ship 0 0.999168 votes=1
311.80 468.42 400.97 497.60 392.48 523.55 303.31 494.37 ship 0 0.999138 votes=1
94.26 42.70 208.31 105.87 183.30 151.02 69.25 87.85 ship 0 0.999122 votes=1
615.06 187.59 710.93 229.27 698.80 257.17 602.93 215.48 ship 0 0.999006 votes=1
716.08 379.30 794.60 434.46 776.58 460.12 698.06 404.96 ship 0 0.998885 votes=1
638.47 149.33 716.05 200.05 697.65 228.21 620.06 177.49 ship 0 0.998579 votes=1
572.19 700.37 636.58 760.62 617.78 780.71 553.39 720.46 ship 0 0.998356 votes=1
196.46 614.55 278.14 645.49 268.89 669.89 187.22 638.96 ship 0 0.998149 votes=1
641.58 346.84 675.49 385.69 659.01 400.08 625.09 361.23 ship 0 0.997462 votes=1
527.45 681.75 552.14 704.53 540.79 716.83 516.10 694.06 ship 0 0.995533 votes=1
681.64 349.52 699.17 375.76 685.02 385.21 667.50 358.96 ship 0 0.989934 votes=1
60.87 37.87 88.58 38.17 88.41 53.48 60.70 53.18 ship 0 0.963597 votes=1
564.11 129.03 592.01 142.18 587.71 151.31 559.81 138.17 ship 0 0.950939 votes=1
150.35 609.65 190.54 601.45 193.50 615.94 153.30 624.14 ship 0 0.823180 votes=1
535.02 679.43 567.24 691.36 563.35 701.86 531.13 689.93 ship 0 0.807925 votes=1
