440.68 130.39 443.62 74.01 464.54 75.10 461.61 131.48 vehicle 0 0.999377 votes=1
193.48 472.57 245.48 472.82 245.38 491.95 193.39 491.70 vehicle 0 0.999174 votes=1
91.54 428.32 143.56 430.61 142.52 454.17 90.50 451.88 vehicle 0 0.999167 votes=1
96.73 510.84 142.62 511.52 142.35 529.32 96.47 528.64 vehicle 0 0.998635 votes=1
717.39 450.86 776.80 452.88 775.98 477.08 716.57 475.06 vehicle 0 0.998466 votes=1
230.12 434.29 278.06 435.22 277.64 456.59 229.70 455.66 vehicle 0 0.998364 votes=1
255.66 513.73 311.23 515.87 310.35 538.59 254.78 536.45 vehicle 0 0.993315 votes=1
463.27 524.47 510.41 525.46 510.03 543.29 462.89 542.29 vehicle 0 0.988462 votes=1
146.70 771.94 147.87 718.46 169.38 718.93 168.22 772.41 vehicle 0 0.933184 votes=1
715.88 762.70 719.90 743.09 728.72 744.90 724.71 764.51 vehicle 0 0.797513 votes=1
