430.16 680.60 430.78 523.53 504.97 523.82 504.35 680.89 tenniscourt 0 0.999363 votes=1
95.22 271.33 98.13 112.06 172.18 113.42 169.26 272.69 tenniscourt 0 0.999284 votes=1
298.05 680.99 298.75 522.82 373.44 523.15 372.74 681.32 tenniscourt 0 0.999227 votes=1
433.29 274.30 434.12 115.74 508.82 116.13 507.99 274.70 tenniscourt 0 0.999217 votes=1
200.10 273.40 200.41 113.15 273.56 113.29 273.25 273.54 tenniscourt 0 0.999196 votes=1
633.27 681.48 634.76 526.73 709.66 527.45 708.16 682.20 tenniscourt 0 0.999175 votes=1
196.79 679.37 197.41 521.36 270.36 521.64 269.74 679.65 tenniscourt 0 0.999167 votes=1
536.22 274.67 538.48 114.41 611.99 115.45 609.74 275.71 tenniscourt 0 0.999160 votes=1
301.77 273.38 302.28 114.49 376.89 114.73 376.38 273.62 tenniscourt 0 0.999152 votes=1
93.33 678.58 94.31 520.88 168.60 521.35 167.62 679.04 tenniscourt 0 0.999142 votes=1
637.78 275.43 641.36 113.74 715.01 115.38 711.43 277.06 tenniscourt 0 0.999133 votes=1
531.95 681.69 532.86 524.71 606.64 525.13 605.73 682.11 tenniscourt 0 0.999073 votes=1
