376.94 547.26 405.06 547.46 404.99 557.06 376.87 556.86 vehicle 0 0.998533 votes=1
251.73 87.57 624.32 96.69 618.97 314.94 246.39 305.82 Expressway-Service-area 0 0.998387 votes=1
245.54 471.31 610.33 479.51 605.43 697.35 240.64 689.14 Expressway-Service-area 0 0.997745 votes=1
386.04 583.33 417.54 587.76 416.33 596.38 384.82 591.95 vehicle 0 0.997214 votes=1
448.89 210.64 482.33 216.34 480.67 226.06 447.23 220.36 vehicle 0 0.996889 votes=1
417.12 548.52 448.71 548.99 448.58 558.04 416.99 557.57 vehicle 0 0.996514 votes=1
485.10 289.84 532.86 291.32 532.54 301.68 484.77 300.21 vehicle 0 0.994058 votes=1
646.39 299.56 679.62 305.36 678.10 314.05 644.87 308.25 vehicle 0 0.989487 votes=1
74.34 304.89 114.48 298.47 116.01 308.05 75.87 314.48 vehicle 0 0.987594 votes=1
470.67 642.30 470.79 621.21 477.56 621.24 477.44 642.34 vehicle 0 0.680834 votes=1
