442.70 441.87 535.96 438.81 537.12 474.24 443.86 477.30 vehicle 0 0.999604 votes=1
211.17 462.03 304.20 463.80 303.52 499.74 210.49 497.98 vehicle 0 0.999596 votes=1
451.74 567.72 541.54 564.26 542.84 598.05 453.04 601.51 vehicle 0 0.999572 votes=1
446.93 170.62 537.03 165.92 538.76 199.17 448.66 203.86 vehicle 0 0.999539 votes=1
197.01 554.06 281.80 562.74 278.43 595.63 193.64 586.95 vehicle 0 0.999474 votes=1
462.01 624.47 558.21 625.48 557.83 661.43 461.63 660.43 vehicle 0 0.999469 votes=1
453.75 498.96 541.22 500.25 540.67 537.31 453.21 536.02 vehicle 0 0.999449 votes=1
190.22 606.81 265.93 611.02 264.02 645.41 188.31 641.20 vehicle 0 0.999372 votes=1
460.27 265.15 543.15 266.11 542.75 300.38 459.88 299.42 vehicle 0 0.999341 votes=1
228.74 406.36 311.12 407.31 310.76 438.59 228.38 437.65 vehicle 0 0.999304 votes=1
450.86 367.56 540.03 362.73 541.99 398.77 452.81 403.60 vehicle 0 0.999250 votes=1
