611.49 392.46 612.19 438.90 592.06 439.21 591.35 392.76 tenniscourt 0 0.998216 votes=1
494.05 231.59 496.65 650.52 204.48 652.33 201.88 233.40 stadium 0 0.997251 votes=1
590.46 502.88 590.52 455.18 611.61 455.20 611.55 502.90 tenniscourt 0 0.997010 votes=1
547.26 256.16 549.45 209.42 569.40 210.36 567.22 257.10 tenniscourt 0 0.996194 votes=1
650.35 398.96 651.85 447.65 631.18 448.29 629.68 399.60 tenniscourt 0 0.994837 votes=1
474.88 255.52 475.48 213.43 495.18 213.71 494.58 255.80 tenniscourt 0 0.994459 votes=1
655.88 470.28 657.55 519.78 635.07 520.54 633.40 471.04 tenniscourt 0 0.990905 votes=1
507.21 252.77 509.61 208.89 531.66 210.10 529.26 253.97 tenniscourt 0 0.990064 votes=1
642.51 330.88 647.61 376.18 624.61 378.76 619.52 333.47 tenniscourt 0 0.986092 votes=1
39.90 123.66 56.02 89.45 76.80 99.24 60.69 133.45 tenniscourt 0 0.982791 votes=1
92.64 156.47 113.24 119.24 131.27 129.22 110.67 166.45 tenniscourt 0 0.974611 votes=1
253.04 579.93 257.58 298.15 419.87 300.77 415.33 582.55 groundtrackfield 0 0.966894 votes=1
408.32 613.79 512.10 526.99 545.76 567.23 441.98 654.03 groundtrackfield 0 0.833241 votes=1
65.39 142.50 83.22 103.13 105.91 113.40 88.08 152.78 tenniscourt 0 0.622465 votes=1
416.46 252.14 416.86 226.27 431.67 226.49 431.27 252.37 tenniscourt 0 0.612843 votes=1
