563.90 770.52 566.52 718.64 585.03 719.57 582.41 771.46 vehicle 0 0.999364 votes=1
765.13 544.14 785.36 587.96 768.59 595.70 748.36 551.88 vehicle 0 0.999019 votes=1
765.84 691.82 786.68 728.54 771.38 737.23 750.53 700.51 vehicle 0 0.998921 votes=1
362.08 617.12 369.81 573.23 388.34 576.50 380.60 620.38 vehicle 0 0.998909 votes=1
444.84 624.03 455.40 579.17 474.32 583.62 463.76 628.48 vehicle 0 0.998778 votes=1
399.23 758.05 403.19 710.30 423.99 712.03 420.03 759.77 vehicle 0 0.998591 votes=1
145.48 603.55 146.03 555.23 164.50 555.44 163.95 603.76 vehicle 0 0.998000 votes=1
247.88 602.72 251.99 564.04 269.89 565.94 265.77 604.62 vehicle 0 0.997445 votes=1
170.56 599.39 175.00 555.86 192.45 557.64 188.01 601.17 vehicle 0 0.997302 votes=1
633.13 634.73 633.14 595.33 653.87 595.34 653.86 634.73 vehicle 0 0.996139 votes=1
163.30 729.16 166.20 691.87 184.09 693.26 181.19 730.55 vehicle 0 0.993190 votes=1
