241.76 189.08 295.24 209.55 288.29 227.72 234.81 207.25 ship 0 0.999095 votes=1
436.83 489.57 480.14 507.71 474.02 522.32 430.71 504.17 ship 0 0.999088 votes=1
233.63 212.22 288.46 233.44 281.64 251.07 226.80 229.86 ship 0 0.999060 votes=1
557.05 169.39 595.91 182.66 591.37 195.97 552.51 182.70 ship 0 0.999013 votes=1
537.09 223.02 577.81 236.59 573.24 250.30 532.52 236.72 ship 0 0.998973 votes=1
582.13 259.19 627.40 274.59 622.73 288.30 577.46 272.90 ship 0 0.998970 votes=1
175.34 384.27 233.34 402.48 227.51 421.05 169.51 402.84 ship 0 0.998968 votes=1
364.97 253.90 399.07 265.22 395.26 276.72 361.15 265.40 ship 0 0.998892 votes=1
477.27 385.89 516.77 399.49 512.09 413.10 472.58 399.51 ship 0 0.998863 votes=1
130.39 523.76 168.76 538.79 162.88 553.79 124.51 538.76 ship 0 0.998779 votes=1
541.23 204.44 584.91 220.56 579.99 233.90 536.31 217.78 ship 0 0.998747 votes=1
697.86 302.06 727.61 312.40 723.74 323.54 693.99 313.20 ship 0 0.998729 votes=1
500.79 494.01 539.72 510.00 534.06 523.77 495.13 507.78 ship 0 0.998673 votes=1
538.92 387.11 582.99 401.10 578.87 414.09 534.80 400.10 ship 0 0.998656 votes=1
153.83 445.68 204.39 463.94 198.29 480.81 147.74 462.55 ship 0 0.998605 votes=1
508.21 316.20 545.98 328.86 541.69 341.66 503.92 329.01 ship 0 0.998596 votes=1
672.85 362.77 705.53 374.84 701.58 385.53 668.90 373.46 ship 0 0.998588 votes=1
506.78 293.78 550.92 311.29 545.55 324.82 501.41 307.31 ship 0 0.998587 votes=1
324.72 131.91 340.62 77.43 357.14 82.25 341.25 136.73 ship 0 0.998580 votes=1
443.25 178.67 478.15 191.45 474.09 202.53 439.19 189.76 ship 0 0.998538 votes=1
578.22 278.71 618.37 289.56 614.26 304.76 574.12 293.91 ship 0 0.998532 votes=1
530.41 260.47 565.11 273.87 560.38 286.12 525.68 272.72 ship 0 0.998521 votes=1
715.27 237.93 750.53 249.17 746.81 260.83 711.55 249.59 ship 0 0.998512 votes=1
396.54 317.59 430.80 329.23 426.79 341.05 392.52 329.42 ship 0 0.998495 votes=1
428.09 533.88 467.83 543.69 464.43 557.45 424.69 547.63 ship 0 0.998482 votes=1
474.81 404.63 514.35 417.31 509.48 432.50 469.94 419.81 ship 0 0.998466 votes=1
197.12 322.04 244.46 338.04 239.65 352.29 192.31 336.29 ship 0 0.998440 votes=1
395.31 143.37 435.71 157.91 431.31 170.13 390.92 155.58 ship 0 0.998434 votes=1
485.36 365.67 524.74 379.97 519.45 394.57 480.06 380.27 ship 0 0.998390 votes=1
347.01 282.74 384.34 296.16 380.04 308.12 342.71 294.70 ship 0 0.998362 votes=1
142.58 469.31 183.01 480.90 179.14 494.41 138.71 482.81 ship 0 0.998333 votes=1
129.98 373.23 158.70 382.81 155.18 393.35 126.46 383.76 ship 0 0.998295 votes=1
685.10 333.24 717.63 344.81 713.37 356.79 680.84 345.21 ship 0 0.998291 votes=1
398.75 300.79 434.87 312.22 430.73 325.30 394.61 313.87 ship 0 0.998275 votes=1
164.10 270.39 194.68 280.43 190.93 291.84 160.35 281.80 ship 0 0.998250 votes=1
618.93 169.06 657.65 182.91 652.53 197.24 613.81 183.39 ship 0 0.998233 votes=1
384.76 348.00 424.73 361.36 420.27 374.70 380.30 361.34 ship 0 0.998226 votes=1
187.55 341.10 237.35 357.11 232.08 373.48 182.28 357.47 ship 0 0.998224 votes=1
598.14 562.33 634.26 574.92 629.87 587.51 593.75 574.93 ship 0 0.998194 votes=1
489.50 530.51 526.98 543.46 522.04 557.74 484.57 544.78 ship 0 0.998190 votes=1
621.39 517.26 653.18 528.82 649.07 540.12 617.28 528.55 ship 0 0.998181 votes=1
381.39 192.08 418.70 201.95 415.44 214.28 378.13 204.41 ship 0 0.998171 votes=1
389.35 332.29 427.22 346.89 422.41 359.35 384.54 344.75 ship 0 0.998157 votes=1
452.25 477.43 486.73 492.16 481.71 503.91 447.23 489.18 ship 0 0.998127 votes=1
599.86 203.55 643.73 219.58 638.27 234.52 594.40 218.49 ship 0 0.998120 votes=1
566.42 315.80 608.89 328.87 604.27 343.91 561.80 330.83 ship 0 0.998086 votes=1
361.24 271.17 391.42 281.04 387.72 292.37 357.54 282.50 ship 0 0.998050 votes=1
258.67 580.25 325.20 598.96 320.01 617.42 253.48 598.71 ship 0 0.998037 votes=1
253.01 149.79 297.13 165.53 291.91 180.15 247.79 164.42 ship 0 0.998003 votes=1
293.43 457.23 328.52 470.38 323.95 482.57 288.86 469.42 ship 0 0.997987 votes=1
369.72 237.93 403.58 247.72 399.99 260.13 366.14 250.34 ship 0 0.997950 votes=1
491.66 352.73 530.63 364.50 527.04 376.38 488.07 364.60 ship 0 0.997941 votes=1
312.86 411.11 347.50 422.72 343.69 434.07 309.06 422.46 ship 0 0.997895 votes=1
184.98 361.32 232.93 379.16 226.59 396.21 178.64 378.38 ship 0 0.997886 votes=1
415.92 566.99 457.02 581.55 452.05 595.61 410.94 581.05 ship 0 0.997876 votes=1
470.44 587.71 510.21 600.94 505.85 614.06 466.08 600.83 ship 0 0.997869 votes=1
738.72 317.17 774.39 326.23 770.86 340.16 735.18 331.10 ship 0 0.997859 votes=1
506.98 477.85 548.45 491.39 544.36 503.92 502.89 490.38 ship 0 0.997854 votes=1
648.24 421.87 683.32 436.17 679.08 446.56 644.00 432.26 ship 0 0.997850 votes=1
467.02 422.80 505.66 437.63 500.73 450.47 462.09 435.64 ship 0 0.997832 votes=1
318.93 375.87 354.49 391.45 348.87 404.30 313.30 388.72 ship 0 0.997796 votes=1
477.64 568.27 524.96 585.22 519.33 600.92 472.01 583.97 ship 0 0.997771 votes=1
192.13 183.40 222.99 192.16 219.80 203.40 188.94 194.65 ship 0 0.997741 votes=1
670.29 518.44 704.87 527.18 701.78 539.37 667.21 530.63 ship 0 0.997737 votes=1
549.23 186.30 589.66 198.89 585.31 212.87 544.88 200.29 ship 0 0.997711 votes=1
526.47 238.52 570.36 254.75 565.17 268.78 521.28 252.54 ship 0 0.997690 votes=1
420.07 550.98 459.25 559.90 456.29 572.89 417.12 563.97 ship 0 0.997675 votes=1
623.26 482.32 661.57 496.53 657.13 508.52 618.81 494.32 ship 0 0.997659 votes=1
178.56 228.47 208.58 237.63 205.09 249.10 175.07 239.94 ship 0 0.997638 votes=1
269.05 538.46 302.15 551.12 297.74 562.67 264.64 550.01 ship 0 0.997597 votes=1
622.13 497.34 658.49 512.87 653.13 525.40 616.77 509.88 ship 0 0.997578 votes=1
389.65 160.22 429.56 174.32 425.12 186.89 385.21 172.78 ship 0 0.997564 votes=1
202.07 299.68 256.67 314.07 252.86 328.51 198.26 314.11 ship 0 0.997559 votes=1
557.62 331.27 604.33 346.43 598.88 363.22 552.17 348.05 ship 0 0.997505 votes=1
708.21 410.26 742.18 422.37 738.28 433.31 704.31 421.21 ship 0 0.997486 votes=1
329.54 508.21 364.03 518.95 359.99 531.94 325.50 521.20 ship 0 0.997456 votes=1
416.70 253.20 453.94 263.87 450.30 276.59 413.05 265.92 ship 0 0.997437 votes=1
528.44 422.59 573.69 439.65 568.17 454.30 522.92 437.24 ship 0 0.997417 votes=1
378.25 365.78 409.73 372.50 407.27 383.99 375.79 377.26 ship 0 0.997326 votes=1
519.52 440.00 564.57 456.84 559.09 471.50 514.04 454.66 ship 0 0.997317 votes=1
439.33 516.27 471.68 526.05 468.55 536.40 436.20 526.62 ship 0 0.997295 votes=1
702.40 266.88 740.04 278.94 736.40 290.30 698.76 278.24 ship 0 0.997237 votes=1
752.18 284.13 786.72 297.42 782.16 309.25 747.63 295.95 ship 0 0.997216 votes=1
362.54 410.72 398.95 421.43 395.00 434.88 358.58 424.17 ship 0 0.997013 votes=1
159.54 286.10 186.03 295.06 182.82 304.54 156.33 295.58 ship 0 0.996941 votes=1
197.94 168.93 227.32 179.72 223.55 189.98 194.18 179.19 ship 0 0.996914 votes=1
410.04 115.20 445.56 126.43 441.79 138.37 406.27 127.14 ship 0 0.996905 votes=1
664.69 534.44 692.36 542.32 689.35 552.90 661.68 545.01 ship 0 0.996858 votes=1
105.94 445.64 133.25 456.90 128.68 467.98 101.37 456.71 ship 0 0.996768 votes=1
209.11 276.83 254.41 292.99 249.30 307.31 204.00 291.14 ship 0 0.996735 votes=1
683.18 470.79 720.89 483.48 715.99 498.04 678.28 485.34 ship 0 0.996726 votes=1
116.17 416.42 143.83 425.91 140.43 435.83 112.77 426.34 ship 0 0.996696 votes=1
315.03 553.54 347.06 564.33 343.19 575.81 311.16 565.02 ship 0 0.996631 votes=1
138.28 488.92 189.32 505.22 184.33 520.85 133.29 504.56 ship 0 0.996629 votes=1
185.50 199.18 216.70 206.55 214.24 216.94 183.04 209.56 ship 0 0.996627 votes=1
401.54 128.53 439.66 143.28 434.52 156.57 396.40 141.82 ship 0 0.996625 votes=1
462.07 116.94 494.88 128.55 491.00 139.50 458.20 127.88 ship 0 0.996565 votes=1
369.40 397.20 400.22 406.33 396.98 417.26 366.16 408.13 ship 0 0.996520 votes=1
409.62 99.55 448.86 110.39 445.26 123.40 406.03 112.57 ship 0 0.996495 votes=1
525.63 281.21 556.95 292.95 552.47 304.91 521.15 293.17 ship 0 0.996445 votes=1
307.67 428.11 340.22 437.43 336.61 450.05 304.06 440.73 ship 0 0.996424 votes=1
301.62 445.42 334.07 452.55 331.70 463.30 299.25 456.18 ship 0 0.996388 votes=1
592.29 596.46 625.81 605.75 622.24 618.64 588.71 609.35 ship 0 0.996356 votes=1
183.47 213.05 211.65 223.27 207.82 233.84 179.64 223.62 ship 0 0.996309 votes=1
600.43 580.97 628.57 590.34 625.23 600.36 597.09 590.98 ship 0 0.996293 votes=1
336.24 350.72 364.36 358.60 361.35 369.34 333.23 361.45 ship 0 0.996289 votes=1
454.92 440.28 500.15 453.20 496.21 467.00 450.98 454.08 ship 0 0.996231 votes=1
663.12 378.24 697.24 387.44 693.98 399.54 659.86 390.34 ship 0 0.996105 votes=1
347.45 319.23 374.86 327.96 371.71 337.83 344.31 329.10 ship 0 0.996073 votes=1
710.55 394.31 743.58 404.63 739.86 416.53 706.83 406.21 ship 0 0.995993 votes=1
544.81 368.94 585.56 381.86 581.15 395.78 540.40 382.86 ship 0 0.995991 votes=1
721.07 223.44 754.13 231.66 751.09 243.89 718.03 235.67 ship 0 0.995937 votes=1
405.87 283.70 442.01 298.39 437.06 310.59 400.91 295.90 ship 0 0.995933 votes=1
74.18 466.63 124.20 486.61 118.80 500.12 68.78 480.15 ship 0 0.995894 votes=1
375.01 223.67 410.02 234.04 406.69 245.28 371.68 234.92 ship 0 0.995862 votes=1
699.75 284.56 732.06 295.30 728.11 307.19 695.80 296.45 ship 0 0.995861 votes=1
202.77 137.38 234.06 149.14 230.14 159.56 198.85 147.80 ship 0 0.995832 votes=1
218.38 256.99 264.27 272.39 259.59 286.36 213.70 270.96 ship 0 0.995767 votes=1
732.60 333.33 763.92 344.37 760.11 355.20 728.78 344.17 ship 0 0.995760 votes=1
141.98 345.46 170.46 353.16 167.44 364.32 138.96 356.62 ship 0 0.995758 votes=1
137.02 133.46 163.01 141.10 159.90 151.68 133.91 144.03 ship 0 0.995674 votes=1
110.30 204.52 137.34 213.39 134.04 223.43 107.00 214.56 ship 0 0.995513 votes=1
423.59 222.43 457.59 232.40 453.95 244.79 419.96 234.82 ship 0 0.995500 votes=1
431.30 209.14 468.01 221.03 464.48 231.94 427.76 220.05 ship 0 0.995449 votes=1
647.73 438.76 679.84 450.37 675.33 462.85 643.21 451.25 ship 0 0.995410 votes=1
153.40 299.64 182.79 310.22 179.08 320.52 149.69 309.93 ship 0 0.995315 votes=1
588.84 240.91 629.10 254.04 624.17 269.13 583.92 256.00 ship 0 0.995222 votes=1
456.92 459.83 495.89 477.52 490.26 489.94 451.28 472.25 ship 0 0.995205 votes=1
570.47 297.23 613.19 311.31 608.76 324.76 566.04 310.68 ship 0 0.995177 votes=1
288.38 476.51 320.63 483.85 317.92 495.76 285.67 488.43 ship 0 0.995117 votes=1
350.84 442.23 388.22 454.41 384.00 467.38 346.62 455.20 ship 0 0.995040 votes=1
100.13 460.52 126.73 471.66 122.60 481.50 96.00 470.36 ship 0 0.995029 votes=1
421.35 241.43 453.70 247.72 451.67 258.18 419.31 251.89 ship 0 0.994835 votes=1
135.83 358.67 162.65 367.60 159.08 378.33 132.25 369.40 ship 0 0.994550 votes=1
27.36 363.71 41.64 338.51 51.25 343.96 36.97 369.15 ship 0 0.994410 votes=1
203.88 155.08 230.19 163.71 226.50 174.95 200.19 166.32 ship 0 0.994399 votes=1
447.81 164.38 479.56 173.41 476.21 185.19 444.46 176.16 ship 0 0.994385 votes=1
634.53 471.27 668.02 481.26 664.50 493.08 631.00 483.10 ship 0 0.994320 votes=1
103.17 227.92 129.51 238.85 125.49 248.54 99.15 237.61 ship 0 0.994138 votes=1
349.89 301.91 379.05 312.55 374.90 323.93 345.74 313.29 ship 0 0.993894 votes=1
493.79 513.34 533.23 529.20 528.22 541.67 488.77 525.81 ship 0 0.993607 votes=1
680.58 349.43 710.05 359.00 706.53 369.85 677.05 360.27 ship 0 0.993588 votes=1
122.87 170.18 150.84 179.39 147.21 190.41 119.24 181.20 ship 0 0.993579 votes=1
534.50 407.11 573.41 421.79 568.88 433.79 529.97 419.11 ship 0 0.993456 votes=1
696.48 440.23 733.11 452.37 729.49 463.31 692.85 451.17 ship 0 0.993395 votes=1
128.99 154.96 152.46 164.63 148.37 174.57 124.89 164.89 ship 0 0.993332 votes=1
676.41 501.18 707.01 511.72 703.48 521.96 672.89 511.42 ship 0 0.993155 votes=1
313.05 393.71 349.32 407.27 345.23 418.21 308.96 404.65 ship 0 0.993149 votes=1
61.12 336.17 86.57 346.01 82.47 356.62 57.02 346.77 ship 0 0.993135 votes=1
75.41 299.47 103.63 308.16 100.10 319.61 71.89 310.92 ship 0 0.992921 votes=1
390.65 177.97 421.56 186.97 418.43 197.71 387.52 188.70 ship 0 0.992903 votes=1
33.92 411.71 59.54 419.10 56.89 428.30 31.27 420.91 ship 0 0.992629 votes=1
640.10 595.04 674.75 606.13 670.12 620.60 635.47 609.51 ship 0 0.992497 votes=1
626.09 643.30 663.36 656.14 659.49 667.39 622.21 654.54 ship 0 0.992356 votes=1
92.54 251.24 121.45 262.66 117.24 273.30 88.34 261.88 ship 0 0.992333 votes=1
169.54 255.41 198.51 266.06 193.93 278.52 164.96 267.87 ship 0 0.992170 votes=1
68.06 323.06 91.52 333.19 87.58 342.31 64.13 332.18 ship 0 0.992109 votes=1
276.00 506.12 312.41 519.21 308.17 531.02 271.76 517.94 ship 0 0.992050 votes=1
340.62 478.40 372.79 485.92 369.92 498.22 337.75 490.69 ship 0 0.992024 votes=1
49.82 371.59 74.48 382.57 70.21 392.15 45.55 381.17 ship 0 0.991946 votes=1
581.25 628.55 610.55 638.14 607.22 648.32 577.91 638.73 ship 0 0.991885 votes=1
52.65 362.63 82.91 368.62 80.86 378.95 50.61 372.96 ship 0 0.991875 votes=1
653.10 563.83 689.74 577.16 685.58 588.58 648.94 575.25 ship 0 0.991745 votes=1
564.27 151.98 600.58 162.92 596.32 177.03 560.01 166.10 ship 0 0.990717 votes=1
275.21 523.46 304.99 533.83 300.75 546.02 270.97 535.65 ship 0 0.990419 votes=1
37.04 397.19 63.12 402.90 60.78 413.59 34.70 407.88 ship 0 0.990373 votes=1
690.72 455.43 723.08 467.04 718.65 479.37 686.30 467.76 ship 0 0.989796 votes=1
31.34 421.22 56.92 432.80 52.34 442.92 26.76 431.34 ship 0 0.989678 votes=1
687.90 316.26 720.67 328.44 716.10 340.72 683.33 328.54 ship 0 0.989627 votes=1
659.27 551.11 687.51 559.26 684.33 570.27 656.10 562.12 ship 0 0.989332 votes=1
634.00 626.79 663.79 637.35 659.19 650.33 629.40 639.77 ship 0 0.988533 votes=1
659.57 409.67 685.46 421.30 681.04 431.13 655.16 419.50 ship 0 0.988277 votes=1
152.19 316.79 177.92 322.57 175.55 333.14 149.82 327.36 ship 0 0.988013 votes=1
339.79 332.50 372.09 343.21 367.67 356.53 335.37 345.83 ship 0 0.987976 votes=1
619.97 534.46 644.98 543.81 640.41 556.05 615.40 546.70 ship 0 0.987598 votes=1
261.54 558.82 298.53 568.34 294.81 582.82 257.82 573.31 ship 0 0.987084 votes=1
382.53 208.66 416.76 219.15 412.95 231.59 378.72 221.10 ship 0 0.986287 votes=1
368.99 377.65 412.30 391.61 407.70 405.86 364.40 391.90 ship 0 0.985736 votes=1
335.90 492.38 366.71 502.70 362.70 514.68 331.88 504.36 ship 0 0.984881 votes=1
672.04 719.17 696.28 728.78 692.38 738.60 668.15 728.99 ship 0 0.984568 votes=1
122.05 399.85 151.43 411.93 146.49 423.95 117.10 411.87 ship 0 0.984490 votes=1
726.52 208.01 756.89 216.73 753.73 227.72 723.36 219.00 ship 0 0.983507 votes=1
308.62 576.01 342.66 588.14 337.62 602.30 303.58 590.17 ship 0 0.982777 votes=1
642.20 456.24 673.09 465.64 669.60 477.11 638.71 467.72 ship 0 0.982054 votes=1
83.85 495.19 210.84 113.62 306.33 145.40 179.34 526.97 harbor 0 0.979476 votes=1
410.41 586.05 574.89 114.51 666.73 146.54 502.25 618.09 harbor 0 0.972119 votes=1
575.09 648.19 733.20 173.19 814.49 200.25 656.38 675.25 harbor 0 0.962858 votes=1
257.31 569.48 417.72 87.22 499.52 114.43 339.11 596.69 harbor 0 0.960542 votes=1
486.58 667.55 772.91 753.61 765.01 779.87 478.69 693.81 harbor 0 0.865976 votes=1
7.62 425.88 129.47 89.96 177.32 107.32 55.48 443.24 harbor 0 0.732438 votes=1
