512.09 461.05 616.81 455.82 617.58 471.22 512.86 476.45 vehicle 0 0.998925 votes=1
467.02 377.70 478.96 361.14 486.86 366.84 474.92 383.39 vehicle 0 0.998420 votes=1
109.34 709.10 120.17 691.47 129.27 697.06 118.43 714.69 vehicle 0 0.998234 votes=1
663.50 112.71 677.94 92.09 686.79 98.30 672.35 118.91 vehicle 0 0.997252 votes=1
417.65 270.37 429.60 253.48 437.81 259.29 425.86 276.18 vehicle 0 0.996978 votes=1
189.17 565.34 207.20 542.15 216.66 549.51 198.64 572.70 vehicle 0 0.996780 votes=1
163.02 555.88 478.74 146.44 607.87 246.01 292.15 655.45 overpass 0 0.995832 votes=1
276.36 343.49 304.64 343.49 304.63 354.77 276.36 354.76 vehicle 0 0.995442 votes=1
241.33 371.36 261.76 369.72 262.47 378.53 242.04 380.16 vehicle 0 0.992737 votes=1
8.99 349.61 32.79 350.14 32.60 358.72 8.80 358.19 vehicle 0 0.992093 votes=1
531.95 262.22 543.12 247.81 550.62 253.61 539.45 268.03 vehicle 0 0.978716 votes=1
737.86 332.04 760.16 332.46 759.97 342.63 737.67 342.21 vehicle 0 0.966823 votes=1
