429.01 301.62 462.71 302.29 462.42 316.69 428.72 316.01 windmill 0 0.958306 votes=1
282.54 376.07 308.03 376.65 307.70 390.81 282.22 390.23 windmill 0 0.942186 votes=1
459.93 399.73 484.41 400.33 484.03 415.69 459.55 415.09 windmill 0 0.934968 votes=1
288.54 488.27 322.29 488.01 322.41 503.72 288.66 503.98 windmill 0 0.918831 votes=1
173.88 477.24 198.05 477.60 197.79 495.22 173.61 494.86 windmill 0 0.915843 votes=1
660.73 322.72 685.36 322.42 685.54 337.43 660.92 337.73 windmill 0 0.903762 votes=1
101.70 654.23 126.33 654.98 125.81 672.11 101.17 671.36 windmill 0 0.863611 votes=1
100.97 542.49 122.46 542.94 122.14 558.01 100.65 557.56 windmill 0 0.857079 votes=1
243.88 554.41 268.86 555.13 268.34 573.03 243.36 572.31 windmill 0 0.674593 votes=1
312.27 271.98 328.30 272.29 328.02 287.03 311.99 286.72 windmill 0 0.649098 votes=1
