425.16 591.26 469.74 596.58 468.47 607.24 423.89 601.92 vehicle 0 0.997775 votes=1
-14.45 385.19 433.39 10.56 591.89 200.04 144.05 574.67 Expressway-Service-area 0 0.997458 votes=1
229.10 599.56 674.68 270.81 817.94 464.99 372.37 793.74 Expressway-Service-area 0 0.996781 votes=1
315.49 257.44 362.83 268.43 360.63 277.92 313.29 266.93 vehicle 0 0.991949 votes=1
473.05 483.86 510.85 481.56 511.46 491.51 473.66 493.82 vehicle 0 0.991333 votes=1
470.48 558.97 510.52 557.62 510.82 566.56 470.78 567.90 vehicle 0 0.988219 votes=1
291.09 439.03 315.56 419.01 320.53 425.10 296.06 445.12 vehicle 0 0.987942 votes=1
439.64 509.52 467.96 517.77 465.75 525.37 437.43 517.12 vehicle 0 0.987336 votes=1
247.47 482.23 297.77 554.33 287.16 561.73 236.86 489.63 overpass 0 0.986911 votes=1
517.22 525.18 544.48 536.51 541.86 542.81 514.60 531.48 vehicle 0 0.984934 votes=1
425.67 250.98 474.50 246.62 475.39 256.54 426.55 260.90 vehicle 0 0.984618 votes=1
83.65 698.15 115.50 678.11 120.43 685.94 88.58 705.98 vehicle 0 0.983545 votes=1
398.34 275.82 435.47 279.11 434.76 287.14 397.63 283.85 vehicle 0 0.972789 votes=1
351.86 238.55 388.50 247.84 386.42 256.02 349.78 246.72 vehicle 0 0.968067 votes=1
496.38 540.64 524.01 544.49 523.02 551.58 495.39 547.73 vehicle 0 0.928662 votes=1
669.29 494.23 672.10 461.71 680.88 462.47 678.07 494.99 vehicle 0 0.914066 votes=1
