717.42 27.05 722.39 774.46 335.68 777.03 330.71 29.62 groundtrackfield 0 0.998833 votes=1
203.48 423.40 205.39 317.91 254.69 318.80 252.78 424.30 tenniscourt 0 0.998725 votes=1
198.54 488.88 199.13 593.51 157.71 593.74 157.12 489.11 tenniscourt 0 0.998380 votes=1
255.38 489.42 255.99 592.44 206.67 592.73 206.07 489.71 tenniscourt 0 0.997924 votes=1
150.91 489.69 151.76 593.28 102.50 593.68 101.65 490.09 tenniscourt 0 0.997848 votes=1
182.45 319.90 183.27 423.78 135.51 424.15 134.68 320.28 tenniscourt 0 0.997788 votes=1
294.02 658.59 294.74 761.87 245.93 762.22 245.21 658.93 tenniscourt 0 0.997787 votes=1
110.36 321.41 112.61 423.95 64.53 425.00 62.27 322.47 tenniscourt 0 0.997617 votes=1
152.24 658.86 153.17 762.79 104.26 763.23 103.33 659.29 tenniscourt 0 0.996765 votes=1
223.13 658.46 224.12 762.57 175.26 763.03 174.27 658.93 tenniscourt 0 0.995490 votes=1
