219.27 645.22 243.78 635.43 247.53 644.82 223.02 654.61 vehicle 0 0.998953 votes=1
711.74 764.07 724.08 780.62 716.84 786.02 704.50 769.46 vehicle 0 0.998042 votes=1
670.20 303.95 676.89 321.67 668.44 324.86 661.75 307.14 vehicle 0 0.997029 votes=1
565.88 141.95 575.33 160.90 567.31 164.90 557.86 145.95 vehicle 0 0.995037 votes=1
647.93 778.73 659.97 794.47 653.65 799.31 641.61 783.57 vehicle 0 0.993574 votes=1
758.93 732.63 769.25 748.29 762.15 752.97 751.83 737.30 vehicle 0 0.992914 votes=1
776.84 169.40 777.00 148.73 786.17 148.80 786.01 169.47 vehicle 0 0.992903 votes=1
751.30 440.38 762.01 458.18 754.35 462.80 743.64 444.99 vehicle 0 0.992075 votes=1
732.35 752.68 740.69 768.37 733.49 772.20 725.14 756.50 vehicle 0 0.989321 votes=1
606.06 35.09 623.46 30.67 625.67 39.42 608.27 43.83 vehicle 0 0.978243 votes=1
664.90 49.52 683.14 49.73 683.04 58.05 664.81 57.84 vehicle 0 0.971303 votes=1
616.19 82.43 634.64 79.06 636.11 87.10 617.66 90.47 vehicle 0 0.966210 votes=1
734.49 265.72 752.82 267.09 752.28 274.20 733.96 272.82 vehicle 0 0.916475 votes=1
785.69 224.82 785.92 205.34 794.70 205.44 794.47 224.92 vehicle 0 0.906800 votes=1
