529.16 91.82 535.40 57.62 550.49 60.38 544.25 94.57 vehicle 0 0.997026 votes=1
597.10 81.07 607.24 53.36 618.88 57.62 608.74 85.33 vehicle 0 0.996491 votes=1
650.90 72.26 664.23 36.17 678.53 41.45 665.21 77.54 vehicle 0 0.990664 votes=1
506.66 91.75 513.92 60.36 527.47 63.49 520.21 94.88 vehicle 0 0.989175 votes=1
685.72 75.17 687.80 41.32 702.41 42.21 700.33 76.06 vehicle 0 0.987417 votes=1
447.58 707.21 447.83 733.75 433.71 733.88 433.46 707.34 vehicle 0 0.983860 votes=1
400.09 44.54 544.45 749.71 420.11 775.16 275.74 70.00 overpass 0 0.950448 votes=1
487.28 95.21 496.30 65.59 507.51 69.00 498.50 98.62 vehicle 0 0.935178 votes=1
468.35 91.67 478.12 65.21 491.41 70.12 481.65 96.58 vehicle 0 0.895838 votes=1
745.97 4.35 783.20 16.79 778.49 30.87 741.26 18.44 vehicle 0 0.831461 votes=1
