655.98 539.52 656.43 490.39 672.74 490.54 672.29 539.67 ship 0 0.999363 votes=1
201.13 561.02 201.57 599.07 187.37 599.23 186.93 561.18 ship 0 0.999319 votes=1
117.74 391.96 118.38 430.03 103.90 430.28 103.26 392.20 ship 0 0.999260 votes=1
286.68 238.36 286.87 278.74 271.45 278.82 271.26 238.43 ship 0 0.999226 votes=1
189.76 172.26 190.34 220.65 175.06 220.83 174.48 172.45 ship 0 0.999139 votes=1
212.35 710.81 213.23 664.65 229.37 664.96 228.49 711.12 ship 0 0.999103 votes=1
164.14 668.98 164.19 710.31 149.67 710.33 149.63 668.99 ship 0 0.999072 votes=1
428.45 709.78 429.49 667.09 444.27 667.45 443.22 710.14 ship 0 0.999050 votes=1
259.34 333.36 259.52 372.28 246.78 372.34 246.60 333.41 ship 0 0.999010 votes=1
234.86 776.95 235.19 726.43 250.43 726.53 250.10 777.05 ship 0 0.999010 votes=1
164.29 371.35 164.45 332.55 177.51 332.61 177.34 371.40 ship 0 0.999004 votes=1
183.92 669.43 184.47 709.46 171.02 709.65 170.48 669.61 ship 0 0.998982 votes=1
158.47 332.87 159.00 372.23 146.22 372.40 145.69 333.04 ship 0 0.998952 votes=1
594.46 662.96 595.12 704.38 579.75 704.63 579.09 663.21 ship 0 0.998917 votes=1
133.28 236.58 133.99 278.77 118.85 279.02 118.14 236.83 ship 0 0.998898 votes=1
446.02 330.66 446.13 371.12 431.62 371.16 431.51 330.70 ship 0 0.998897 votes=1
492.47 369.98 492.50 326.11 507.13 326.13 507.10 369.99 ship 0 0.998889 votes=1
170.16 237.60 170.92 277.07 156.85 277.34 156.10 237.87 ship 0 0.998872 votes=1
392.08 371.84 392.64 333.37 406.04 333.57 405.48 372.04 ship 0 0.998838 votes=1
648.86 217.69 649.12 174.58 664.45 174.67 664.19 217.78 ship 0 0.998835 votes=1
615.32 369.54 615.61 327.07 631.51 327.18 631.22 369.65 ship 0 0.998812 votes=1
631.10 554.58 631.23 598.43 616.80 598.48 616.66 554.63 ship 0 0.998810 votes=1
599.68 772.61 600.42 725.86 617.19 726.12 616.45 772.87 ship 0 0.998798 votes=1
380.25 728.61 380.49 781.96 364.09 782.03 363.85 728.69 ship 0 0.998791 votes=1
160.83 555.87 161.07 605.38 144.63 605.46 144.39 555.95 ship 0 0.998790 votes=1
147.91 72.22 148.34 34.87 160.94 35.02 160.51 72.37 ship 0 0.998790 votes=1
515.39 370.93 515.63 331.50 528.92 331.57 528.68 371.01 ship 0 0.998752 votes=1
180.07 389.43 180.50 435.83 165.07 435.98 164.63 389.58 ship 0 0.998745 votes=1
235.02 711.37 235.83 655.71 251.63 655.94 250.82 711.60 ship 0 0.998732 votes=1
662.56 74.93 662.88 36.11 675.89 36.22 675.57 75.04 ship 0 0.998725 votes=1
177.34 37.23 177.65 72.21 165.14 72.32 164.82 37.34 ship 0 0.998701 votes=1
122.07 660.85 122.27 712.04 104.71 712.11 104.52 660.92 ship 0 0.998654 votes=1
116.28 335.54 116.32 373.09 103.62 373.11 103.58 335.56 ship 0 0.998612 votes=1
345.40 275.96 345.63 237.36 360.74 237.45 360.51 276.05 ship 0 0.998593 votes=1
166.02 725.57 166.46 777.66 149.69 777.80 149.25 725.71 ship 0 0.998586 votes=1
343.76 331.05 343.92 370.68 329.29 370.73 329.13 331.11 ship 0 0.998526 votes=1
343.37 385.33 343.76 431.14 328.47 431.27 328.08 385.46 ship 0 0.998523 votes=1
280.26 555.27 280.48 595.70 266.14 595.78 265.92 555.34 ship 0 0.998512 votes=1
67.72 543.30 67.96 509.40 79.17 509.48 78.93 543.38 ship 0 0.998502 votes=1
137.87 389.71 138.42 436.31 123.67 436.48 123.13 389.88 ship 0 0.998484 votes=1
95.88 673.77 96.78 711.89 83.86 712.20 82.96 674.07 ship 0 0.998465 votes=1
471.50 709.15 471.51 659.16 488.49 659.16 488.48 709.15 ship 0 0.998459 votes=1
242.64 384.79 242.96 431.58 227.81 431.68 227.49 384.89 ship 0 0.998453 votes=1
97.83 389.78 97.86 431.24 83.83 431.25 83.80 389.79 ship 0 0.998444 votes=1
126.08 710.83 126.76 668.28 141.20 668.50 140.52 711.06 ship 0 0.998423 votes=1
521.65 38.30 521.99 73.80 510.09 73.91 509.75 38.42 ship 0 0.998421 votes=1
137.71 338.42 138.01 373.33 125.52 373.44 125.22 338.52 ship 0 0.998392 votes=1
625.34 238.03 625.48 277.20 611.19 277.25 611.04 238.08 ship 0 0.998385 votes=1
646.03 72.90 646.11 37.18 658.70 37.21 658.61 72.93 ship 0 0.998350 votes=1
98.77 556.56 99.26 596.84 85.95 597.00 85.46 556.72 ship 0 0.998343 votes=1
230.25 85.48 230.62 124.68 216.98 124.81 216.60 85.61 ship 0 0.998302 votes=1
150.58 237.78 150.80 276.30 137.73 276.38 137.51 237.85 ship 0 0.998293 votes=1
347.51 427.01 347.92 388.73 361.44 388.87 361.04 427.16 ship 0 0.998279 votes=1
371.73 126.80 371.84 93.79 383.98 93.83 383.86 126.85 ship 0 0.998273 votes=1
624.20 32.72 624.26 73.40 610.41 73.42 610.35 32.74 ship 0 0.998271 votes=1
615.43 539.13 615.74 491.22 631.65 491.32 631.35 539.23 ship 0 0.998267 votes=1
690.86 555.66 691.32 591.43 678.13 591.60 677.67 555.83 ship 0 0.998245 votes=1
418.89 84.57 419.16 120.12 406.25 120.21 405.98 84.67 ship 0 0.998222 votes=1
327.08 221.54 328.23 175.76 342.54 176.12 341.39 221.90 ship 0 0.998168 votes=1
359.19 723.04 359.30 775.41 341.47 775.45 341.36 723.08 ship 0 0.998164 votes=1
359.42 179.77 359.61 216.74 346.89 216.81 346.70 179.83 ship 0 0.998162 votes=1
194.59 37.98 194.71 70.92 183.00 70.96 182.88 38.03 ship 0 0.998125 votes=1
514.24 427.37 514.37 384.60 527.59 384.64 527.46 427.41 ship 0 0.998125 votes=1
99.60 220.35 99.60 178.39 113.26 178.39 113.26 220.36 ship 0 0.998107 votes=1
508.43 725.45 508.58 774.82 492.28 774.87 492.12 725.50 ship 0 0.998106 votes=1
194.57 90.86 194.61 125.88 182.92 125.90 182.88 90.87 ship 0 0.998083 votes=1
446.61 389.06 446.82 435.05 431.13 435.13 430.91 389.13 ship 0 0.998078 votes=1
422.68 74.14 422.79 38.48 435.68 38.52 435.56 74.18 ship 0 0.998075 votes=1
159.72 390.61 159.75 440.07 143.93 440.09 143.90 390.62 ship 0 0.998072 votes=1
628.05 67.86 628.22 32.06 641.41 32.13 641.23 67.92 ship 0 0.998070 votes=1
574.59 723.40 574.94 778.93 558.14 779.04 557.80 723.50 ship 0 0.998067 votes=1
429.13 778.09 429.17 725.31 444.84 725.32 444.80 778.10 ship 0 0.998048 votes=1
682.36 181.64 682.52 224.04 668.56 224.09 668.39 181.69 ship 0 0.997995 votes=1
186.04 724.63 186.09 765.69 172.24 765.71 172.19 724.65 ship 0 0.997993 votes=1
176.06 277.27 176.17 234.28 189.84 234.31 189.73 277.30 ship 0 0.997950 votes=1
186.60 430.66 186.78 386.83 201.06 386.88 200.88 430.72 ship 0 0.997937 votes=1
587.02 177.66 587.12 215.88 573.71 215.91 573.62 177.69 ship 0 0.997934 votes=1
117.57 217.06 117.81 177.46 132.54 177.55 132.30 217.15 ship 0 0.997912 votes=1
199.74 125.63 199.75 91.73 211.82 91.73 211.81 125.63 ship 0 0.997900 votes=1
423.52 120.87 424.03 85.36 436.02 85.54 435.52 121.05 ship 0 0.997883 votes=1
137.28 214.41 137.31 176.95 151.12 176.96 151.10 214.42 ship 0 0.997867 votes=1
611.92 116.83 612.05 84.13 623.72 84.18 623.59 116.87 ship 0 0.997773 votes=1
535.98 214.70 536.07 178.75 549.02 178.78 548.93 214.73 ship 0 0.997750 votes=1
165.52 124.98 165.58 90.13 178.13 90.15 178.07 125.00 ship 0 0.997747 votes=1
199.63 70.67 199.80 41.23 211.38 41.30 211.22 70.74 ship 0 0.997720 votes=1
460.24 217.43 460.43 182.18 472.12 182.24 471.94 217.49 ship 0 0.997675 votes=1
297.66 88.31 297.83 119.43 286.57 119.49 286.40 88.37 ship 0 0.997668 votes=1
288.49 217.49 289.68 171.21 304.89 171.60 303.70 217.88 ship 0 0.997654 votes=1
368.15 370.36 368.84 334.53 382.17 334.79 381.49 370.62 ship 0 0.997628 votes=1
530.51 230.98 530.56 275.01 516.13 275.03 516.08 231.00 ship 0 0.997626 votes=1
208.21 727.43 208.26 775.24 192.14 775.26 192.09 727.45 ship 0 0.997621 votes=1
267.88 72.42 268.13 34.06 280.82 34.14 280.57 72.50 ship 0 0.997544 votes=1
78.83 75.36 79.53 34.95 92.88 35.19 92.18 75.59 ship 0 0.997534 votes=1
281.75 87.26 281.88 126.38 267.97 126.43 267.84 87.31 ship 0 0.997533 votes=1
629.62 212.87 629.63 176.21 643.05 176.21 643.04 212.87 ship 0 0.997531 votes=1
710.65 670.23 711.12 765.24 686.19 765.36 685.72 670.36 ship 0 0.997505 votes=1
92.00 85.95 92.34 125.12 78.41 125.24 78.06 86.07 ship 0 0.997357 votes=1
439.72 73.35 439.90 35.67 453.51 35.74 453.33 73.42 ship 0 0.997327 votes=1
675.12 83.24 675.66 114.01 664.16 114.21 663.62 83.45 ship 0 0.997266 votes=1
437.11 177.38 437.62 219.14 423.58 219.31 423.07 177.55 ship 0 0.997237 votes=1
308.39 218.72 308.71 179.04 322.65 179.15 322.33 218.83 ship 0 0.997225 votes=1
208.71 237.71 208.82 274.41 195.89 274.44 195.78 237.75 ship 0 0.997204 votes=1
284.28 180.25 284.46 218.59 270.19 218.65 270.02 180.31 ship 0 0.997131 votes=1
650.87 271.15 651.39 232.06 663.76 232.22 663.25 271.32 ship 0 0.997020 votes=1
452.24 86.51 452.95 119.26 441.17 119.52 440.46 86.77 ship 0 0.996977 votes=1
527.44 183.20 528.90 216.85 516.59 217.38 515.14 183.73 ship 0 0.996958 votes=1
143.53 88.51 143.79 124.79 131.51 124.88 131.25 88.60 ship 0 0.996691 votes=1
332.64 38.28 332.78 73.22 319.25 73.27 319.11 38.33 ship 0 0.996678 votes=1
356.65 68.00 356.83 37.22 368.04 37.28 367.86 68.06 ship 0 0.996620 votes=1
331.94 88.36 332.42 124.91 320.17 125.07 319.68 88.52 ship 0 0.996521 votes=1
66.47 373.03 66.90 336.55 78.44 336.69 78.00 373.17 ship 0 0.996397 votes=1
233.02 220.62 233.09 179.60 247.11 179.62 247.04 220.64 ship 0 0.996289 votes=1
457.41 120.00 457.45 85.04 469.77 85.05 469.73 120.01 ship 0 0.996268 votes=1
660.13 724.90 660.89 775.59 645.42 775.83 644.66 725.13 ship 0 0.996211 votes=1
465.90 385.37 466.64 421.06 455.18 421.29 454.45 385.61 ship 0 0.996182 votes=1
236.16 71.47 236.45 41.69 247.11 41.79 246.83 71.57 ship 0 0.996067 votes=1
486.81 41.35 486.92 73.89 475.82 73.92 475.72 41.38 ship 0 0.996019 votes=1
372.03 75.77 372.14 37.24 385.01 37.28 384.91 75.81 ship 0 0.995954 votes=1
147.94 126.23 147.94 85.81 161.39 85.81 161.39 126.23 ship 0 0.995951 votes=1
230.96 370.49 231.60 337.94 242.07 338.15 241.43 370.69 ship 0 0.995902 votes=1
401.80 86.54 402.34 122.39 389.05 122.59 388.51 86.74 ship 0 0.995889 votes=1
673.72 417.49 675.14 341.39 696.81 341.80 695.39 417.89 ship 0 0.995403 votes=1
521.59 84.36 521.86 124.14 509.04 124.22 508.77 84.45 ship 0 0.995328 votes=1
569.53 86.52 570.07 114.24 560.59 114.42 560.06 86.70 ship 0 0.994852 votes=1
99.70 74.53 101.88 43.09 112.49 43.83 110.32 75.26 ship 0 0.994475 votes=1
537.57 41.56 537.86 73.64 526.39 73.74 526.10 41.67 ship 0 0.994207 votes=1
186.75 544.25 186.78 515.12 197.81 515.13 197.78 544.26 ship 0 0.993696 votes=1
658.92 87.72 659.08 124.84 646.75 124.89 646.59 87.77 ship 0 0.993594 votes=1
127.04 776.02 127.43 726.75 143.86 726.88 143.47 776.15 ship 0 0.993195 votes=1
564.04 184.07 565.36 213.36 553.92 213.88 552.59 184.58 ship 0 0.988297 votes=1
109.86 86.99 110.36 121.79 96.62 121.98 96.12 87.19 ship 0 0.988088 votes=1
417.65 190.36 418.71 217.09 409.13 217.46 408.08 190.73 ship 0 0.987707 votes=1
455.69 190.32 456.46 215.20 447.10 215.49 446.33 190.61 ship 0 0.987701 votes=1
142.88 38.98 143.25 75.23 130.26 75.37 129.89 39.11 ship 0 0.987194 votes=1
537.81 87.05 538.48 119.38 527.71 119.60 527.04 87.28 ship 0 0.983030 votes=1
66.78 71.51 67.14 44.90 75.84 45.01 75.48 71.63 ship 0 0.979505 votes=1
50.04 497.57 681.96 492.91 682.72 596.59 50.81 601.25 harbor 0 0.978898 votes=1
57.17 333.41 678.94 326.67 680.04 427.64 58.26 434.38 harbor 0 0.976843 votes=1
56.49 180.28 665.10 178.55 665.37 273.67 56.76 275.40 harbor 0 0.972744 votes=1
71.05 666.60 698.07 662.52 698.79 771.96 71.76 776.03 harbor 0 0.972366 votes=1
77.89 389.36 78.23 443.25 64.99 443.33 64.66 389.45 ship 0 0.969484 votes=1
262.56 89.27 263.45 121.14 250.15 121.52 249.26 89.64 ship 0 0.959179 votes=1
80.69 222.20 83.12 186.81 95.72 187.67 93.29 223.07 ship 0 0.956395 votes=1
57.38 36.79 677.62 35.71 677.76 119.33 57.52 120.41 harbor 0 0.953553 votes=1
364.09 84.93 364.40 113.41 353.22 113.53 352.92 85.05 ship 0 0.933654 votes=1
349.55 49.92 350.02 71.32 340.16 71.53 339.69 50.13 ship 0 0.890208 votes=1
