267.45 191.79 267.92 145.59 292.25 145.84 291.77 192.04 tenniscourt 0 0.998877 votes=1
67.34 642.14 71.01 281.16 359.88 284.09 356.22 645.07 stadium 0 0.998807 votes=1
258.46 143.29 259.05 192.17 235.00 192.46 234.41 143.58 tenniscourt 0 0.998760 votes=1
150.58 188.53 150.75 145.40 172.41 145.49 172.23 188.62 tenniscourt 0 0.998535 votes=1
117.66 189.67 117.68 141.97 141.73 141.98 141.70 189.68 tenniscourt 0 0.998514 votes=1
183.15 189.29 183.39 143.99 205.78 144.11 205.53 189.41 tenniscourt 0 0.998421 votes=1
465.99 217.65 466.29 162.51 494.82 162.67 494.52 217.80 tenniscourt 0 0.997778 votes=1
500.02 218.47 500.19 164.51 524.65 164.59 524.49 218.54 tenniscourt 0 0.997447 votes=1
562.00 219.45 562.02 165.89 588.42 165.90 588.41 219.46 tenniscourt 0 0.996318 votes=1
556.10 165.68 556.51 219.11 530.40 219.31 529.98 165.88 tenniscourt 0 0.995737 votes=1
401.17 205.32 401.46 155.08 425.52 155.22 425.24 205.45 tenniscourt 0 0.994934 votes=1
431.44 206.02 432.05 154.17 457.15 154.46 456.54 206.31 tenniscourt 0 0.994934 votes=1
369.55 204.96 369.69 151.75 393.82 151.81 393.67 205.02 tenniscourt 0 0.993906 votes=1
362.96 146.67 363.10 206.29 337.09 206.35 336.96 146.73 tenniscourt 0 0.988374 votes=1
