719.92 167.91 757.93 168.50 757.70 183.17 719.69 182.58 vehicle 0 0.999217 votes=1
460.45 205.77 490.27 227.17 481.62 239.22 451.80 217.82 vehicle 0 0.998711 votes=1
733.03 512.25 772.56 513.14 772.23 527.68 732.70 526.79 vehicle 0 0.998349 votes=1
165.42 211.66 206.41 211.84 206.35 225.62 165.36 225.43 vehicle 0 0.998137 votes=1
690.67 31.92 692.55 63.23 678.14 64.10 676.26 32.78 vehicle 0 0.997916 votes=1
100.29 170.01 134.78 169.45 135.04 185.52 100.55 186.08 vehicle 0 0.997583 votes=1
672.93 27.43 675.52 67.84 656.59 69.06 654.00 28.64 vehicle 0 0.996634 votes=1
566.59 43.84 603.17 62.89 596.66 75.41 560.07 56.36 vehicle 0 0.988195 votes=1
737.59 557.30 774.68 558.86 774.14 571.66 737.05 570.10 vehicle 0 0.979685 votes=1
694.00 85.04 727.58 102.34 722.07 113.04 688.49 95.74 vehicle 0 0.973954 votes=1
173.23 125.66 182.27 96.11 202.97 102.44 193.93 131.99 vehicle 0 0.844396 votes=1
693.06 742.26 728.47 761.14 719.69 777.59 684.29 758.71 vehicle 0 0.800422 votes=1
403.64 706.16 404.80 729.20 393.00 729.80 391.84 706.75 vehicle 0 0.746997 votes=1
