185.49 401.55 255.19 477.66 229.65 501.04 159.95 424.93 ship 0 0.999168 votes=1
315.03 722.27 396.29 647.20 420.64 673.55 339.38 748.63 ship 0 0.998709 votes=1
540.56 448.41 626.82 536.23 603.38 559.25 517.12 471.44 ship 0 0.998587 votes=1
234.02 506.32 304.81 583.91 280.13 606.42 209.34 528.83 ship 0 0.998162 votes=1
261.25 662.94 328.35 610.12 345.49 631.88 278.39 684.71 ship 0 0.997811 votes=1
205.58 526.06 277.27 614.15 250.97 635.55 179.28 547.47 ship 0 0.997747 votes=1
576.73 324.00 623.82 378.04 605.62 393.90 558.53 339.86 ship 0 0.997639 votes=1
548.69 346.55 599.72 404.43 580.25 421.59 529.22 363.71 ship 0 0.997580 votes=1
522.68 480.42 595.31 564.25 568.58 587.41 495.96 503.58 ship 0 0.997229 votes=1
226.89 397.28 281.10 455.89 265.31 470.50 211.10 411.89 ship 0 0.993306 votes=1
653.42 660.81 689.54 626.78 701.29 639.27 665.18 673.29 ship 0 0.971790 votes=1
573.17 620.59 612.08 587.25 624.53 601.77 585.62 635.12 ship 0 0.950538 votes=1
99.66 740.83 100.39 707.76 115.17 708.09 114.44 741.16 ship 0 0.854559 votes=1
335.58 388.52 430.43 715.91 253.29 767.23 158.45 439.84 harbor 0 0.796340 votes=1
649.76 343.83 744.77 694.66 564.39 743.51 469.39 392.67 harbor 0 0.707855 votes=1
648.72 647.22 664.34 633.30 668.94 638.46 653.32 652.37 ship 0 0.624403 votes=1
