481.91 137.38 501.37 187.08 485.64 193.24 466.18 143.54 ship 0 0.998821 votes=1
377.72 204.00 396.46 252.94 379.50 259.44 360.76 210.49 ship 0 0.998695 votes=1
374.73 275.61 391.97 319.72 378.09 325.15 360.84 281.04 ship 0 0.998587 votes=1
484.04 223.80 507.77 274.31 491.66 281.88 467.94 231.36 ship 0 0.998563 votes=1
336.29 289.61 354.50 341.72 336.99 347.84 318.78 295.73 ship 0 0.998480 votes=1
248.59 264.95 262.35 305.60 249.80 309.85 236.03 269.20 ship 0 0.998470 votes=1
307.40 228.07 329.03 279.68 313.66 286.13 292.03 234.51 ship 0 0.998432 votes=1
261.16 476.13 280.11 517.62 267.36 523.44 248.41 481.95 ship 0 0.998414 votes=1
455.34 151.20 478.36 216.38 462.42 222.01 439.40 156.83 ship 0 0.998406 votes=1
354.97 213.94 372.15 259.87 357.36 265.40 340.17 219.47 ship 0 0.998392 votes=1
542.92 354.81 581.16 444.52 560.77 453.21 522.54 363.50 ship 0 0.998357 votes=1
366.73 434.25 381.98 468.42 369.62 473.94 354.37 439.77 ship 0 0.998217 votes=1
143.15 306.19 162.16 350.79 147.70 356.95 128.69 312.35 ship 0 0.998212 votes=1
230.87 275.89 245.55 317.11 230.54 322.46 215.86 281.23 ship 0 0.998177 votes=1
371.02 493.18 383.77 539.40 366.80 544.08 354.05 497.86 ship 0 0.998169 votes=1
277.41 465.05 298.39 505.31 286.27 511.63 265.29 471.37 ship 0 0.997955 votes=1
464.63 233.38 485.99 280.19 468.28 288.27 446.92 241.46 ship 0 0.997925 votes=1
428.72 404.53 444.28 447.94 430.11 453.03 414.54 409.62 ship 0 0.997869 votes=1
354.29 281.26 375.03 323.04 359.95 330.52 339.22 288.75 ship 0 0.997810 votes=1
222.96 493.50 239.62 536.27 226.23 541.49 209.57 498.72 ship 0 0.997694 votes=1
177.30 522.12 202.86 512.85 206.73 523.54 181.17 532.80 ship 0 0.997619 votes=1
444.62 245.58 462.28 284.74 447.28 291.50 429.63 252.34 ship 0 0.997570 votes=1
167.25 299.28 182.00 344.91 166.54 349.90 151.79 304.28 ship 0 0.997546 votes=1
326.13 447.17 341.78 490.07 327.73 495.20 312.08 452.29 ship 0 0.997526 votes=1
436.61 169.85 457.10 223.82 440.69 230.05 420.19 176.08 ship 0 0.997516 votes=1
290.26 310.92 307.73 350.91 295.25 356.36 277.78 316.37 ship 0 0.997456 votes=1
539.84 132.01 559.52 176.88 545.76 182.91 526.08 138.05 ship 0 0.997405 votes=1
244.75 544.36 268.05 601.80 251.68 608.44 228.38 551.00 ship 0 0.997318 votes=1
206.40 284.65 222.11 322.97 208.32 328.62 192.61 290.30 ship 0 0.997304 votes=1
487.70 392.09 500.07 426.48 487.70 430.92 475.33 396.53 ship 0 0.997296 votes=1
724.27 56.82 768.21 72.17 762.63 88.15 718.69 72.80 ship 0 0.997121 votes=1
229.15 332.45 247.60 383.01 230.57 389.22 212.12 338.67 ship 0 0.997085 votes=1
451.08 409.56 463.00 442.41 451.33 446.64 439.41 413.79 ship 0 0.997075 votes=1
285.49 530.66 301.62 572.15 287.99 577.45 271.86 535.96 ship 0 0.996965 votes=1
663.52 182.23 741.22 208.57 733.51 231.31 655.81 204.96 ship 0 0.996774 votes=1
451.83 463.03 467.71 500.73 455.85 505.72 439.98 468.02 ship 0 0.996549 votes=1
407.79 410.92 426.12 457.35 411.90 462.97 393.57 416.53 ship 0 0.996430 votes=1
306.10 450.76 323.94 500.15 307.80 505.98 289.96 456.59 ship 0 0.996408 votes=1
241.19 475.73 260.19 526.17 243.76 532.36 224.75 481.92 ship 0 0.996375 votes=1
272.17 254.22 285.59 290.74 272.22 295.65 258.80 259.14 ship 0 0.996203 votes=1
486.35 444.51 496.78 477.42 486.58 480.65 476.15 447.74 ship 0 0.996038 votes=1
505.09 436.32 516.77 465.61 505.89 469.94 494.21 440.66 ship 0 0.995995 votes=1
117.05 384.06 142.77 372.87 147.30 383.28 121.58 394.47 ship 0 0.995975 votes=1
433.30 473.13 447.33 510.89 434.22 515.76 420.19 478.00 ship 0 0.995908 votes=1
87.12 313.03 113.21 301.40 117.44 310.88 91.35 322.51 ship 0 0.995742 votes=1
520.61 367.46 532.59 405.56 520.00 409.52 508.03 371.41 ship 0 0.995481 votes=1
420.96 255.80 434.95 291.50 422.37 296.43 408.38 260.73 ship 0 0.994788 votes=1
677.43 224.94 717.13 235.58 712.76 251.87 673.06 241.23 ship 0 0.994494 votes=1
170.51 506.21 195.51 495.50 200.03 506.04 175.02 516.75 ship 0 0.994494 votes=1
79.04 300.84 105.07 288.20 109.75 297.83 83.72 310.48 ship 0 0.993679 votes=1
264.24 537.73 281.86 583.41 268.01 588.75 250.39 543.07 ship 0 0.993602 votes=1
464.35 404.68 477.45 433.37 468.77 437.34 455.66 408.65 ship 0 0.993213 votes=1
206.64 350.02 220.23 384.43 208.73 388.97 195.15 354.56 ship 0 0.992921 votes=1
329.54 512.24 345.96 552.22 332.60 557.71 316.18 517.73 ship 0 0.992693 votes=1
180.79 535.72 208.37 526.44 211.94 537.05 184.36 546.33 ship 0 0.992575 votes=1
520.63 428.20 531.32 462.62 520.82 465.89 510.12 431.46 ship 0 0.992382 votes=1
469.41 448.49 482.25 482.57 469.66 487.32 456.81 453.24 ship 0 0.992376 votes=1
250.14 328.05 262.72 367.12 249.20 371.47 236.62 332.40 ship 0 0.992364 votes=1
516.09 128.27 534.46 187.77 517.05 193.15 498.68 133.65 ship 0 0.992175 votes=1
414.86 476.31 426.04 515.05 413.18 518.76 402.01 480.02 ship 0 0.992131 votes=1
147.01 138.33 177.78 137.18 178.19 148.24 147.42 149.40 ship 0 0.992092 votes=1
400.18 194.87 415.04 242.71 398.31 247.90 383.46 200.06 ship 0 0.991959 votes=1
545.74 208.30 567.58 260.19 549.16 267.94 527.32 216.05 ship 0 0.991744 votes=1
391.35 485.33 408.28 521.92 393.44 528.79 376.51 492.19 ship 0 0.989879 votes=1
98.87 331.99 120.23 322.11 124.07 330.41 102.70 340.29 ship 0 0.989482 votes=1
109.72 366.47 133.83 355.47 137.78 364.13 113.68 375.13 ship 0 0.988128 votes=1
347.62 502.39 363.12 543.71 349.91 548.66 334.41 507.35 ship 0 0.987851 votes=1
120.37 177.59 153.45 176.70 153.81 189.84 120.72 190.74 ship 0 0.987808 votes=1
271.24 319.76 284.08 364.13 269.95 368.22 257.11 323.85 ship 0 0.987503 votes=1
349.10 459.09 357.60 482.02 347.31 485.83 338.81 462.90 ship 0 0.987246 votes=1
191.48 444.40 199.29 462.78 192.10 465.83 184.29 447.46 ship 0 0.987157 votes=1
101.54 344.50 125.33 335.18 128.74 343.86 104.94 353.18 ship 0 0.986243 votes=1
161.10 488.17 186.31 475.39 191.04 484.72 165.83 497.50 ship 0 0.984199 votes=1
142.16 440.95 167.00 431.96 170.04 440.37 145.20 449.36 ship 0 0.982900 votes=1
554.46 131.82 568.20 155.43 558.67 160.98 544.93 137.37 ship 0 0.982811 votes=1
74.90 276.82 96.33 267.74 99.53 275.29 78.10 284.37 ship 0 0.982463 votes=1
188.84 508.73 522.30 359.25 567.20 459.40 233.74 608.89 harbor 0 0.982177 votes=1
128.87 410.62 154.09 398.85 158.49 408.27 133.27 420.04 ship 0 0.981116 votes=1
186.97 353.49 204.94 393.36 193.00 398.74 175.03 358.87 ship 0 0.978558 votes=1
81.57 287.77 100.60 279.46 104.06 287.39 85.04 295.70 ship 0 0.977567 votes=1
191.31 557.21 216.05 546.65 219.53 554.80 194.79 565.36 ship 0 0.974555 votes=1
153.47 468.15 179.45 455.76 183.89 465.07 157.91 477.46 ship 0 0.973258 votes=1
102.30 355.44 128.99 343.67 133.17 353.14 106.48 364.92 ship 0 0.971353 votes=1
546.89 433.53 558.75 462.15 548.60 466.35 536.74 437.74 ship 0 0.968466 votes=1
134.03 196.46 165.57 197.90 165.16 206.91 133.62 205.47 ship 0 0.956404 votes=1
137.73 421.61 160.23 412.64 163.87 421.79 141.38 430.75 ship 0 0.938747 votes=1
295.38 257.60 309.47 290.07 298.34 294.90 284.25 262.43 ship 0 0.937241 votes=1
191.02 295.76 202.29 333.20 190.36 336.79 179.09 299.35 ship 0 0.931099 votes=1
94.85 317.82 592.62 104.52 644.58 225.76 146.81 439.07 harbor 0 0.920239 votes=1
154.14 457.43 175.84 450.67 178.39 458.85 156.69 465.62 ship 0 0.904443 votes=1
135.02 24.18 157.90 26.58 157.05 34.71 134.17 32.31 ship 0 0.904045 votes=1
138.15 431.71 163.29 419.64 167.26 427.89 142.12 439.96 ship 0 0.902378 votes=1
186.34 547.28 210.06 534.20 214.84 542.87 191.12 555.94 ship 0 0.882103 votes=1
135.68 5.72 236.64 13.40 234.67 39.36 133.71 31.68 ship 0 0.862645 votes=1
94.87 122.02 299.92 121.62 299.95 140.29 94.91 140.70 harbor 0 0.849558 votes=1
70.41 266.56 93.74 258.96 96.44 267.26 73.12 274.86 ship 0 0.847092 votes=1
63.75 256.11 87.55 247.04 90.52 254.84 66.72 263.91 ship 0 0.822205 votes=1
782.57 80.36 804.14 94.97 797.45 104.85 775.88 90.24 ship 0 0.721813 votes=1
