253.47 410.61 253.65 484.28 227.50 484.34 227.32 410.67 ship 0 0.999481 votes=1
332.59 565.95 332.73 503.22 354.03 503.27 353.89 566.00 ship 0 0.999421 votes=1
488.09 419.29 489.63 480.34 468.63 480.87 467.09 419.82 ship 0 0.999392 votes=1
770.12 402.96 770.99 487.37 740.65 487.68 739.78 403.28 ship 0 0.999326 votes=1
501.74 187.24 502.10 243.58 480.59 243.72 480.23 187.38 ship 0 0.999313 votes=1
528.07 423.55 529.17 477.08 510.25 477.46 509.15 423.94 ship 0 0.999210 votes=1
597.03 404.76 598.08 479.13 573.34 479.48 572.29 405.11 ship 0 0.999207 votes=1
398.93 565.45 399.41 506.25 419.89 506.42 419.41 565.62 ship 0 0.999138 votes=1
715.50 467.09 715.96 413.18 735.84 413.35 735.37 467.26 ship 0 0.999000 votes=1
462.66 507.45 463.67 559.17 444.70 559.54 443.69 507.82 ship 0 0.998953 votes=1
543.37 99.57 543.84 149.31 527.41 149.46 526.94 99.72 ship 0 0.998845 votes=1
349.23 421.13 350.10 483.35 329.82 483.63 328.95 421.42 ship 0 0.998824 votes=1
339.56 100.00 340.23 131.23 325.71 131.54 325.04 100.31 ship 0 0.998767 votes=1
737.60 493.83 737.80 548.89 718.62 548.96 718.41 493.90 ship 0 0.998757 votes=1
460.32 428.95 461.89 482.62 441.34 483.22 439.76 429.55 ship 0 0.998737 votes=1
285.77 504.50 287.08 569.14 264.53 569.60 263.23 504.95 ship 0 0.998003 votes=1
399.88 142.22 401.23 96.83 418.68 97.34 417.34 142.73 ship 0 0.997730 votes=1
85.74 103.45 562.11 90.96 566.10 243.10 89.73 255.59 harbor 0 0.993829 votes=1
492.78 92.75 493.46 133.36 477.51 133.63 476.82 93.02 ship 0 0.982187 votes=1
105.78 427.75 748.90 410.16 752.88 555.71 109.76 573.30 harbor 0 0.966245 votes=1
151.65 134.26 151.75 99.58 167.10 99.62 167.00 134.31 ship 0 0.955641 votes=1
