56.46 433.76 117.50 428.10 119.27 447.16 58.23 452.83 ship 0 0.999447 votes=1
293.16 540.16 293.48 478.77 312.83 478.87 312.51 540.26 ship 0 0.999429 votes=1
53.98 91.09 117.76 89.16 118.33 107.95 54.54 109.89 ship 0 0.999380 votes=1
440.86 304.48 440.94 384.00 420.25 384.02 420.16 304.50 ship 0 0.999376 votes=1
278.50 763.18 279.49 696.63 299.38 696.93 298.39 763.48 ship 0 0.999370 votes=1
272.71 554.34 272.91 619.25 254.23 619.31 254.03 554.40 ship 0 0.999312 votes=1
268.58 301.46 269.43 365.95 248.16 366.23 247.31 301.74 ship 0 0.999271 votes=1
281.44 614.91 281.95 554.77 300.34 554.93 299.83 615.07 ship 0 0.999235 votes=1
56.97 206.73 119.27 204.61 119.85 221.58 57.55 223.71 ship 0 0.999218 votes=1
63.15 407.26 118.93 405.55 119.50 423.88 63.71 425.60 ship 0 0.999207 votes=1
57.44 318.85 119.24 316.13 120.10 335.64 58.30 338.36 ship 0 0.999182 votes=1
36.02 28.82 129.82 29.66 129.63 51.70 35.82 50.86 ship 0 0.999138 votes=1
174.86 114.75 175.90 52.62 193.09 52.90 192.06 115.04 ship 0 0.999133 votes=1
429.55 175.95 430.04 123.42 447.43 123.59 446.94 176.11 ship 0 0.999116 votes=1
151.03 115.76 151.14 60.44 170.04 60.48 169.93 115.80 ship 0 0.999114 votes=1
474.04 236.81 474.39 288.10 456.89 288.22 456.54 236.93 ship 0 0.999103 votes=1
46.15 61.65 111.67 59.08 112.44 78.81 46.92 81.37 ship 0 0.999049 votes=1
354.89 555.72 355.29 613.43 335.32 613.57 334.91 555.85 ship 0 0.999044 votes=1
434.35 536.61 437.29 451.16 460.59 451.97 457.65 537.41 ship 0 0.999006 votes=1
188.15 407.05 190.35 302.11 212.31 302.57 210.10 407.51 ship 0 0.998990 votes=1
234.72 542.41 234.79 471.31 256.17 471.33 256.10 542.43 ship 0 0.998960 votes=1
464.46 637.00 465.25 552.66 486.14 552.86 485.35 637.19 ship 0 0.998945 votes=1
487.28 471.31 487.32 542.28 467.80 542.29 467.76 471.32 ship 0 0.998929 votes=1
149.73 230.11 149.82 285.09 132.88 285.11 132.79 230.13 ship 0 0.998922 votes=1
364.02 113.44 364.76 67.27 381.14 67.53 380.41 113.70 ship 0 0.998905 votes=1
58.52 348.93 118.78 349.12 118.72 367.98 58.46 367.79 ship 0 0.998899 votes=1
144.99 537.86 145.01 475.73 164.90 475.73 164.88 537.86 ship 0 0.998875 votes=1
197.13 476.64 199.54 540.90 177.90 541.71 175.49 477.45 ship 0 0.998852 votes=1
337.27 62.62 338.23 113.85 320.83 114.18 319.87 62.94 ship 0 0.998831 votes=1
395.54 465.62 395.62 538.83 377.06 538.85 376.98 465.64 ship 0 0.998829 votes=1
55.26 122.72 117.99 122.82 117.96 141.85 55.23 141.75 ship 0 0.998826 votes=1
230.01 611.56 231.95 556.75 248.53 557.34 246.60 612.15 ship 0 0.998807 votes=1
336.76 366.02 337.74 298.11 356.40 298.37 355.43 366.29 ship 0 0.998782 votes=1
297.59 303.23 297.97 377.67 275.95 377.78 275.57 303.35 ship 0 0.998771 votes=1
343.53 114.19 344.83 67.34 361.22 67.79 359.93 114.64 ship 0 0.998517 votes=1
247.26 715.66 247.54 760.15 232.53 760.25 232.26 715.75 ship 0 0.998503 votes=1
430.97 558.74 431.01 620.99 412.33 621.00 412.29 558.75 ship 0 0.998470 votes=1
213.36 716.05 213.72 763.35 196.73 763.47 196.37 716.18 ship 0 0.998323 votes=1
56.84 461.06 120.98 461.90 120.74 480.67 56.59 479.83 ship 0 0.998275 votes=1
315.79 176.77 315.85 128.60 333.07 128.63 333.00 176.79 ship 0 0.998221 votes=1
423.24 126.19 423.56 180.46 406.79 180.57 406.47 126.29 ship 0 0.998171 votes=1
148.88 428.16 148.91 472.99 134.08 473.00 134.06 428.17 ship 0 0.998020 votes=1
286.60 136.29 287.38 181.34 269.39 181.66 268.61 136.60 ship 0 0.997873 votes=1
175.86 615.79 176.54 558.50 194.36 558.71 193.69 616.00 ship 0 0.997642 votes=1
385.16 299.93 385.55 378.21 365.03 378.31 364.64 300.04 ship 0 0.997564 votes=1
41.45 501.47 77.28 502.67 76.83 516.31 41.00 515.12 ship 0 0.997331 votes=1
316.75 56.60 317.81 115.02 301.14 115.33 300.08 56.91 ship 0 0.997227 votes=1
403.05 709.71 404.48 759.89 388.89 760.33 387.46 710.15 ship 0 0.996895 votes=1
397.10 355.57 397.62 302.10 415.24 302.26 414.73 355.74 ship 0 0.996525 votes=1
225.92 282.75 227.70 238.35 241.84 238.92 240.06 283.31 ship 0 0.996409 votes=1
333.38 760.54 333.94 699.04 353.88 699.22 353.33 760.72 ship 0 0.996265 votes=1
85.71 508.02 118.96 510.78 118.00 522.34 84.75 519.58 ship 0 0.996246 votes=1
196.02 129.82 196.61 182.92 178.60 183.12 178.01 130.02 ship 0 0.996135 votes=1
528.83 551.80 529.40 609.27 497.93 609.58 497.36 552.11 ship 0 0.995665 votes=1
388.51 616.10 388.79 554.74 405.73 554.82 405.45 616.18 ship 0 0.994632 votes=1
250.41 62.93 251.86 111.03 238.42 111.44 236.97 63.34 ship 0 0.994628 votes=1
88.66 484.51 119.49 485.76 119.06 496.15 88.24 494.89 ship 0 0.994297 votes=1
52.08 483.73 78.54 483.83 78.49 495.66 52.03 495.56 ship 0 0.994010 votes=1
278.03 112.65 278.97 71.77 295.25 72.14 294.32 113.02 ship 0 0.993025 votes=1
241.82 773.63 275.29 773.32 275.40 785.29 241.93 785.60 ship 0 0.991937 votes=1
294.65 773.76 320.94 772.18 321.66 784.16 295.37 785.73 ship 0 0.991823 votes=1
131.72 472.85 510.29 474.69 509.58 622.23 131.00 620.39 harbor 0 0.975539 votes=1
114.65 243.47 503.54 242.11 503.99 371.01 115.10 372.37 harbor 0 0.940120 votes=1
509.67 240.02 510.26 350.04 485.31 350.18 484.72 240.15 ship 0 0.926235 votes=1
120.00 715.19 408.74 712.05 409.44 775.97 120.69 779.12 harbor 0 0.923295 votes=1
108.60 71.21 451.38 72.91 450.88 173.71 108.10 172.01 harbor 0 0.889549 votes=1
