766.15 166.07 766.80 244.18 734.56 244.44 733.91 166.34 vehicle 0 0.999596 votes=1
447.45 215.55 448.99 146.03 477.50 146.66 475.96 216.19 vehicle 0 0.999595 votes=1
640.48 696.94 641.94 625.34 672.25 625.96 670.79 697.56 vehicle 0 0.999593 votes=1
504.60 637.45 504.65 703.09 476.81 703.11 476.75 637.47 vehicle 0 0.999590 votes=1
544.55 634.60 544.79 704.53 516.54 704.63 516.29 634.70 vehicle 0 0.999576 votes=1
368.65 214.31 370.37 144.98 399.32 145.69 397.59 215.03 vehicle 0 0.999557 votes=1
405.51 420.80 405.83 350.90 433.64 351.03 433.31 420.93 vehicle 0 0.999522 votes=1
489.31 409.39 490.02 348.79 516.16 349.10 515.44 409.70 vehicle 0 0.999462 votes=1
690.74 164.30 694.09 86.12 722.64 87.35 719.29 165.52 vehicle 0 0.999442 votes=1
788.30 439.75 788.78 508.46 762.01 508.65 761.53 439.94 vehicle 0 0.999418 votes=1
722.48 540.23 772.59 608.31 747.30 626.92 697.20 558.84 vehicle 0 0.999351 votes=1
435.10 426.44 435.59 493.87 406.75 494.08 406.26 426.65 vehicle 0 0.998992 votes=1
494.62 145.60 494.77 76.77 523.04 76.83 522.89 145.66 vehicle 0 0.998953 votes=1
