267.35 386.53 270.24 436.78 252.63 437.79 249.75 387.54 ship 0 0.999269 votes=1
564.70 385.60 565.29 442.74 544.42 442.96 543.83 385.82 ship 0 0.999051 votes=1
359.31 408.70 444.25 416.18 441.83 443.72 356.89 436.25 ship 0 0.999024 votes=1
341.89 402.85 346.29 437.57 331.10 439.50 326.69 404.78 ship 0 0.998192 votes=1
326.36 513.98 542.37 521.53 538.71 626.39 322.70 618.85 harbor 0 0.951877 votes=1
148.28 239.12 578.65 234.96 579.30 302.97 148.94 307.13 harbor 0 0.936773 votes=1
493.16 307.63 493.49 267.26 512.80 267.42 512.47 307.79 ship 0 0.909159 votes=1
177.73 391.92 580.57 396.30 579.87 460.57 177.03 456.19 harbor 0 0.877297 votes=1
466.04 306.83 466.36 261.20 484.75 261.33 484.43 306.96 ship 0 0.814098 votes=1
213.27 437.53 220.45 386.39 237.41 388.77 230.23 439.91 ship 0 0.732945 votes=1
