64.15 75.10 772.60 174.54 740.30 404.65 31.84 305.21 Expressway-Service-area 0 0.996851 votes=1
1.10 352.89 764.56 463.97 732.35 685.36 -31.11 574.28 Expressway-Service-area 0 0.995745 votes=1
523.69 387.17 543.06 392.01 541.90 396.64 522.53 391.79 vehicle 0 0.984229 votes=1
150.90 423.29 169.16 436.61 166.21 440.66 147.95 427.34 vehicle 0 0.978667 votes=1
219.63 465.33 237.37 475.65 234.83 480.02 217.09 469.70 vehicle 0 0.972019 votes=1
300.96 489.43 323.73 494.76 322.33 500.74 299.55 495.40 vehicle 0 0.970228 votes=1
397.58 479.15 416.79 483.30 415.74 488.17 396.53 484.02 vehicle 0 0.952145 votes=1
260.04 440.81 283.34 444.26 282.53 449.73 259.23 446.28 vehicle 0 0.948216 votes=1
324.08 470.24 351.36 472.88 350.84 478.21 323.56 475.57 vehicle 0 0.946234 votes=1
363.71 458.69 386.75 462.54 385.84 467.98 362.80 464.14 vehicle 0 0.924720 votes=1
247.44 499.29 268.84 502.57 267.92 508.59 246.51 505.31 vehicle 0 0.924331 votes=1
452.41 497.73 475.66 500.86 474.91 506.39 451.66 503.26 vehicle 0 0.918171 votes=1
255.23 473.45 283.68 479.91 282.58 484.77 254.13 478.31 vehicle 0 0.905311 votes=1
333.66 493.61 353.46 496.96 352.44 503.01 332.64 499.67 vehicle 0 0.896086 votes=1
465.14 330.52 487.57 332.99 486.95 338.63 464.52 336.16 vehicle 0 0.893082 votes=1
171.00 362.14 189.56 364.99 188.75 370.28 170.19 367.43 vehicle 0 0.872607 votes=1
298.31 463.43 317.52 465.38 316.94 471.13 297.72 469.18 vehicle 0 0.859735 votes=1
370.62 325.91 394.86 327.83 394.31 334.80 370.07 332.88 vehicle 0 0.775532 votes=1
