555.28 211.52 578.58 155.29 595.02 162.11 571.72 218.33 ship 0 0.998906 votes=1
99.25 331.25 138.90 319.86 142.49 332.38 102.84 343.76 ship 0 0.997764 votes=1
139.14 578.93 167.82 573.17 170.02 584.09 141.33 589.85 ship 0 0.997558 votes=1
181.68 518.57 192.92 554.19 181.07 557.93 169.83 522.31 ship 0 0.997397 votes=1
664.86 194.95 665.30 163.32 676.65 163.48 676.20 195.11 ship 0 0.997297 votes=1
206.80 209.45 241.24 180.40 251.91 193.06 217.48 222.11 ship 0 0.997223 votes=1
56.34 256.35 88.91 265.34 85.30 278.44 52.73 269.44 ship 0 0.996645 votes=1
570.10 467.10 605.41 468.89 604.86 479.75 569.55 477.96 ship 0 0.996470 votes=1
694.48 197.21 698.35 152.58 711.99 153.77 708.12 198.39 ship 0 0.996398 votes=1
644.10 201.66 644.80 170.34 655.88 170.58 655.19 201.90 ship 0 0.995333 votes=1
634.50 160.65 634.96 126.17 646.78 126.33 646.32 160.81 ship 0 0.994400 votes=1
677.75 196.17 681.49 161.15 693.01 162.38 689.27 197.40 ship 0 0.993430 votes=1
536.00 610.36 603.73 597.11 606.15 609.46 538.42 622.72 ship 0 0.993309 votes=1
619.94 173.12 620.00 200.17 609.62 200.20 609.56 173.14 ship 0 0.992585 votes=1
601.88 134.03 628.94 139.85 626.78 149.86 599.72 144.03 ship 0 0.991649 votes=1
511.57 469.27 554.56 467.69 555.06 481.24 512.07 482.82 ship 0 0.990872 votes=1
599.33 113.94 631.42 122.89 628.69 132.69 596.59 123.74 ship 0 0.990422 votes=1
710.28 199.40 714.44 161.57 727.07 162.96 722.91 200.79 ship 0 0.989922 votes=1
141.02 525.46 164.70 512.34 169.75 521.47 146.07 534.58 ship 0 0.988876 votes=1
627.57 196.83 628.47 173.64 637.92 174.01 637.01 197.20 ship 0 0.985919 votes=1
522.02 431.66 632.06 433.41 631.64 460.04 521.59 458.30 ship 0 0.985450 votes=1
606.02 707.67 615.13 762.37 598.39 765.16 589.28 710.46 ship 0 0.984817 votes=1
555.89 406.56 626.49 397.24 629.22 417.93 558.62 427.25 ship 0 0.982990 votes=1
135.39 535.79 144.14 559.55 135.80 562.62 127.06 538.86 ship 0 0.982593 votes=1
599.88 150.27 626.46 150.91 626.25 159.75 599.66 159.11 ship 0 0.981908 votes=1
513.81 429.32 520.99 455.95 511.37 458.54 504.19 431.92 ship 0 0.975640 votes=1
587.22 779.64 624.02 770.86 626.79 782.45 589.99 791.23 ship 0 0.974158 votes=1
542.86 633.03 581.41 629.17 582.75 642.52 544.20 646.39 ship 0 0.968305 votes=1
188.28 606.52 199.10 718.45 114.51 726.63 103.70 614.70 harbor 0 0.963013 votes=1
42.56 451.52 127.65 405.68 149.33 445.92 64.24 491.76 harbor 0 0.959921 votes=1
82.95 555.77 168.23 518.21 188.93 565.20 103.65 602.77 harbor 0 0.958835 votes=1
96.43 153.27 132.39 204.56 109.07 220.91 73.10 169.63 harbor 0 0.937012 votes=1
664.73 217.94 685.82 218.23 685.69 227.41 664.60 227.12 ship 0 0.906220 votes=1
-7.88 349.32 134.02 300.24 144.65 330.99 2.75 380.07 harbor 0 0.885614 votes=1
518.72 402.44 559.70 401.92 559.97 423.52 518.99 424.04 ship 0 0.866546 votes=1
189.95 96.96 256.22 190.68 225.90 212.11 159.63 118.40 harbor 0 0.850533 votes=1
-4.47 237.56 117.33 234.09 118.32 268.99 -3.48 272.45 harbor 0 0.825999 votes=1
277.59 36.53 315.63 84.51 296.24 99.88 258.20 51.90 harbor 0 0.808495 votes=1
539.24 621.93 628.77 604.55 633.80 630.41 544.26 647.80 harbor 0 0.756008 votes=1
587.13 782.73 587.82 706.31 659.71 706.96 659.02 783.38 harbor 0 0.743443 votes=1
593.36 131.47 740.71 151.35 732.79 210.05 585.44 190.16 harbor 0 0.738270 votes=1
508.01 403.39 656.37 402.48 656.82 475.90 508.46 476.81 harbor 0 0.710937 votes=1
