109.67 339.94 191.47 341.69 189.93 413.60 108.13 411.85 storagetank 0 0.999118 votes=1
289.40 589.97 371.46 592.88 368.73 670.11 286.67 667.20 storagetank 0 0.999019 votes=1
204.50 669.66 296.52 672.16 294.16 758.93 202.15 756.43 storagetank 0 0.998936 votes=1
169.04 268.81 248.91 269.77 248.03 343.33 168.15 342.37 storagetank 0 0.998655 votes=1
432.72 182.46 493.99 189.26 487.76 245.33 426.49 238.52 storagetank 0 0.998611 votes=1
379.58 303.19 380.74 244.72 438.70 245.87 437.54 304.34 storagetank 0 0.998554 votes=1
354.61 520.60 427.46 525.40 422.85 595.41 350.00 590.62 storagetank 0 0.998533 votes=1
479.09 123.22 543.57 126.35 540.80 183.42 476.31 180.29 storagetank 0 0.998475 votes=1
442.99 292.25 501.77 301.15 493.38 356.58 434.60 347.68 storagetank 0 0.998462 votes=1
389.94 356.09 450.54 357.49 449.18 416.42 388.58 415.03 storagetank 0 0.998376 votes=1
281.73 366.50 340.73 371.66 335.80 428.04 276.80 422.89 storagetank 0 0.998371 votes=1
540.34 173.38 601.72 175.98 599.31 232.87 537.93 230.27 storagetank 0 0.998191 votes=1
341.01 417.68 399.95 420.07 397.64 477.18 338.70 474.80 storagetank 0 0.998120 votes=1
493.22 231.05 553.55 240.62 544.70 296.39 484.37 286.82 storagetank 0 0.997917 votes=1
232.54 424.50 296.29 433.66 288.03 491.06 224.29 481.90 storagetank 0 0.997713 votes=1
290.91 476.85 355.04 482.32 350.21 538.95 286.09 533.48 storagetank 0 0.997474 votes=1
410.08 447.64 488.80 452.49 484.35 524.72 405.63 519.87 storagetank 0 0.997340 votes=1
660.47 95.92 707.74 101.93 702.08 146.50 654.81 140.49 storagetank 0 0.995960 votes=1
610.17 61.95 656.69 63.10 655.63 105.97 609.11 104.82 storagetank 0 0.995674 votes=1
330.48 305.46 390.49 307.08 388.90 366.23 328.89 364.62 storagetank 0 0.995311 votes=1
659.29 28.17 695.37 28.78 694.88 57.97 658.80 57.37 storagetank 0 0.987518 votes=1
699.64 51.90 743.21 56.77 738.65 97.57 695.08 92.70 storagetank 0 0.986062 votes=1
734.26 13.84 766.89 13.89 766.84 45.98 734.22 45.94 storagetank 0 0.982771 votes=1
695.59 -4.42 727.28 2.58 723.92 17.82 692.22 10.81 storagetank 0 0.817836 votes=1
610.57 0.05 643.58 -1.38 644.52 20.33 611.51 21.76 storagetank 0 0.809851 votes=1
