267.18 456.84 268.37 616.01 191.67 616.58 190.48 457.41 tenniscourt 0 0.999242 votes=1
623.86 451.04 624.84 612.14 548.76 612.60 547.79 451.50 tenniscourt 0 0.999106 votes=1
263.34 214.31 264.77 373.60 187.29 374.29 185.86 215.00 tenniscourt 0 0.998999 votes=1
620.80 208.68 622.61 369.19 545.69 370.06 543.88 209.55 tenniscourt 0 0.998889 votes=1
501.68 210.88 503.38 370.03 427.64 370.84 425.95 211.69 tenniscourt 0 0.998819 votes=1
384.91 454.64 386.44 614.35 309.88 615.08 308.36 455.38 tenniscourt 0 0.998797 votes=1
739.29 207.58 741.95 366.82 666.06 368.08 663.41 208.85 tenniscourt 0 0.998793 votes=1
380.37 212.02 382.92 371.77 306.63 372.99 304.08 213.24 tenniscourt 0 0.998648 votes=1
743.61 449.90 744.95 610.43 668.62 611.07 667.28 450.53 tenniscourt 0 0.998621 votes=1
505.43 453.20 507.01 613.60 430.60 614.35 429.03 453.95 tenniscourt 0 0.998563 votes=1
