350.89 234.83 351.16 145.34 383.78 145.44 383.51 234.92 ship 0 0.999561 votes=1
365.11 536.06 365.60 616.05 337.54 616.22 337.05 536.23 ship 0 0.999490 votes=1
400.89 536.73 400.99 623.08 371.29 623.11 371.19 536.77 ship 0 0.999435 votes=1
299.01 616.06 300.91 537.12 327.47 537.76 325.57 616.70 ship 0 0.999417 votes=1
174.25 570.24 176.25 696.45 140.62 697.01 138.62 570.81 ship 0 0.999386 votes=1
288.50 535.97 288.99 621.87 262.20 622.02 261.72 536.12 ship 0 0.999335 votes=1
249.82 649.29 251.33 718.99 228.17 719.49 226.66 649.79 ship 0 0.999321 votes=1
437.49 645.76 438.16 729.88 414.07 730.07 413.40 645.96 ship 0 0.999295 votes=1
444.31 747.37 448.67 640.16 480.29 641.45 475.94 748.66 ship 0 0.999191 votes=1
325.17 642.61 326.95 728.79 297.07 729.41 295.29 643.23 ship 0 0.999158 votes=1
525.45 374.39 526.06 274.10 556.91 274.29 556.30 374.58 ship 0 0.999140 votes=1
339.00 140.18 340.10 230.73 302.56 231.19 301.47 140.64 ship 0 0.999095 votes=1
472.52 139.31 473.39 242.73 442.01 243.00 441.14 139.58 ship 0 0.999087 votes=1
220.00 611.43 222.06 528.96 251.48 529.69 249.42 612.17 ship 0 0.998892 votes=1
465.22 282.88 476.75 370.29 447.31 374.18 435.78 286.76 ship 0 0.998627 votes=1
65.74 450.21 73.58 401.61 93.42 404.81 85.57 453.41 ship 0 0.998530 votes=1
566.63 175.39 567.99 140.27 582.44 140.83 581.09 175.95 ship 0 0.998472 votes=1
487.52 736.49 492.38 653.96 518.52 655.50 513.66 738.03 ship 0 0.998194 votes=1
394.94 252.20 397.10 132.41 427.58 132.96 425.42 252.75 ship 0 0.998082 votes=1
171.15 533.00 573.35 541.09 569.40 737.55 167.20 729.46 harbor 0 0.981655 votes=1
335.46 133.23 628.24 131.67 629.57 381.69 336.80 383.25 harbor 0 0.973228 votes=1
160.65 723.78 163.46 698.79 176.05 700.21 173.24 725.19 ship 0 0.968477 votes=1
596.20 19.07 761.54 22.47 759.78 107.90 594.44 104.49 harbor 0 0.929345 votes=1
