499.73 525.19 616.71 475.38 646.84 546.16 529.86 595.96 Expressway-toll-station 0 0.998831 votes=1
360.42 35.22 383.77 92.13 374.62 95.89 351.27 38.97 vehicle 0 0.996352 votes=1
486.92 390.08 509.16 445.15 500.25 448.75 478.01 393.68 vehicle 0 0.995853 votes=1
450.20 132.75 456.88 151.22 448.28 154.32 441.61 135.86 vehicle 0 0.992194 votes=1
437.88 309.99 448.99 340.96 439.44 344.38 428.33 313.42 vehicle 0 0.984558 votes=1
406.54 200.06 418.85 231.18 409.95 234.71 397.63 203.58 vehicle 0 0.958915 votes=1
397.44 170.36 403.09 195.74 394.80 197.59 389.15 172.20 vehicle 0 0.953701 votes=1
429.81 281.31 435.37 304.67 425.93 306.92 420.37 283.55 vehicle 0 0.939401 votes=1
175.93 492.06 194.90 487.38 196.77 494.97 177.81 499.66 vehicle 0 0.838631 votes=1
485.32 432.57 509.66 494.00 499.81 497.90 475.48 436.46 vehicle 0 0.739668 votes=1
423.85 200.17 428.89 216.56 421.10 218.96 416.06 202.56 vehicle 0 0.685672 votes=1
667.31 727.45 675.43 748.28 665.11 752.30 657.00 731.46 vehicle 0 0.685360 votes=1
