343.86 583.46 355.30 523.54 375.34 527.37 363.89 587.28 ship 0 0.999099 votes=1
534.55 593.59 536.33 644.14 519.82 644.72 518.03 594.17 ship 0 0.999074 votes=1
258.92 552.92 275.85 506.00 291.20 511.54 274.27 558.46 ship 0 0.999027 votes=1
641.66 583.36 644.76 628.99 628.64 630.08 625.53 584.45 ship 0 0.999003 votes=1
664.01 580.38 667.36 627.46 651.03 628.62 647.68 581.54 ship 0 0.998695 votes=1
607.53 633.81 607.72 592.72 621.66 592.79 621.47 633.88 ship 0 0.998533 votes=1
458.21 196.37 468.82 229.54 456.11 233.60 445.50 200.43 ship 0 0.998262 votes=1
558.69 584.11 561.43 641.38 542.50 642.29 539.75 585.02 ship 0 0.998223 votes=1
608.47 162.16 615.28 200.28 601.43 202.76 594.62 164.63 ship 0 0.998134 votes=1
521.15 180.05 527.81 216.17 515.15 218.50 508.49 182.39 ship 0 0.997594 votes=1
596.21 595.38 601.15 633.76 588.16 635.43 583.21 597.06 ship 0 0.997458 votes=1
432.28 46.42 443.02 111.92 421.10 115.51 410.37 50.01 ship 0 0.997432 votes=1
309.94 563.53 313.28 521.24 330.32 522.59 326.98 564.88 ship 0 0.997423 votes=1
503.28 185.77 509.47 222.61 496.58 224.78 490.39 187.94 ship 0 0.997352 votes=1
587.53 168.80 592.62 203.47 580.20 205.29 575.11 170.62 ship 0 0.997321 votes=1
506.09 589.76 513.51 643.69 497.07 645.96 489.65 592.02 ship 0 0.996584 votes=1
477.12 188.98 488.30 226.44 473.65 230.81 462.46 193.35 ship 0 0.996252 votes=1
599.06 218.79 604.84 253.01 591.15 255.33 585.37 221.11 ship 0 0.996244 votes=1
626.67 159.60 633.48 189.60 622.03 192.20 615.22 162.20 ship 0 0.996153 votes=1
236.13 549.44 243.80 502.40 263.68 505.64 256.00 552.68 ship 0 0.995713 votes=1
492.58 240.02 499.53 278.92 485.48 281.43 478.53 242.53 ship 0 0.994841 votes=1
555.11 212.90 555.86 185.73 567.21 186.04 566.46 213.22 ship 0 0.992462 votes=1
286.29 562.01 291.36 511.99 307.83 513.66 302.77 563.68 ship 0 0.990892 votes=1
684.69 593.44 686.29 626.22 672.84 626.88 671.24 594.10 ship 0 0.990223 votes=1
210.72 545.56 217.86 489.10 234.76 491.24 227.63 547.69 ship 0 0.987300 votes=1
513.94 238.05 520.83 276.08 505.89 278.78 499.00 240.76 ship 0 0.984590 votes=1
642.56 214.15 647.35 247.73 632.94 249.79 628.15 216.20 ship 0 0.984334 votes=1
510.28 463.63 695.15 433.66 703.55 485.46 518.68 515.42 harbor 0 0.983916 votes=1
426.88 37.92 645.84 8.07 657.83 96.04 438.87 125.89 harbor 0 0.975243 votes=1
328.80 582.57 332.00 549.96 344.72 551.21 341.52 583.81 ship 0 0.972357 votes=1
616.95 14.74 624.30 44.53 612.84 47.36 605.48 17.57 ship 0 0.971759 votes=1
617.94 215.36 624.86 243.15 611.41 246.50 604.49 218.71 ship 0 0.970042 votes=1
454.38 193.49 668.97 147.19 689.67 243.12 475.08 289.43 harbor 0 0.967849 votes=1
546.71 178.06 550.73 214.39 535.77 216.04 531.75 179.72 ship 0 0.967428 votes=1
473.65 593.69 722.70 573.21 728.70 646.10 479.64 666.58 harbor 0 0.955084 votes=1
451.55 361.00 674.94 323.93 682.42 369.00 459.03 406.07 harbor 0 0.949378 votes=1
460.01 357.62 469.90 385.42 460.14 388.90 450.24 361.09 ship 0 0.941214 votes=1
475.07 253.49 481.09 284.50 467.89 287.07 461.87 256.06 ship 0 0.931987 votes=1
180.66 398.82 200.28 72.54 295.73 78.27 276.11 404.56 harbor 0 0.931832 votes=1
53.95 469.09 376.30 530.20 360.23 614.95 37.89 553.84 harbor 0 0.931423 votes=1
553.50 228.04 557.83 257.17 546.56 258.85 542.23 229.72 ship 0 0.929264 votes=1
166.11 542.79 171.50 498.88 183.59 500.36 178.19 544.28 ship 0 0.860095 votes=1
215.59 397.21 266.94 400.20 265.98 416.82 214.62 413.83 ship 0 0.772798 votes=1
