350.42 587.01 397.29 590.98 395.85 608.01 348.98 604.05 ship 0 0.998503 votes=1
423.39 601.54 469.98 605.61 468.53 622.17 421.95 618.11 ship 0 0.998408 votes=1
429.39 547.30 472.72 556.17 469.29 572.94 425.96 564.07 ship 0 0.998197 votes=1
149.92 412.13 183.72 412.76 183.45 427.69 149.64 427.06 ship 0 0.998117 votes=1
142.10 560.89 178.73 561.77 178.40 575.43 141.77 574.55 ship 0 0.997836 votes=1
147.17 438.98 189.15 437.97 189.48 451.40 147.49 452.41 ship 0 0.997750 votes=1
386.80 413.27 418.60 419.34 415.95 433.17 384.16 427.10 ship 0 0.997090 votes=1
446.26 375.89 481.22 377.52 480.58 391.36 445.61 389.73 ship 0 0.997044 votes=1
386.83 387.93 421.07 392.46 419.12 407.18 384.89 402.65 ship 0 0.996365 votes=1
140.52 509.64 183.00 511.05 182.45 527.72 139.97 526.30 ship 0 0.996100 votes=1
374.55 436.06 415.28 441.02 413.32 457.13 372.59 452.17 ship 0 0.996044 votes=1
154.59 617.87 201.99 619.53 201.44 635.35 154.04 633.69 ship 0 0.995722 votes=1
433.88 468.28 472.98 476.38 469.88 491.36 430.78 483.26 ship 0 0.995189 votes=1
96.93 368.20 129.86 368.04 129.93 381.82 97.00 381.98 ship 0 0.993822 votes=1
146.19 462.21 180.31 464.98 179.28 477.59 145.16 474.82 ship 0 0.993598 votes=1
356.08 560.38 394.51 567.19 391.85 582.22 353.42 575.40 ship 0 0.993126 votes=1
151.01 365.37 191.50 365.70 191.37 381.96 150.88 381.64 ship 0 0.992910 votes=1
377.16 463.43 407.03 468.36 404.71 482.41 374.84 477.48 ship 0 0.992585 votes=1
78.90 617.48 85.86 318.19 198.12 320.80 191.16 620.09 harbor 0 0.989001 votes=1
425.82 524.24 467.77 529.81 465.93 543.71 423.98 538.14 ship 0 0.988252 votes=1
90.67 565.91 124.41 565.70 124.49 578.99 90.75 579.20 ship 0 0.984943 votes=1
88.64 516.00 126.83 514.42 127.40 528.31 89.22 529.89 ship 0 0.983172 votes=1
85.95 584.21 122.75 589.82 120.66 603.55 83.86 597.94 ship 0 0.971192 votes=1
339.11 633.99 376.40 315.03 511.65 330.85 474.35 649.80 harbor 0 0.958958 votes=1
