15.24 462.49 268.14 42.20 470.56 164.00 217.67 584.29 Expressway-Service-area 0 0.997930 votes=1
447.62 426.79 481.39 373.52 489.73 378.81 455.96 432.08 vehicle 0 0.997660 votes=1
302.83 617.82 549.43 227.97 759.76 361.01 513.16 750.86 Expressway-Service-area 0 0.997610 votes=1
316.89 471.18 333.57 441.55 339.20 444.72 322.51 474.35 vehicle 0 0.991737 votes=1
478.61 450.14 497.02 411.45 502.86 414.23 484.46 452.92 vehicle 0 0.990906 votes=1
260.10 394.53 283.32 357.29 290.19 361.58 266.97 398.81 vehicle 0 0.983034 votes=1
418.12 475.88 436.30 446.99 442.89 451.14 424.71 480.03 vehicle 0 0.981214 votes=1
506.59 453.37 533.03 438.51 536.81 445.22 510.37 460.09 vehicle 0 0.971346 votes=1
317.99 359.63 339.50 326.72 345.97 330.95 324.46 363.86 vehicle 0 0.956938 votes=1
542.60 261.24 557.01 233.05 562.39 235.79 547.97 263.99 vehicle 0 0.949564 votes=1
485.51 486.05 514.93 471.46 517.71 477.07 488.29 491.66 vehicle 0 0.947678 votes=1
305.95 413.38 327.37 373.69 334.71 377.65 313.28 417.34 vehicle 0 0.940478 votes=1
248.48 336.05 275.63 320.40 280.09 328.14 252.94 343.79 vehicle 0 0.915601 votes=1
319.37 213.57 353.68 195.34 357.43 202.41 323.13 220.64 vehicle 0 0.907047 votes=1
356.57 470.56 373.41 440.84 379.15 444.10 362.30 473.81 vehicle 0 0.886852 votes=1
317.76 625.56 339.92 592.42 346.48 596.81 324.33 629.95 vehicle 0 0.791134 votes=1
