221.73 523.65 280.25 527.34 278.98 547.42 220.46 543.73 ship 0 0.999438 votes=1
297.67 623.94 370.34 627.09 369.38 649.16 296.71 646.01 ship 0 0.999433 votes=1
419.82 677.67 419.94 737.90 399.57 737.94 399.45 677.71 ship 0 0.999406 votes=1
215.94 559.37 280.03 560.03 279.81 581.17 215.72 580.50 ship 0 0.999400 votes=1
304.91 553.85 372.84 556.50 371.92 579.86 303.99 577.21 ship 0 0.999358 votes=1
301.02 584.51 366.40 587.13 365.46 610.58 300.08 607.97 ship 0 0.999353 votes=1
78.18 386.89 140.79 390.10 139.73 410.77 77.12 407.56 ship 0 0.999282 votes=1
475.32 607.35 535.13 607.65 535.03 628.06 475.22 627.76 ship 0 0.999218 votes=1
176.92 742.71 181.80 660.45 207.53 661.98 202.64 744.24 ship 0 0.999158 votes=1
231.48 591.00 277.31 594.54 276.05 610.80 230.23 607.26 ship 0 0.999093 votes=1
472.57 642.36 532.40 643.43 531.97 667.44 472.14 666.37 ship 0 0.999083 votes=1
530.82 687.64 606.30 688.01 606.15 717.49 530.67 717.12 ship 0 0.999060 votes=1
69.54 479.81 133.03 482.55 132.26 500.38 68.77 497.64 ship 0 0.999023 votes=1
148.45 713.47 150.73 654.53 172.49 655.37 170.22 714.31 ship 0 0.998989 votes=1
432.89 220.40 453.76 278.76 434.15 285.77 413.28 227.42 ship 0 0.998973 votes=1
482.68 575.78 537.09 577.22 536.62 594.80 482.21 593.36 ship 0 0.998972 votes=1
426.99 749.25 430.68 682.48 454.67 683.81 450.97 750.58 ship 0 0.998940 votes=1
316.21 768.17 318.77 666.21 347.02 666.92 344.46 768.88 ship 0 0.998890 votes=1
195.44 240.83 264.34 219.48 272.17 244.73 203.26 266.08 ship 0 0.998880 votes=1
348.50 243.46 378.81 356.37 349.59 364.21 319.29 251.30 ship 0 0.998854 votes=1
62.19 541.22 121.80 543.55 121.07 562.42 61.45 560.09 ship 0 0.998852 votes=1
355.62 753.36 356.03 676.95 378.49 677.07 378.08 753.48 ship 0 0.998848 votes=1
225.06 624.08 270.97 625.61 270.46 641.14 224.55 639.61 ship 0 0.998807 votes=1
284.55 739.41 290.90 666.35 314.86 668.44 308.51 741.49 ship 0 0.998747 votes=1
73.22 418.27 137.27 422.61 135.94 442.25 71.89 437.91 ship 0 0.998731 votes=1
212.25 740.22 217.13 663.15 238.66 664.51 233.78 741.59 ship 0 0.998722 votes=1
403.67 225.63 422.52 286.44 400.69 293.21 381.84 232.40 ship 0 0.998641 votes=1
313.78 254.29 338.13 327.75 316.51 334.92 292.16 261.46 ship 0 0.998576 votes=1
137.70 652.57 138.09 705.50 118.93 705.64 118.54 652.71 ship 0 0.998519 votes=1
224.44 269.91 276.22 253.88 282.28 273.46 230.50 289.49 ship 0 0.998493 votes=1
76.19 445.90 141.46 452.08 139.51 472.70 74.24 466.53 ship 0 0.998439 votes=1
580.61 328.97 592.97 366.36 578.92 371.01 566.56 333.61 ship 0 0.998406 votes=1
85.87 716.22 91.07 648.98 113.67 650.73 108.46 717.97 ship 0 0.998352 votes=1
76.53 358.45 145.22 360.55 144.58 381.59 75.88 379.49 ship 0 0.998117 votes=1
60.85 607.38 111.50 612.51 109.67 630.67 59.01 625.54 ship 0 0.998089 votes=1
39.99 165.90 53.47 204.76 39.74 209.52 26.26 170.66 ship 0 0.998057 votes=1
201.49 183.50 241.34 168.78 246.56 182.89 206.71 197.61 ship 0 0.997986 votes=1
88.36 211.88 100.47 258.20 86.00 261.99 73.89 215.66 ship 0 0.997875 votes=1
51.58 703.21 53.16 648.06 77.70 648.76 76.12 703.91 ship 0 0.997858 votes=1
259.64 291.70 273.12 335.75 258.13 340.34 244.66 296.29 ship 0 0.997697 votes=1
172.83 90.30 209.65 76.33 215.00 90.43 178.18 104.40 ship 0 0.997227 votes=1
74.49 323.00 152.67 332.38 150.03 354.33 71.86 344.94 ship 0 0.997075 votes=1
68.11 511.58 113.16 511.41 113.23 531.26 68.19 531.44 ship 0 0.996709 votes=1
56.86 568.25 127.79 573.62 126.19 594.68 55.26 589.31 ship 0 0.996121 votes=1
520.01 168.53 538.08 218.15 521.09 224.33 503.02 174.71 ship 0 0.993834 votes=1
466.95 207.70 487.89 269.42 466.68 276.61 445.74 214.90 ship 0 0.993457 votes=1
63.04 144.77 78.69 186.42 64.01 191.94 48.35 150.29 ship 0 0.991560 votes=1
562.64 655.43 602.47 659.41 600.89 675.26 561.05 671.28 ship 0 0.990124 votes=1
63.29 224.24 75.92 268.14 60.62 272.55 47.99 228.64 ship 0 0.988507 votes=1
222.50 267.51 227.48 292.94 216.89 295.01 211.91 269.58 ship 0 0.980327 votes=1
56.65 159.58 84.92 264.33 44.34 275.28 16.07 170.53 harbor 0 0.885571 votes=1
238.06 63.38 330.35 313.88 248.37 344.09 156.07 93.59 harbor 0 0.762596 votes=1
50.48 617.35 58.54 332.79 137.91 335.04 129.85 619.60 harbor 0 0.741930 votes=1
33.75 549.12 617.11 565.55 612.04 745.84 28.68 729.41 harbor 0 0.725522 votes=1
