308.89 389.65 309.88 436.03 291.55 436.42 290.56 390.04 ship 0 0.999101 votes=1
495.05 594.57 499.96 631.25 482.97 633.53 478.06 596.85 ship 0 0.998593 votes=1
389.60 610.22 395.49 652.74 377.85 655.19 371.96 612.66 ship 0 0.998391 votes=1
266.89 312.81 271.90 368.66 250.89 370.54 245.88 314.69 ship 0 0.998277 votes=1
456.84 530.63 461.38 578.79 441.64 580.65 437.09 532.49 ship 0 0.996826 votes=1
303.37 307.13 311.94 345.28 294.17 349.27 285.59 311.12 ship 0 0.995754 votes=1
403.36 292.02 406.65 339.64 388.27 340.91 384.98 293.29 ship 0 0.993640 votes=1
197.64 318.03 717.89 238.45 739.39 379.03 219.15 458.61 harbor 0 0.991672 votes=1
230.79 569.80 574.72 518.27 589.83 619.13 245.91 670.66 harbor 0 0.989246 votes=1
380.44 548.14 386.76 587.66 366.31 590.93 359.98 551.41 ship 0 0.958107 votes=1
507.31 697.22 513.36 743.21 494.67 745.66 488.63 699.68 ship 0 0.672917 votes=1
