541.21 249.43 543.20 25.45 761.78 27.39 759.79 251.37 baseballfield 0 0.999140 votes=1
70.30 206.60 73.99 57.88 144.90 59.64 141.21 208.36 tenniscourt 0 0.999076 votes=1
249.62 709.81 250.54 557.43 320.88 557.85 319.97 710.23 tenniscourt 0 0.998869 votes=1
162.51 207.97 164.74 56.50 235.15 57.54 232.92 209.01 tenniscourt 0 0.998859 votes=1
66.09 456.90 68.18 304.73 141.26 305.73 139.17 457.91 tenniscourt 0 0.998852 votes=1
65.20 706.61 65.97 555.74 138.88 556.11 138.12 706.98 tenniscourt 0 0.998724 votes=1
160.82 457.53 161.80 305.89 232.30 306.35 231.32 457.98 tenniscourt 0 0.998672 votes=1
158.53 708.30 158.97 556.60 229.70 556.81 229.26 708.51 tenniscourt 0 0.998671 votes=1
251.62 458.36 252.76 307.97 323.48 308.51 322.34 458.90 tenniscourt 0 0.998659 votes=1
254.75 208.24 256.01 56.30 326.83 56.89 325.57 208.83 tenniscourt 0 0.998531 votes=1
