506.17 195.49 506.59 251.37 487.26 251.51 486.85 195.64 ship 0 0.999291 votes=1
167.92 304.26 175.09 342.90 161.14 345.49 153.97 306.85 ship 0 0.998845 votes=1
385.47 253.10 385.78 206.01 403.03 206.13 402.72 253.21 ship 0 0.997855 votes=1
77.07 329.43 124.16 329.78 124.04 346.18 76.94 345.83 ship 0 0.997723 votes=1
63.10 276.98 123.09 272.76 124.37 290.98 64.38 295.20 ship 0 0.997470 votes=1
298.45 206.24 300.81 254.46 284.32 255.26 281.96 207.05 ship 0 0.997368 votes=1
480.86 197.70 482.85 248.04 465.98 248.71 463.99 198.37 ship 0 0.997225 votes=1
62.79 255.72 123.12 247.98 125.39 265.67 65.06 273.42 ship 0 0.996660 votes=1
225.82 209.55 226.24 247.66 212.32 247.82 211.90 209.70 ship 0 0.996110 votes=1
322.29 205.64 323.92 253.88 305.66 254.50 304.03 206.26 ship 0 0.995620 votes=1
508.61 343.31 509.04 300.10 524.93 300.26 524.51 343.46 ship 0 0.995573 votes=1
248.40 206.32 250.83 251.77 234.12 252.66 231.69 207.21 ship 0 0.994037 votes=1
272.39 208.97 274.82 254.79 260.31 255.56 257.88 209.74 ship 0 0.990973 votes=1
171.62 214.89 176.10 268.74 146.40 271.22 141.92 217.36 ship 0 0.981573 votes=1
149.54 698.47 213.63 729.66 189.81 778.60 125.73 747.42 harbor 0 0.940831 votes=1
353.49 329.37 525.67 304.03 532.37 349.56 360.19 374.89 harbor 0 0.842284 votes=1
123.73 208.20 514.73 186.65 518.14 248.42 127.14 269.98 harbor 0 0.835178 votes=1
