439.76 279.43 491.75 279.01 491.89 296.04 439.90 296.46 ship 0 0.999179 votes=1
107.13 480.97 198.33 479.89 198.62 504.63 107.42 505.71 ship 0 0.999134 votes=1
514.11 318.64 547.84 319.37 547.55 332.76 513.82 332.03 ship 0 0.998577 votes=1
211.68 239.93 212.64 279.28 196.01 279.68 195.05 240.33 ship 0 0.998360 votes=1
246.34 308.36 282.58 308.54 282.50 324.46 246.26 324.27 ship 0 0.997303 votes=1
74.53 551.42 118.85 552.04 118.63 567.97 74.31 567.36 ship 0 0.996455 votes=1
234.85 267.95 274.35 266.97 274.73 282.19 235.23 283.17 ship 0 0.996139 votes=1
513.40 297.95 545.79 297.24 546.10 311.63 513.71 312.35 ship 0 0.994144 votes=1
512.43 201.56 544.79 201.85 544.67 216.03 512.30 215.74 ship 0 0.993684 votes=1
438.67 239.94 480.88 238.40 481.53 256.23 439.31 257.76 ship 0 0.992953 votes=1
432.09 210.48 489.22 206.52 490.52 225.33 433.39 229.29 ship 0 0.992946 votes=1
419.85 184.06 470.89 180.39 472.06 196.67 421.02 200.34 ship 0 0.992169 votes=1
505.01 179.80 544.49 178.42 545.04 194.18 505.55 195.56 ship 0 0.990713 votes=1
214.09 354.26 214.50 388.67 199.90 388.85 199.49 354.44 ship 0 0.989967 votes=1
241.86 329.92 279.59 329.90 279.60 346.52 241.87 346.53 ship 0 0.985215 votes=1
248.32 204.55 278.36 204.30 278.46 216.78 248.42 217.04 ship 0 0.983419 votes=1
544.68 191.24 546.91 385.02 431.45 386.35 429.22 192.57 harbor 0 0.982972 votes=1
687.34 206.96 727.20 213.87 724.36 230.25 684.50 223.33 ship 0 0.980558 votes=1
119.23 440.65 198.29 437.50 199.27 462.15 120.21 465.29 ship 0 0.979488 votes=1
447.06 303.34 487.48 303.84 487.26 321.56 446.84 321.06 ship 0 0.976397 votes=1
233.67 223.09 276.74 223.18 276.70 240.38 233.63 240.29 ship 0 0.974970 votes=1
445.27 360.89 485.75 360.08 486.12 378.30 445.63 379.11 ship 0 0.974097 votes=1
694.88 160.87 739.38 166.28 737.38 182.68 692.88 177.27 ship 0 0.972941 votes=1
280.56 165.72 285.19 400.86 185.38 402.83 180.75 167.69 harbor 0 0.970671 votes=1
242.53 372.20 281.62 372.04 281.69 389.04 242.60 389.20 ship 0 0.969751 votes=1
647.85 415.72 689.39 133.73 764.23 144.75 722.69 426.75 harbor 0 0.966961 votes=1
506.29 219.92 541.03 219.78 541.09 233.99 506.35 234.13 ship 0 0.963435 votes=1
673.16 296.53 714.12 302.74 711.56 319.64 670.60 313.43 ship 0 0.960583 votes=1
231.81 160.38 280.10 160.28 280.13 176.28 231.84 176.38 ship 0 0.957669 votes=1
505.69 375.62 538.56 375.14 538.75 387.85 505.88 388.33 ship 0 0.957282 votes=1
677.70 273.40 714.67 280.18 711.65 296.71 674.67 289.93 ship 0 0.949507 votes=1
508.55 279.07 543.60 278.66 543.80 295.94 508.75 296.35 ship 0 0.943982 votes=1
507.51 335.41 543.18 335.65 543.08 351.45 507.40 351.21 ship 0 0.943820 votes=1
681.05 322.68 716.34 327.48 714.28 342.62 678.99 337.82 ship 0 0.914849 votes=1
442.34 331.94 489.48 331.90 489.50 350.48 442.36 350.52 ship 0 0.863441 votes=1
679.67 230.53 720.27 234.96 718.32 252.82 677.72 248.39 ship 0 0.860455 votes=1
231.81 243.02 277.08 243.81 276.82 258.91 231.54 258.12 ship 0 0.854263 votes=1
672.39 365.88 711.00 370.09 709.06 387.84 670.45 383.63 ship 0 0.833296 votes=1
504.46 356.78 544.81 356.54 544.90 371.14 504.55 371.38 ship 0 0.828645 votes=1
533.35 608.28 683.89 603.16 685.89 662.21 535.36 667.32 ship 0 0.779708 votes=1
689.28 256.75 726.66 261.62 724.71 276.60 687.33 271.73 ship 0 0.678083 votes=1
41.97 625.32 113.93 384.03 229.05 418.36 157.09 659.65 harbor 0 0.610937 votes=1
