628.90 569.52 692.41 571.29 690.65 634.28 627.15 632.52 storagetank 0 0.998995 votes=1
382.35 19.22 471.54 22.09 468.71 110.13 379.51 107.26 storagetank 0 0.998947 votes=1
9.67 169.52 100.75 169.06 101.19 256.08 10.11 256.54 storagetank 0 0.998886 votes=1
330.53 206.34 419.91 204.17 422.00 290.58 332.63 292.74 storagetank 0 0.998883 votes=1
441.48 700.66 528.82 702.39 527.13 788.09 439.79 786.37 storagetank 0 0.998843 votes=1
152.28 346.05 244.29 345.16 245.15 433.74 153.14 434.63 storagetank 0 0.998803 votes=1
295.68 524.95 384.10 524.74 384.31 611.55 295.88 611.76 storagetank 0 0.998342 votes=1
474.11 382.21 560.95 382.10 561.06 467.13 474.22 467.24 storagetank 0 0.998144 votes=1
185.58 27.91 276.32 26.72 277.48 114.95 186.74 116.15 storagetank 0 0.997727 votes=1
141.14 477.92 141.46 460.97 157.75 461.29 157.42 478.24 storagetank 0 0.855757 votes=1
