430.52 575.23 450.88 552.02 456.45 556.90 436.10 580.12 vehicle 0 0.997526 votes=1
331.30 619.60 551.31 380.28 672.58 491.77 452.58 731.09 Expressway-Service-area 0 0.992902 votes=1
398.01 498.48 409.76 484.16 413.96 487.61 402.22 501.93 vehicle 0 0.989388 votes=1
305.64 515.10 321.18 497.13 326.26 501.52 310.73 519.49 vehicle 0 0.988694 votes=1
64.65 441.95 436.75 63.87 602.00 226.51 229.90 604.59 Expressway-Service-area 0 0.987475 votes=1
187.38 642.38 222.56 725.65 207.67 731.93 172.50 648.67 overpass 0 0.987243 votes=1
422.93 377.57 442.56 354.70 448.76 360.02 429.13 382.89 vehicle 0 0.985453 votes=1
336.55 481.17 351.91 463.87 357.08 468.46 341.71 485.76 vehicle 0 0.982414 votes=1
406.22 405.67 423.17 385.61 428.39 390.02 411.45 410.09 vehicle 0 0.981445 votes=1
609.54 284.09 627.43 257.65 633.21 261.56 615.31 288.00 vehicle 0 0.980414 votes=1
383.85 551.78 407.02 526.06 413.37 531.78 390.20 557.50 vehicle 0 0.980251 votes=1
517.17 282.49 538.04 260.76 543.78 266.27 522.92 288.00 vehicle 0 0.963706 votes=1
457.82 602.65 481.15 582.18 485.49 587.13 462.17 607.59 vehicle 0 0.963033 votes=1
465.75 463.06 487.71 439.76 493.64 445.35 471.69 468.65 vehicle 0 0.945278 votes=1
381.77 429.08 399.16 411.47 403.89 416.15 386.50 433.76 vehicle 0 0.932503 votes=1
485.58 317.24 502.11 298.81 506.19 302.46 489.66 320.90 vehicle 0 0.841103 votes=1
