607.21 363.58 633.70 363.52 633.72 373.47 607.23 373.53 vehicle 0 0.998805 votes=1
713.92 229.29 734.20 229.21 734.23 237.86 713.95 237.94 vehicle 0 0.983499 votes=1
775.59 150.46 798.13 150.70 798.03 159.57 775.50 159.33 vehicle 0 0.982204 votes=1
354.74 319.90 624.02 318.82 624.28 383.38 355.00 384.46 bridge 0 0.980303 votes=1
710.29 638.26 730.04 638.07 730.13 646.62 710.37 646.81 vehicle 0 0.977459 votes=1
372.74 400.60 613.58 401.07 613.45 466.65 372.61 466.17 bridge 0 0.961328 votes=1
771.33 247.49 771.35 264.72 762.70 264.73 762.68 247.51 vehicle 0 0.920515 votes=1
786.75 576.41 788.12 596.80 779.73 597.37 778.37 576.97 vehicle 0 0.906714 votes=1
715.23 589.09 730.86 589.02 730.89 597.63 715.27 597.70 vehicle 0 0.901531 votes=1
759.21 244.66 759.75 263.27 750.82 263.52 750.28 244.91 vehicle 0 0.897686 votes=1
711.42 725.93 728.71 729.66 727.02 737.50 709.73 733.77 vehicle 0 0.866470 votes=1
715.47 613.69 730.05 615.27 729.21 623.01 714.63 621.43 vehicle 0 0.847889 votes=1
121.87 709.43 139.75 708.51 140.17 716.87 122.30 717.79 vehicle 0 0.663805 votes=1
