744.07 352.54 768.26 352.28 768.36 361.80 744.17 362.06 vehicle 0 0.996980 votes=1
750.03 420.60 772.25 419.54 772.68 428.63 750.46 429.69 vehicle 0 0.996978 votes=1
743.96 393.55 766.60 393.09 766.80 402.83 744.16 403.29 vehicle 0 0.994654 votes=1
744.39 366.64 768.26 365.70 768.60 374.46 744.73 375.40 vehicle 0 0.987588 votes=1
746.68 407.10 769.99 405.86 770.49 415.29 747.18 416.52 vehicle 0 0.980200 votes=1
754.85 434.62 776.39 434.53 776.42 442.59 754.88 442.68 vehicle 0 0.976401 votes=1
744.98 380.24 768.10 380.33 768.07 388.98 744.94 388.89 vehicle 0 0.968368 votes=1
762.03 521.47 784.40 522.63 783.89 532.37 761.52 531.21 vehicle 0 0.887143 votes=1
781.72 71.30 782.47 47.58 790.75 47.84 790.00 71.56 vehicle 0 0.880814 votes=1
758.26 122.63 760.98 147.67 751.96 148.65 749.24 123.61 vehicle 0 0.761343 votes=1
704.40 725.68 726.38 729.29 724.68 739.67 702.69 736.07 vehicle 0 0.730485 votes=1
