546.23 482.80 595.69 521.76 579.69 542.06 530.23 503.10 vehicle 0 0.999367 votes=1
538.10 744.80 584.41 783.28 569.64 801.06 523.32 762.58 vehicle 0 0.999340 votes=1
528.96 515.81 567.84 550.98 552.15 568.32 513.27 533.15 vehicle 0 0.999212 votes=1
660.67 614.81 704.88 658.97 687.58 676.29 643.37 632.13 vehicle 0 0.999159 votes=1
40.39 465.54 61.50 408.35 86.03 417.41 64.92 474.59 vehicle 0 0.999156 votes=1
761.70 331.63 762.08 408.01 735.56 408.14 735.19 331.76 vehicle 0 0.999124 votes=1
614.54 398.02 659.36 437.88 642.18 457.19 597.36 417.33 vehicle 0 0.998962 votes=1
704.34 567.87 745.61 601.66 730.97 619.54 689.70 585.74 vehicle 0 0.998770 votes=1
6.30 447.70 26.12 395.29 50.63 404.55 30.82 456.97 vehicle 0 0.998032 votes=1
-11.39 648.87 14.93 598.74 35.93 609.76 9.61 659.89 vehicle 0 0.997658 votes=1
158.13 543.08 198.61 501.97 215.15 518.25 174.67 559.37 vehicle 0 0.997389 votes=1
182.85 566.85 219.15 527.76 239.65 546.79 203.35 585.89 vehicle 0 0.994277 votes=1
39.43 693.22 79.10 645.98 97.20 661.18 57.53 708.42 vehicle 0 0.992721 votes=1
