564.24 390.14 571.43 356.38 582.64 358.77 575.44 392.53 vehicle 0 0.999311 votes=1
447.43 384.29 447.62 356.57 457.82 356.64 457.62 384.36 vehicle 0 0.999265 votes=1
421.85 313.69 421.95 338.49 411.41 338.53 411.32 313.73 vehicle 0 0.999230 votes=1
577.59 264.63 585.36 239.47 594.32 242.24 586.55 267.40 vehicle 0 0.999182 votes=1
526.86 517.00 528.43 490.68 538.15 491.26 536.58 517.58 vehicle 0 0.998365 votes=1
14.42 594.84 121.27 574.32 124.39 590.55 17.54 611.07 vehicle 0 0.997792 votes=1
187.60 519.07 270.42 518.95 270.45 534.47 187.62 534.59 vehicle 0 0.997603 votes=1
389.24 681.01 396.49 294.32 500.58 296.28 493.33 682.96 overpass 0 0.996450 votes=1
495.31 677.10 535.84 273.33 611.46 280.92 570.93 684.69 overpass 0 0.994299 votes=1
712.93 17.26 723.63 -1.11 731.55 3.50 720.84 21.87 vehicle 0 0.963243 votes=1
