639.20 456.38 696.05 455.69 696.28 475.12 639.44 475.80 ship 0 0.999465 votes=1
433.32 189.83 515.73 190.30 515.60 213.30 433.19 212.83 ship 0 0.999335 votes=1
503.11 548.92 561.80 547.15 562.43 567.89 503.73 569.65 ship 0 0.999241 votes=1
125.87 140.72 125.90 90.00 144.56 90.01 144.53 140.73 ship 0 0.999032 votes=1
286.60 660.65 345.75 662.27 345.17 683.17 286.02 681.55 ship 0 0.999015 votes=1
648.10 333.78 698.37 335.89 697.59 354.44 647.32 352.33 ship 0 0.998786 votes=1
281.69 688.69 338.25 688.46 338.33 708.96 281.77 709.18 ship 0 0.998781 votes=1
284.95 578.59 343.52 576.89 344.12 597.74 285.56 599.44 ship 0 0.998764 votes=1
408.72 267.55 479.80 266.80 480.08 292.35 408.99 293.11 ship 0 0.998694 votes=1
431.89 676.43 480.35 676.10 480.47 693.55 432.01 693.89 ship 0 0.998644 votes=1
499.27 649.77 563.85 648.01 564.46 670.43 499.89 672.19 ship 0 0.998618 votes=1
209.99 130.49 211.10 87.08 228.96 87.53 227.85 130.94 ship 0 0.998478 votes=1
271.07 88.08 271.07 126.92 255.00 126.92 255.00 88.08 ship 0 0.998375 votes=1
499.98 624.00 559.88 624.24 559.79 645.69 499.90 645.45 ship 0 0.998290 votes=1
423.71 125.24 423.76 76.82 442.62 76.84 442.56 125.27 ship 0 0.998229 votes=1
339.26 241.99 340.73 285.85 325.00 286.38 323.53 242.51 ship 0 0.998195 votes=1
423.91 572.98 471.79 574.35 471.29 592.10 423.41 590.74 ship 0 0.998170 votes=1
432.08 398.55 480.06 399.20 479.85 414.57 431.87 413.92 ship 0 0.998065 votes=1
642.76 577.47 688.51 580.31 687.61 594.83 641.86 591.99 ship 0 0.998016 votes=1
638.71 407.84 697.92 408.30 697.78 426.47 638.57 426.01 ship 0 0.997657 votes=1
707.97 578.80 745.83 578.87 745.80 593.64 707.94 593.58 ship 0 0.997652 votes=1
569.67 419.24 608.13 378.56 622.68 392.32 584.22 433.00 ship 0 0.997105 votes=1
515.64 115.35 516.00 76.20 530.03 76.33 529.67 115.48 ship 0 0.996874 votes=1
274.26 519.17 341.72 518.26 342.05 542.34 274.59 543.25 ship 0 0.996732 votes=1
697.28 758.10 740.85 759.50 740.33 775.56 696.76 774.17 ship 0 0.995550 votes=1
639.56 552.96 690.86 554.73 690.18 574.25 638.88 572.48 ship 0 0.995442 votes=1
630.24 776.50 630.55 735.15 646.11 735.27 645.81 776.62 ship 0 0.993345 votes=1
707.09 378.74 749.19 380.79 748.52 394.46 706.43 392.40 ship 0 0.991646 votes=1
424.81 708.87 424.84 198.95 560.29 198.96 560.27 708.87 harbor 0 0.990195 votes=1
631.89 774.66 646.80 216.78 755.89 219.69 740.98 777.58 harbor 0 0.986732 votes=1
160.92 193.24 343.92 185.18 348.20 282.37 165.20 290.43 harbor 0 0.980500 votes=1
711.01 436.81 749.76 437.51 749.50 452.23 710.74 451.53 ship 0 0.941032 votes=1
338.89 343.19 340.62 448.78 254.02 450.20 252.30 344.60 harbor 0 0.931187 votes=1
81.96 60.23 809.95 36.17 812.86 124.12 84.86 148.18 harbor 0 0.922913 votes=1
255.59 720.69 264.21 452.57 346.81 455.23 338.19 723.34 harbor 0 0.728786 votes=1
