642.14 224.83 671.20 383.95 642.17 389.25 613.11 230.13 ship 0 0.998471 votes=1
680.24 260.41 701.48 371.94 678.80 376.26 657.56 264.73 ship 0 0.997589 votes=1
677.43 388.24 686.44 514.27 662.50 515.98 653.49 389.96 ship 0 0.996317 votes=1
17.46 531.70 20.40 350.52 80.76 351.50 77.81 532.68 ship 0 0.995294 votes=1
742.01 248.36 758.28 412.03 729.42 414.90 713.15 251.23 ship 0 0.994645 votes=1
682.24 235.77 682.90 260.72 674.33 260.95 673.67 236.00 ship 0 0.978748 votes=1
764.67 780.28 788.27 778.29 789.15 788.68 765.55 790.68 ship 0 0.950636 votes=1
791.98 755.56 792.28 778.64 774.72 778.87 774.42 755.78 harbor 0 0.935174 votes=1
738.95 657.57 785.88 657.83 785.82 668.07 738.89 667.80 harbor 0 0.816346 votes=1
762.03 465.77 797.14 465.98 797.09 473.62 761.99 473.42 harbor 0 0.626499 votes=1
