235.03 87.76 239.24 162.53 213.87 163.96 209.66 89.19 ship 0 0.999116 votes=1
90.30 349.47 92.34 277.14 117.38 277.85 115.33 350.18 ship 0 0.998973 votes=1
557.07 405.22 582.02 311.32 609.05 318.50 584.10 412.40 ship 0 0.998943 votes=1
421.04 378.91 447.90 268.99 485.03 278.06 458.18 387.98 ship 0 0.998914 votes=1
614.37 346.85 642.94 258.08 670.55 266.97 641.98 355.74 ship 0 0.998904 votes=1
589.05 292.63 611.33 207.55 639.16 214.84 616.87 299.92 ship 0 0.998534 votes=1
279.64 324.20 293.88 211.76 326.28 215.87 312.04 328.30 ship 0 0.998384 votes=1
318.70 382.96 333.08 263.62 374.11 268.56 359.73 387.91 ship 0 0.998384 votes=1
152.13 95.79 159.21 165.10 137.32 167.34 130.23 98.03 ship 0 0.998262 votes=1
620.31 193.86 638.22 96.23 669.04 101.89 651.13 199.51 ship 0 0.998214 votes=1
415.31 221.41 437.58 126.28 468.77 133.58 446.50 228.71 ship 0 0.998028 votes=1
447.47 263.19 476.62 172.58 509.87 183.28 480.73 273.88 ship 0 0.997740 votes=1
311.42 204.37 318.13 117.66 344.47 119.70 337.76 206.40 ship 0 0.996232 votes=1
338.36 255.10 353.35 181.91 378.99 187.17 364.00 260.35 ship 0 0.993113 votes=1
565.39 384.89 665.49 30.97 705.59 42.31 605.49 396.23 harbor 0 0.714800 votes=1
439.69 249.49 488.84 21.22 509.04 25.57 459.89 253.84 harbor 0 0.620206 votes=1
309.96 386.78 366.53 43.64 402.54 49.58 345.97 392.71 harbor 0 0.613245 votes=1
