236.32 302.85 341.91 305.77 340.93 341.00 235.35 338.08 ship 0 0.999589 votes=1
100.80 552.79 213.48 548.47 214.84 584.24 102.17 588.55 ship 0 0.999500 votes=1
238.19 352.83 352.93 356.33 351.83 392.22 237.10 388.72 ship 0 0.999491 votes=1
243.31 212.71 334.19 215.34 333.19 249.78 242.31 247.15 ship 0 0.999486 votes=1
99.89 493.62 199.20 492.69 199.51 525.58 100.20 526.51 ship 0 0.999470 votes=1
234.57 492.00 342.61 491.82 342.67 527.99 234.63 528.16 ship 0 0.999461 votes=1
82.50 388.96 207.46 390.31 207.05 428.11 82.09 426.76 ship 0 0.999456 votes=1
494.69 509.91 638.45 510.73 638.19 556.89 494.43 556.07 ship 0 0.999350 votes=1
502.33 262.01 636.94 267.46 635.41 305.37 500.79 299.92 ship 0 0.999322 votes=1
98.54 114.57 210.99 116.30 210.38 156.47 97.92 154.74 ship 0 0.999310 votes=1
234.87 442.43 360.33 444.19 359.78 482.98 234.33 481.22 ship 0 0.999281 votes=1
243.73 129.49 308.68 128.30 309.11 151.16 244.15 152.35 ship 0 0.999243 votes=1
508.22 366.41 629.90 364.69 630.43 402.71 508.75 404.43 ship 0 0.999238 votes=1
225.59 545.16 324.83 554.02 321.67 589.44 222.43 580.58 ship 0 0.999191 votes=1
112.03 212.03 208.23 213.00 207.89 246.40 111.69 245.42 ship 0 0.999165 votes=1
499.39 466.74 629.13 463.26 630.14 501.07 500.41 504.55 ship 0 0.999094 votes=1
235.08 168.96 366.84 170.67 366.34 209.45 234.57 207.74 ship 0 0.998874 votes=1
143.43 255.80 202.24 257.42 201.53 283.02 142.73 281.39 ship 0 0.998715 votes=1
498.72 308.88 636.20 308.04 636.45 349.21 498.97 350.04 ship 0 0.998627 votes=1
131.76 73.47 192.98 74.48 192.60 97.61 131.38 96.61 ship 0 0.997945 votes=1
253.81 58.71 261.59 104.97 242.60 108.17 234.82 61.91 ship 0 0.993545 votes=1
659.13 119.37 660.60 559.15 521.07 559.61 519.61 119.83 harbor 0 0.955652 votes=1
121.19 570.37 125.91 63.80 332.95 65.73 328.23 572.30 harbor 0 0.933810 votes=1
189.28 479.98 189.42 451.12 204.96 451.19 204.82 480.06 ship 0 0.686766 votes=1
