659.80 370.80 660.37 398.19 643.44 398.53 642.87 371.14 windmill 0 0.891971 votes=1
569.09 472.35 569.55 494.21 554.49 494.53 554.03 472.68 windmill 0 0.888359 votes=1
207.85 327.28 208.00 346.14 197.27 346.22 197.12 327.37 windmill 0 0.860618 votes=1
100.54 464.40 101.14 481.76 85.37 482.30 84.78 464.95 windmill 0 0.836900 votes=1
723.88 293.47 724.29 309.75 708.64 310.14 708.23 293.86 windmill 0 0.834264 votes=1
757.54 220.12 757.62 235.71 742.49 235.79 742.41 220.19 windmill 0 0.822440 votes=1
185.74 191.67 186.86 207.02 172.53 208.05 171.42 192.71 windmill 0 0.819104 votes=1
746.24 145.86 746.29 159.81 733.62 159.85 733.58 145.90 windmill 0 0.772793 votes=1
262.06 506.42 262.43 520.29 249.53 520.63 249.16 506.76 windmill 0 0.745604 votes=1
216.27 358.73 216.32 341.86 232.25 341.90 232.20 358.78 windmill 0 0.706228 votes=1
470.33 751.89 486.00 751.96 485.93 766.33 470.26 766.25 windmill 0 0.704667 votes=1
490.37 605.44 490.64 621.65 476.01 621.90 475.74 605.69 windmill 0 0.695761 votes=1
