266.92 464.23 358.11 466.31 357.48 493.93 266.29 491.85 ship 0 0.999438 votes=1
619.11 721.71 680.92 723.04 680.42 746.29 618.61 744.96 ship 0 0.999417 votes=1
515.79 252.59 583.14 249.67 584.15 272.93 516.80 275.85 ship 0 0.999410 votes=1
518.32 183.03 671.65 183.89 671.42 225.38 518.09 224.52 ship 0 0.999410 votes=1
267.80 225.40 406.59 227.35 406.05 266.08 267.25 264.14 ship 0 0.999406 votes=1
141.03 537.12 214.66 534.36 215.64 560.62 142.01 563.38 ship 0 0.999389 votes=1
274.61 539.90 349.82 542.16 348.94 571.60 273.72 569.34 ship 0 0.999336 votes=1
115.81 316.87 224.13 313.35 225.19 345.81 116.87 349.32 ship 0 0.999281 votes=1
614.86 627.75 688.54 627.86 688.51 651.73 614.83 651.62 ship 0 0.999269 votes=1
114.62 461.61 223.35 458.31 224.39 492.80 115.67 496.10 ship 0 0.999264 votes=1
618.50 438.45 694.24 438.72 694.16 461.89 618.42 461.62 ship 0 0.999237 votes=1
171.39 18.83 354.78 14.89 355.86 65.19 172.47 69.13 ship 0 0.999231 votes=1
615.13 500.39 702.87 499.30 703.22 527.37 615.48 528.45 ship 0 0.999230 votes=1
135.94 500.24 222.16 496.39 223.36 523.34 137.14 527.18 ship 0 0.999220 votes=1
613.90 592.61 688.33 596.74 686.87 623.01 612.44 618.88 ship 0 0.999217 votes=1
137.86 359.02 219.07 349.95 222.03 376.44 140.82 385.52 ship 0 0.999213 votes=1
269.37 422.59 368.19 424.74 367.54 454.67 268.72 452.52 ship 0 0.999185 votes=1
508.16 588.81 577.05 585.86 578.04 608.83 509.15 611.79 ship 0 0.999176 votes=1
505.24 378.84 584.56 379.86 584.18 409.35 504.86 408.33 ship 0 0.999171 votes=1
615.22 372.28 685.78 368.42 687.40 398.07 616.85 401.94 ship 0 0.999166 votes=1
509.74 414.90 581.80 413.85 582.21 441.74 510.15 442.80 ship 0 0.999139 votes=1
75.04 273.51 218.93 265.73 220.99 303.80 77.10 311.58 ship 0 0.999137 votes=1
616.74 464.33 706.16 466.06 705.59 496.04 616.16 494.32 ship 0 0.999097 votes=1
266.14 501.19 355.01 502.99 354.42 532.19 265.55 530.39 ship 0 0.999084 votes=1
490.01 481.12 585.23 479.88 585.60 508.49 490.38 509.74 ship 0 0.999068 votes=1
615.47 311.70 667.59 315.22 666.39 332.93 614.27 329.41 ship 0 0.999061 votes=1
613.87 279.60 676.35 276.25 677.58 299.25 615.10 302.60 ship 0 0.999048 votes=1
268.57 315.20 378.17 311.73 379.16 343.14 269.56 346.61 ship 0 0.999023 votes=1
616.47 531.08 695.74 530.64 695.89 558.69 616.62 559.13 ship 0 0.999005 votes=1
119.19 421.43 220.69 420.88 220.87 454.27 119.37 454.83 ship 0 0.998926 votes=1
531.92 715.49 584.13 713.39 584.91 732.72 532.70 734.82 ship 0 0.998833 votes=1
108.84 387.82 223.08 383.46 224.34 416.43 110.10 420.80 ship 0 0.998781 votes=1
263.59 351.26 366.52 346.32 367.88 374.61 264.94 379.55 ship 0 0.998766 votes=1
499.96 448.71 580.68 448.49 580.75 473.01 500.02 473.23 ship 0 0.998707 votes=1
516.96 619.35 576.48 618.05 576.92 638.15 517.40 639.45 ship 0 0.998696 votes=1
516.77 522.17 577.65 519.48 578.56 539.88 517.67 542.58 ship 0 0.998622 votes=1
271.25 387.98 352.87 387.90 352.90 418.25 271.27 418.33 ship 0 0.998585 votes=1
88.33 229.77 209.86 230.49 209.67 263.96 88.13 263.24 ship 0 0.998567 votes=1
617.00 654.73 690.87 655.12 690.73 681.85 616.86 681.46 ship 0 0.998394 votes=1
660.35 98.41 725.81 15.21 749.95 34.21 684.50 117.41 ship 0 0.998368 votes=1
530.18 653.14 582.60 653.00 582.65 671.82 530.23 671.96 ship 0 0.998297 votes=1
619.54 691.28 671.09 688.61 672.02 706.68 620.48 709.35 ship 0 0.997878 votes=1
269.09 573.25 339.97 575.94 339.11 598.85 268.22 596.16 ship 0 0.997620 votes=1
94.96 196.86 150.58 197.45 150.39 215.64 94.77 215.06 ship 0 0.997537 votes=1
611.66 345.13 654.75 347.48 653.82 364.49 610.74 362.14 ship 0 0.997017 votes=1
270.15 268.62 378.63 269.77 378.28 302.62 269.80 301.46 ship 0 0.997010 votes=1
522.39 348.57 583.10 348.56 583.10 370.37 522.39 370.37 ship 0 0.996729 votes=1
173.58 630.29 220.39 624.52 222.77 643.79 175.95 649.57 ship 0 0.995700 votes=1
515.50 287.68 580.46 278.97 583.53 301.88 518.57 310.59 ship 0 0.994938 votes=1
642.65 67.19 694.07 -16.65 722.14 0.56 670.72 84.41 ship 0 0.994508 votes=1
169.16 571.28 224.61 573.41 223.93 591.12 168.48 588.99 ship 0 0.994256 votes=1
537.63 317.94 579.81 315.94 580.67 334.12 538.49 336.12 ship 0 0.993464 votes=1
161.50 597.01 217.77 599.13 217.08 617.33 160.81 615.21 ship 0 0.992117 votes=1
170.80 656.37 222.00 655.21 222.45 675.07 171.25 676.23 ship 0 0.990781 votes=1
501.88 554.04 584.14 550.96 585.16 577.96 502.89 581.04 ship 0 0.990228 votes=1
369.00 0.37 398.07 18.96 389.97 31.63 360.90 13.04 ship 0 0.990171 votes=1
273.32 661.43 321.76 661.51 321.72 682.19 273.28 682.11 ship 0 0.987194 votes=1
615.13 402.97 696.40 404.38 695.89 433.71 614.63 432.31 ship 0 0.986343 votes=1
409.64 795.48 420.23 741.74 439.35 745.51 428.75 799.25 ship 0 0.985711 votes=1
269.69 633.27 321.32 633.93 321.06 654.08 269.43 653.41 ship 0 0.984932 votes=1
619.37 250.59 659.75 248.99 660.33 263.66 619.95 265.26 ship 0 0.980583 votes=1
180.40 740.95 225.56 780.27 210.37 797.72 165.21 758.40 ship 0 0.979927 votes=1
757.18 112.33 797.49 84.53 809.42 101.82 769.10 129.62 ship 0 0.976898 votes=1
276.86 687.92 314.30 687.48 314.54 708.40 277.10 708.84 ship 0 0.969397 votes=1
388.73 796.42 390.64 746.85 409.43 747.58 407.52 797.14 ship 0 0.956435 votes=1
673.99 220.60 682.24 789.17 523.60 791.48 515.35 222.90 harbor 0 0.952748 votes=1
109.38 799.67 129.12 71.38 379.60 78.17 359.86 806.46 harbor 0 0.938775 votes=1
781.63 769.68 781.66 798.47 765.99 798.49 765.96 769.70 ship 0 0.930891 votes=1
766.57 183.92 804.84 171.60 813.46 198.36 775.18 210.68 ship 0 0.863997 votes=1
640.51 42.15 658.54 20.31 668.11 28.21 650.08 50.05 ship 0 0.629334 votes=1
