231.15 143.72 231.28 117.04 254.78 117.15 254.65 143.83 windmill 0 0.964134 votes=1
17.22 430.29 49.87 432.05 49.00 448.34 16.35 446.58 windmill 0 0.948942 votes=1
722.33 755.19 745.76 756.35 745.25 766.73 721.82 765.57 windmill 0 0.946200 votes=1
285.82 522.98 307.99 523.88 307.51 535.91 285.34 535.02 windmill 0 0.939085 votes=1
620.99 256.69 644.26 257.48 643.86 269.12 620.59 268.32 windmill 0 0.927471 votes=1
239.80 347.99 268.18 349.58 267.37 364.19 238.98 362.60 windmill 0 0.919017 votes=1
285.87 679.58 311.35 679.07 311.67 695.10 286.20 695.61 windmill 0 0.891911 votes=1
764.84 629.22 786.12 630.62 785.36 642.11 764.09 640.71 windmill 0 0.881730 votes=1
532.84 20.02 550.73 19.04 551.51 33.26 533.62 34.24 windmill 0 0.745534 votes=1
528.50 35.30 548.18 36.03 547.71 48.89 528.03 48.16 windmill 0 0.671346 votes=1
510.89 381.24 531.20 381.64 530.94 394.81 510.64 394.42 windmill 0 0.621809 votes=1
