388.78 428.24 389.32 485.10 370.59 485.28 370.05 428.42 ship 0 0.999225 votes=1
499.28 476.54 504.16 410.25 524.45 411.74 519.57 478.03 ship 0 0.999211 votes=1
555.42 480.78 558.09 445.23 571.17 446.21 568.49 481.76 ship 0 0.998702 votes=1
727.08 322.06 766.03 321.97 766.07 338.58 727.12 338.66 ship 0 0.998608 votes=1
723.31 538.07 767.46 538.87 767.21 552.55 723.07 551.75 ship 0 0.998448 votes=1
723.83 396.97 764.57 396.00 764.90 409.99 724.16 410.95 ship 0 0.998391 votes=1
718.56 369.53 766.47 369.78 766.37 388.09 718.46 387.84 ship 0 0.998298 votes=1
722.14 509.96 768.36 510.29 768.25 525.44 722.03 525.12 ship 0 0.998234 votes=1
635.80 486.88 637.46 456.13 649.26 456.77 647.60 487.52 ship 0 0.997697 votes=1
531.39 479.31 532.52 450.36 543.27 450.78 542.13 479.73 ship 0 0.997548 votes=1
723.63 279.83 763.17 278.28 763.67 291.10 724.13 292.65 ship 0 0.997271 votes=1
451.74 479.98 452.95 446.20 465.51 446.65 464.29 480.43 ship 0 0.996781 votes=1
735.12 350.80 765.33 350.65 765.39 362.26 735.18 362.41 ship 0 0.996376 votes=1
611.46 487.25 611.70 457.62 623.13 457.71 622.90 487.34 ship 0 0.989285 votes=1
627.82 507.86 648.42 508.87 647.98 517.75 627.39 516.74 ship 0 0.874425 votes=1
385.96 428.27 778.22 442.11 775.63 515.68 383.36 501.84 harbor 0 0.815162 votes=1
