239.41 358.99 324.17 359.85 323.38 437.79 238.62 436.93 storagetank 0 0.998724 votes=1
147.59 359.95 230.36 359.12 231.17 440.04 148.40 440.86 storagetank 0 0.998638 votes=1
684.90 761.78 689.92 433.64 746.91 434.51 741.89 762.65 ship 0 0.998303 votes=1
236.48 32.96 335.06 34.80 333.27 130.61 234.69 128.76 storagetank 0 0.998177 votes=1
253.12 280.13 308.76 279.70 309.17 333.56 253.53 333.98 storagetank 0 0.997786 votes=1
254.02 176.23 307.42 175.99 307.65 226.80 254.25 227.04 storagetank 0 0.996492 votes=1
273.10 121.03 273.45 174.89 220.51 175.24 220.16 121.38 storagetank 0 0.995457 votes=1
131.19 35.43 227.94 35.87 227.50 132.44 130.75 132.00 storagetank 0 0.989454 votes=1
134.01 144.91 225.33 144.73 225.49 228.48 134.17 228.66 storagetank 0 0.981506 votes=1
216.83 245.87 218.82 337.20 142.63 338.87 140.64 247.54 storagetank 0 0.981007 votes=1
291.31 234.09 316.42 235.35 315.23 259.08 290.12 257.82 storagetank 0 0.926994 votes=1
266.17 231.55 291.15 231.75 290.97 254.36 265.99 254.16 storagetank 0 0.926431 votes=1
