385.98 275.80 386.27 291.29 372.12 291.56 371.83 276.07 storagetank 0 0.913383 votes=1
379.88 241.76 381.10 255.25 367.77 256.46 366.55 242.97 storagetank 0 0.900686 votes=1
461.92 212.62 462.67 228.36 448.87 229.02 448.12 213.28 storagetank 0 0.869399 votes=1
398.21 227.24 398.70 239.74 387.03 240.19 386.54 227.69 storagetank 0 0.863605 votes=1
395.16 270.14 395.37 284.05 382.42 284.25 382.21 270.34 storagetank 0 0.860443 votes=1
469.33 197.17 472.09 216.10 453.70 218.78 450.94 199.85 storagetank 0 0.829918 votes=1
358.46 249.24 360.35 260.90 350.27 262.54 348.38 250.88 storagetank 0 0.781311 votes=1
419.07 201.86 430.94 201.52 431.28 213.30 419.40 213.64 storagetank 0 0.775867 votes=1
433.90 218.26 450.05 217.13 451.16 233.11 435.02 234.24 storagetank 0 0.735426 votes=1
402.70 260.64 404.63 275.31 392.00 276.98 390.07 262.31 storagetank 0 0.701414 votes=1
404.45 242.48 416.01 242.62 415.87 253.99 404.31 253.84 storagetank 0 0.676989 votes=1
409.88 252.31 412.34 267.63 401.01 269.45 398.55 254.13 storagetank 0 0.644065 votes=1
367.40 242.71 371.00 257.62 360.01 260.27 356.42 245.36 storagetank 0 0.636959 votes=1
437.16 193.10 438.75 204.23 428.07 205.76 426.48 194.62 storagetank 0 0.618260 votes=1
