478.61 572.32 526.79 562.33 530.23 578.90 482.05 588.89 ship 0 0.999310 votes=1
281.74 598.59 326.08 593.50 327.71 607.71 283.37 612.80 ship 0 0.999206 votes=1
629.41 501.40 677.40 492.65 680.10 507.46 632.11 516.21 ship 0 0.999173 votes=1
211.51 567.82 261.21 560.51 263.53 576.30 213.83 583.61 ship 0 0.999098 votes=1
225.51 644.45 271.81 638.10 274.02 654.19 227.72 660.54 ship 0 0.999046 votes=1
295.92 694.48 343.14 688.41 345.10 703.62 297.88 709.69 ship 0 0.998920 votes=1
470.21 527.63 524.69 513.07 529.33 530.44 474.85 544.99 ship 0 0.998839 votes=1
236.38 725.41 283.41 718.91 285.76 735.90 238.73 742.40 ship 0 0.998403 votes=1
463.98 499.89 508.68 496.09 510.00 511.63 465.30 515.43 ship 0 0.998376 votes=1
235.42 682.47 277.49 680.21 278.29 695.10 236.22 697.36 ship 0 0.998146 votes=1
78.45 613.12 124.80 603.00 128.18 618.48 81.84 628.60 ship 0 0.998136 votes=1
98.71 728.32 145.28 725.88 146.05 740.60 99.48 743.04 ship 0 0.997855 votes=1
273.56 557.52 319.69 552.29 321.35 567.00 275.22 572.23 ship 0 0.997645 votes=1
232.46 705.96 280.63 697.47 283.57 714.12 235.40 722.62 ship 0 0.997497 votes=1
437.38 673.84 482.19 664.54 485.58 680.90 440.78 690.20 ship 0 0.997428 votes=1
473.04 548.50 525.99 539.57 529.11 558.07 476.16 567.00 ship 0 0.997331 votes=1
413.55 536.37 455.26 529.30 457.53 542.70 415.82 549.77 ship 0 0.997162 votes=1
647.24 609.63 698.38 606.53 699.38 623.08 648.25 626.19 ship 0 0.997109 votes=1
94.37 687.90 134.11 682.91 135.93 697.35 96.18 702.34 ship 0 0.997061 votes=1
645.71 636.97 698.15 627.11 701.14 643.05 648.71 652.91 ship 0 0.996893 votes=1
88.04 670.89 133.19 661.92 135.79 675.01 90.64 683.99 ship 0 0.996497 votes=1
285.60 635.95 327.14 630.81 328.87 644.77 287.33 649.91 ship 0 0.996400 votes=1
288.50 329.57 320.12 325.84 321.21 335.08 289.59 338.81 ship 0 0.994732 votes=1
630.27 520.84 686.14 516.65 687.28 531.82 631.41 536.00 ship 0 0.993870 votes=1
211.79 549.44 253.22 536.63 257.68 551.05 216.25 563.86 ship 0 0.993839 votes=1
278.88 579.09 317.79 574.50 319.26 586.91 280.34 591.50 ship 0 0.993158 votes=1
302.43 389.17 326.09 387.76 326.66 397.22 303.00 398.63 ship 0 0.992904 votes=1
116.14 358.16 141.99 357.50 142.23 367.16 116.39 367.83 ship 0 0.992808 votes=1
493.83 685.61 538.33 676.87 541.34 692.18 496.84 700.92 ship 0 0.992481 votes=1
295.45 655.01 337.97 651.01 339.38 666.02 296.86 670.02 ship 0 0.991513 votes=1
82.10 632.46 112.39 630.98 112.94 642.13 82.64 643.61 ship 0 0.990920 votes=1
517.04 510.55 553.13 693.00 443.34 714.72 407.25 532.26 harbor 0 0.989042 votes=1
317.60 547.14 343.60 727.45 236.93 742.83 210.93 562.52 harbor 0 0.986644 votes=1
114.49 433.10 153.46 426.94 155.41 439.29 116.44 445.45 ship 0 0.986136 votes=1
289.63 345.68 323.93 339.27 325.76 349.05 291.46 355.45 ship 0 0.984000 votes=1
297.37 374.69 332.38 371.49 333.30 381.44 298.28 384.65 ship 0 0.983237 votes=1
283.90 617.49 329.65 612.68 331.03 625.82 285.28 630.63 ship 0 0.981478 votes=1
91.29 649.32 124.26 647.52 124.81 657.71 91.84 659.50 ship 0 0.981265 votes=1
97.29 393.78 125.37 388.79 127.07 398.37 98.99 403.36 ship 0 0.978544 votes=1
233.23 663.94 268.16 660.91 269.10 671.71 234.16 674.73 ship 0 0.968696 votes=1
331.26 321.73 334.61 419.78 249.39 422.69 246.04 324.64 harbor 0 0.959772 votes=1
696.24 489.99 726.46 673.24 653.96 685.20 623.74 501.95 harbor 0 0.947032 votes=1
150.92 296.96 158.49 447.13 65.18 451.83 57.62 301.66 harbor 0 0.870137 votes=1
120.04 580.47 149.66 762.58 82.50 773.50 52.88 591.39 harbor 0 0.849862 votes=1
292.25 360.29 325.38 353.18 327.49 363.02 294.36 370.13 ship 0 0.817811 votes=1
425.52 599.44 464.59 591.60 468.39 610.52 429.32 618.37 ship 0 0.759632 votes=1
252.79 395.07 287.20 391.32 288.41 402.38 253.99 406.13 ship 0 0.629894 votes=1
