327.76 501.28 408.35 498.06 409.45 525.75 328.87 528.97 ship 0 0.999513 votes=1
320.52 54.41 404.80 51.78 405.68 80.21 321.41 82.83 ship 0 0.999499 votes=1
176.44 594.07 290.19 589.77 291.61 627.42 177.86 631.72 ship 0 0.999480 votes=1
320.14 91.84 404.54 101.20 401.35 129.96 316.95 120.60 ship 0 0.999461 votes=1
322.76 223.25 405.19 221.27 405.91 251.34 323.48 253.31 ship 0 0.999460 votes=1
186.31 505.28 286.73 506.85 286.16 543.38 185.74 541.81 ship 0 0.999422 votes=1
319.88 272.51 401.70 269.48 402.70 296.64 320.89 299.67 ship 0 0.999414 votes=1
320.47 140.14 400.03 138.52 400.55 164.15 321.00 165.78 ship 0 0.999408 votes=1
189.46 148.89 286.60 150.03 286.21 184.03 189.06 182.90 ship 0 0.999395 votes=1
178.09 239.51 284.27 238.07 284.75 273.38 178.56 274.81 ship 0 0.999385 votes=1
323.95 460.96 411.89 458.51 412.67 486.45 324.72 488.90 ship 0 0.999374 votes=1
192.03 61.50 283.74 56.37 285.64 90.24 193.93 95.38 ship 0 0.999282 votes=1
189.57 106.57 284.74 104.36 285.53 138.25 190.36 140.46 ship 0 0.999255 votes=1
326.69 591.92 413.18 591.00 413.49 620.16 327.00 621.08 ship 0 0.999243 votes=1
154.83 414.53 285.79 411.49 286.70 450.74 155.74 453.77 ship 0 0.999170 votes=1
178.84 190.40 278.50 189.90 278.68 226.64 179.02 227.15 ship 0 0.999045 votes=1
150.20 333.00 286.58 322.31 289.40 358.24 153.02 368.94 ship 0 0.998949 votes=1
191.04 550.18 285.93 549.31 286.23 582.46 191.34 583.33 ship 0 0.998896 votes=1
194.75 287.69 282.76 281.86 284.74 311.88 196.73 317.71 ship 0 0.998667 votes=1
322.50 190.55 394.01 174.54 399.39 198.56 327.88 214.57 ship 0 0.998608 votes=1
147.59 459.78 288.54 456.00 289.57 494.55 148.62 498.33 ship 0 0.998525 votes=1
321.47 410.59 392.95 405.60 394.58 429.00 323.10 433.98 ship 0 0.998389 votes=1
323.51 314.61 383.49 310.27 385.08 332.24 325.10 336.58 ship 0 0.997078 votes=1
399.66 38.18 406.32 630.11 221.02 632.20 214.37 40.27 harbor 0 0.875134 votes=1
626.84 390.75 656.66 396.62 653.78 411.21 623.97 405.34 ship 0 0.757481 votes=1
626.16 408.08 654.26 411.34 652.82 423.78 624.72 420.52 ship 0 0.736832 votes=1
