43.97 536.94 78.40 538.25 77.52 561.24 43.09 559.93 windmill 0 0.965810 votes=1
716.74 289.73 749.94 290.50 749.44 311.70 716.24 310.93 windmill 0 0.954736 votes=1
38.54 712.30 66.17 712.80 65.84 731.27 38.20 730.77 windmill 0 0.876058 votes=1
675.57 653.72 712.89 654.33 712.53 676.58 675.21 675.97 windmill 0 0.871120 votes=1
737.91 27.71 759.44 27.36 759.74 45.86 738.22 46.21 windmill 0 0.863235 votes=1
372.68 307.22 392.12 306.57 392.74 325.05 373.30 325.71 windmill 0 0.859466 votes=1
94.14 204.98 121.83 206.02 121.01 227.64 93.32 226.60 windmill 0 0.840516 votes=1
54.18 359.18 54.40 381.09 35.35 381.28 35.13 359.37 windmill 0 0.821703 votes=1
366.08 71.56 388.01 72.26 387.52 87.47 365.60 86.77 windmill 0 0.801380 votes=1
386.89 640.44 387.58 661.69 369.36 662.28 368.67 641.03 windmill 0 0.757722 votes=1
