252.60 190.34 312.66 190.71 312.53 211.59 252.47 211.22 ship 0 0.999364 votes=1
256.56 336.55 301.64 335.25 302.08 350.37 256.99 351.67 ship 0 0.999310 votes=1
257.76 557.56 310.52 549.10 313.61 568.40 260.86 576.86 ship 0 0.999280 votes=1
191.55 366.47 238.07 366.68 238.00 382.36 191.48 382.14 ship 0 0.999273 votes=1
213.10 21.63 283.60 20.70 283.89 42.56 213.39 43.49 ship 0 0.999262 votes=1
179.60 59.79 238.59 52.97 240.85 72.49 181.85 79.31 ship 0 0.999244 votes=1
192.36 108.08 240.15 107.27 240.45 125.11 192.66 125.92 ship 0 0.999190 votes=1
191.78 429.57 239.71 430.98 239.21 447.94 191.28 446.53 ship 0 0.999173 votes=1
399.32 621.99 468.48 617.64 469.98 641.44 400.82 645.80 ship 0 0.999135 votes=1
397.36 591.92 463.22 589.54 464.14 614.87 398.28 617.26 ship 0 0.999133 votes=1
256.51 368.05 306.59 367.03 306.92 383.21 256.83 384.22 ship 0 0.999087 votes=1
189.98 336.17 240.86 335.04 241.25 352.63 190.37 353.76 ship 0 0.999081 votes=1
411.59 244.83 452.59 299.06 436.89 310.93 395.89 256.71 ship 0 0.999077 votes=1
201.48 279.11 238.93 276.09 240.14 291.15 202.69 294.16 ship 0 0.999048 votes=1
251.21 57.00 298.76 56.85 298.80 73.15 251.25 73.29 ship 0 0.999036 votes=1
185.44 530.50 239.57 525.44 241.22 543.13 187.10 548.19 ship 0 0.998941 votes=1
254.34 445.90 301.28 445.80 301.32 464.14 254.38 464.24 ship 0 0.998885 votes=1
193.57 194.80 238.54 194.48 238.66 211.22 193.69 211.54 ship 0 0.998850 votes=1
401.02 448.45 453.91 440.29 456.55 457.41 403.66 465.57 ship 0 0.998843 votes=1
256.20 508.66 303.13 510.32 302.59 525.42 255.66 523.76 ship 0 0.998702 votes=1
185.68 483.08 240.71 486.46 239.60 504.51 184.57 501.13 ship 0 0.998625 votes=1
259.86 401.85 306.30 402.41 306.10 418.90 259.66 418.34 ship 0 0.998573 votes=1
182.89 399.74 240.90 405.66 238.92 424.99 180.91 419.07 ship 0 0.998451 votes=1
254.35 106.48 291.36 106.56 291.34 119.45 254.32 119.37 ship 0 0.998411 votes=1
261.41 587.44 311.21 585.23 312.08 604.74 262.28 606.95 ship 0 0.998357 votes=1
426.58 665.72 469.68 660.40 471.65 676.42 428.55 681.74 ship 0 0.998242 votes=1
205.19 568.35 244.53 568.31 244.55 582.34 205.21 582.39 ship 0 0.998231 votes=1
254.62 469.58 296.12 467.95 296.69 482.49 255.19 484.12 ship 0 0.998113 votes=1
250.37 86.84 305.40 79.86 307.78 98.68 252.75 105.66 ship 0 0.998046 votes=1
255.45 218.95 296.90 221.29 296.09 235.70 254.64 233.37 ship 0 0.997929 votes=1
256.51 255.71 298.28 257.25 297.80 270.45 256.02 268.91 ship 0 0.997911 votes=1
191.83 251.32 241.13 253.31 240.38 271.90 191.08 269.92 ship 0 0.997844 votes=1
201.07 165.04 239.50 163.19 240.15 176.61 201.71 178.45 ship 0 0.997832 votes=1
71.18 415.57 71.41 458.52 57.62 458.59 57.38 415.65 ship 0 0.997786 votes=1
189.53 86.72 240.58 84.54 241.25 100.35 190.20 102.52 ship 0 0.997747 votes=1
421.19 516.86 460.44 514.17 461.43 528.56 422.17 531.25 ship 0 0.997606 votes=1
256.45 427.18 298.28 426.05 298.70 441.95 256.87 443.08 ship 0 0.997511 votes=1
255.29 274.39 300.26 276.40 299.59 291.21 254.63 289.20 ship 0 0.997501 votes=1
253.83 310.54 312.48 312.76 311.77 331.52 253.12 329.30 ship 0 0.997416 votes=1
185.18 601.49 242.13 583.63 247.71 601.43 190.76 619.30 ship 0 0.997333 votes=1
423.67 536.23 462.10 533.02 463.29 547.23 424.86 550.43 ship 0 0.997248 votes=1
415.53 489.74 461.67 488.71 462.07 506.52 415.93 507.55 ship 0 0.997224 votes=1
203.87 507.95 238.66 508.48 238.46 521.82 203.66 521.30 ship 0 0.997124 votes=1
254.40 141.45 300.42 133.10 303.26 148.77 257.24 157.12 ship 0 0.996610 votes=1
194.65 141.41 239.03 141.64 238.95 156.78 194.57 156.56 ship 0 0.996409 votes=1
424.76 557.64 463.61 555.82 464.32 570.92 425.47 572.74 ship 0 0.996314 votes=1
192.65 313.48 237.48 315.68 236.75 330.64 191.92 328.44 ship 0 0.993526 votes=1
297.54 40.45 300.28 616.47 195.04 616.97 192.30 40.95 harbor 0 0.934370 votes=1
444.27 273.09 445.45 238.29 472.57 239.21 471.39 274.00 ship 0 0.842335 votes=1
56.66 365.53 96.77 768.20 31.95 774.66 -8.17 371.98 harbor 0 0.790710 votes=1
