516.07 284.42 661.59 253.35 686.39 369.50 540.87 400.57 storagetank 0 0.998234 votes=1
433.35 102.35 567.03 86.55 578.27 181.64 444.59 197.43 storagetank 0 0.998043 votes=1
584.33 578.66 733.78 554.27 754.32 680.15 604.88 704.54 storagetank 0 0.997935 votes=1
681.82 77.80 762.02 73.31 765.05 127.35 684.84 131.84 storagetank 0 0.997589 votes=1
220.60 155.73 320.55 149.35 324.82 216.31 224.88 222.69 storagetank 0 0.997526 votes=1
28.15 175.46 114.79 168.84 119.30 227.89 32.66 234.51 storagetank 0 0.997466 votes=1
387.45 181.10 429.77 180.15 430.42 208.89 388.10 209.85 storagetank 0 0.993933 votes=1
524.68 397.56 562.79 396.93 563.26 425.60 525.16 426.23 storagetank 0 0.963563 votes=1
320.86 460.28 344.12 456.07 346.84 471.08 323.57 475.29 storagetank 0 0.899454 votes=1
376.68 543.68 414.01 543.93 413.91 558.46 376.59 558.22 storagetank 0 0.887531 votes=1
