372.18 499.66 398.30 498.16 398.92 508.87 372.80 510.37 ship 0 0.997203 votes=1
386.27 101.97 443.69 101.85 443.72 118.89 386.30 119.02 ship 0 0.997098 votes=1
226.72 106.72 275.20 106.01 275.45 122.88 226.96 123.59 ship 0 0.996860 votes=1
152.90 301.88 159.77 336.52 148.21 338.81 141.35 304.18 ship 0 0.996771 votes=1
140.76 207.82 142.31 234.76 131.21 235.40 129.66 208.46 ship 0 0.995718 votes=1
456.61 101.72 504.74 99.76 505.42 116.46 457.29 118.41 ship 0 0.992793 votes=1
425.55 245.47 469.23 241.29 470.76 257.25 427.08 261.43 ship 0 0.991808 votes=1
531.75 498.72 533.13 529.20 522.00 529.71 520.62 499.22 ship 0 0.991032 votes=1
239.25 276.71 268.27 272.29 269.85 282.72 240.84 287.14 ship 0 0.984529 votes=1
240.09 241.42 241.00 275.87 228.31 276.21 227.40 241.76 ship 0 0.975418 votes=1
650.03 99.11 651.29 151.42 632.53 151.87 631.27 99.56 ship 0 0.966325 votes=1
120.15 69.39 184.05 620.26 92.05 630.94 28.15 80.07 harbor 0 0.963374 votes=1
703.06 524.32 729.73 520.70 731.26 532.02 704.59 535.65 ship 0 0.950496 votes=1
695.88 502.36 720.43 498.32 722.15 508.77 697.61 512.82 ship 0 0.946444 votes=1
589.60 73.37 658.36 577.90 565.57 590.54 496.81 86.01 harbor 0 0.936263 votes=1
324.36 220.29 400.92 598.26 317.25 615.21 240.69 237.24 harbor 0 0.914051 votes=1
292.49 140.70 316.00 137.70 317.33 148.19 293.82 151.19 ship 0 0.900466 votes=1
220.03 123.68 588.70 110.60 591.12 178.75 222.45 191.83 harbor 0 0.886473 votes=1
486.57 237.71 527.14 574.88 443.18 584.98 402.62 247.81 harbor 0 0.882639 votes=1
149.09 251.81 152.90 288.12 139.10 289.57 135.29 253.26 ship 0 0.872411 votes=1
225.58 501.85 250.34 500.99 250.66 510.28 225.90 511.14 ship 0 0.861577 votes=1
238.85 316.55 282.43 595.49 225.03 604.46 181.44 325.52 harbor 0 0.627903 votes=1
348.21 284.77 348.40 308.06 333.22 308.18 333.04 284.89 ship 0 0.619559 votes=1
