621.56 574.82 622.77 658.50 539.55 659.70 538.34 576.03 baseballfield 0 0.999296 votes=1
417.17 289.64 417.98 342.85 390.63 343.27 389.82 290.06 tenniscourt 0 0.999116 votes=1
423.73 343.36 423.98 290.57 448.11 290.69 447.86 343.48 tenniscourt 0 0.999062 votes=1
397.59 574.95 399.28 663.41 314.43 665.03 312.74 576.57 baseballfield 0 0.999009 votes=1
312.41 419.87 312.42 369.15 337.50 369.16 337.48 419.87 tenniscourt 0 0.998887 votes=1
313.33 340.28 313.91 290.07 338.04 290.35 337.46 340.56 tenniscourt 0 0.998842 votes=1
344.64 421.51 344.77 368.53 370.06 368.59 369.93 421.57 tenniscourt 0 0.998616 votes=1
390.30 419.20 390.79 370.22 416.11 370.47 415.62 419.45 tenniscourt 0 0.998445 votes=1
422.98 422.50 423.58 368.79 448.15 369.07 447.54 422.78 tenniscourt 0 0.998154 votes=1
360.68 40.94 741.97 46.20 739.58 219.47 358.29 214.21 groundtrackfield 0 0.997836 votes=1
370.81 288.69 371.16 340.85 345.00 341.03 344.65 288.87 tenniscourt 0 0.995508 votes=1
238.36 202.38 239.07 268.72 191.98 269.22 191.27 202.88 basketballcourt 0 0.833267 votes=1
