-73.82 369.53 548.09 14.10 647.48 188.00 25.56 543.43 Expressway-Service-area 0 0.996379 votes=1
455.09 196.43 478.11 183.36 481.21 188.83 458.19 201.90 vehicle 0 0.995693 votes=1
94.48 615.73 732.42 253.68 848.65 458.47 210.71 820.53 Expressway-Service-area 0 0.990239 votes=1
310.03 314.08 328.60 303.75 331.73 309.39 313.16 319.71 vehicle 0 0.987667 votes=1
407.49 258.44 425.79 249.26 428.91 255.49 410.62 264.67 vehicle 0 0.983945 votes=1
462.71 370.11 481.71 360.06 484.62 365.55 465.61 375.60 vehicle 0 0.977615 votes=1
292.92 284.61 311.34 275.56 314.46 281.89 296.03 290.94 vehicle 0 0.975913 votes=1
314.95 444.41 336.05 435.27 338.62 441.19 317.51 450.33 vehicle 0 0.975897 votes=1
321.12 540.25 339.52 531.03 342.39 536.76 323.99 545.98 vehicle 0 0.975073 votes=1
764.64 217.87 784.89 207.12 787.37 211.79 767.12 222.54 vehicle 0 0.971710 votes=1
384.66 594.98 409.26 583.66 412.15 589.93 387.54 601.25 vehicle 0 0.948265 votes=1
390.15 333.59 407.14 324.27 409.30 328.21 392.31 337.52 vehicle 0 0.907545 votes=1
402.74 434.52 423.04 422.92 425.46 427.16 405.15 438.75 vehicle 0 0.887998 votes=1
379.51 586.16 401.74 573.20 406.29 581.01 384.06 593.97 vehicle 0 0.839868 votes=1
361.26 348.08 390.95 332.46 393.56 337.40 363.86 353.03 vehicle 0 0.838171 votes=1
