429.13 306.17 430.53 184.10 551.23 185.48 549.84 307.55 baseballfield 0 0.999392 votes=1
390.91 715.00 391.63 780.94 359.77 781.28 359.05 715.35 tenniscourt 0 0.999147 votes=1
347.88 714.99 348.29 781.09 317.63 781.28 317.22 715.18 tenniscourt 0 0.999138 votes=1
433.92 715.45 434.29 780.60 402.65 780.78 402.28 715.63 tenniscourt 0 0.999093 votes=1
433.73 617.63 434.13 682.05 402.52 682.25 402.11 617.83 tenniscourt 0 0.999073 votes=1
390.78 617.10 390.97 682.19 359.66 682.29 359.46 617.19 tenniscourt 0 0.999065 votes=1
445.51 780.59 445.53 715.97 476.59 715.98 476.56 780.61 tenniscourt 0 0.999064 votes=1
445.10 682.67 445.38 617.41 476.57 617.54 476.29 682.81 tenniscourt 0 0.999039 votes=1
348.19 617.54 348.28 682.81 317.01 682.85 316.92 617.58 tenniscourt 0 0.999037 votes=1
27.13 720.20 28.54 249.87 287.49 250.64 286.08 720.98 groundtrackfield 0 0.997378 votes=1
