448.07 745.84 501.99 742.27 503.27 761.59 449.36 765.17 ship 0 0.999216 votes=1
472.11 417.73 516.66 417.02 516.92 433.04 472.37 433.75 ship 0 0.999167 votes=1
471.50 281.70 518.26 280.51 518.70 297.91 471.94 299.11 ship 0 0.998967 votes=1
308.59 375.52 308.87 418.45 293.75 418.55 293.47 375.62 ship 0 0.998892 votes=1
434.21 187.01 495.89 187.72 495.66 207.81 433.98 207.10 ship 0 0.998886 votes=1
476.80 302.97 517.93 303.24 517.82 320.17 476.69 319.91 ship 0 0.998716 votes=1
480.25 649.26 526.90 650.44 526.46 667.99 479.81 666.81 ship 0 0.998687 votes=1
427.83 568.30 466.20 567.76 466.42 582.96 428.04 583.50 ship 0 0.998300 votes=1
481.46 536.26 531.16 540.25 529.75 557.82 480.04 553.82 ship 0 0.998161 votes=1
313.88 339.76 352.85 339.20 353.05 353.69 314.09 354.24 ship 0 0.998067 votes=1
468.35 211.71 511.61 212.54 511.27 230.27 468.01 229.44 ship 0 0.997971 votes=1
427.85 499.64 465.24 499.30 465.37 514.23 427.98 514.56 ship 0 0.997870 votes=1
480.21 698.16 517.70 696.77 518.22 710.78 480.73 712.17 ship 0 0.997763 votes=1
183.79 634.45 226.28 626.39 229.41 642.89 186.93 650.95 ship 0 0.997624 votes=1
292.47 704.25 340.88 700.39 342.15 716.34 293.74 720.20 ship 0 0.997624 votes=1
464.35 233.68 517.30 236.83 516.30 253.73 463.35 250.59 ship 0 0.997594 votes=1
477.53 581.38 526.28 581.59 526.20 600.09 477.45 599.88 ship 0 0.997570 votes=1
312.01 358.80 353.25 358.18 353.49 374.03 312.24 374.65 ship 0 0.997566 votes=1
485.36 606.75 533.03 607.06 532.91 624.21 485.25 623.91 ship 0 0.997485 votes=1
428.34 721.24 466.68 720.73 466.87 735.42 428.53 735.93 ship 0 0.997356 votes=1
310.00 246.04 341.03 245.86 341.10 257.66 310.07 257.84 ship 0 0.997248 votes=1
423.79 423.02 465.28 422.52 465.46 437.79 423.97 438.29 ship 0 0.997067 votes=1
422.77 213.81 463.12 214.30 462.93 230.07 422.58 229.58 ship 0 0.996919 votes=1
431.03 523.12 470.29 523.22 470.26 537.70 431.00 537.61 ship 0 0.996914 votes=1
311.94 321.24 346.79 319.91 347.35 334.53 312.50 335.87 ship 0 0.996864 votes=1
469.29 349.72 505.92 347.65 506.72 361.71 470.09 363.78 ship 0 0.996799 votes=1
473.49 440.82 518.81 443.11 517.95 460.07 472.63 457.78 ship 0 0.996727 votes=1
479.61 720.14 518.23 719.97 518.29 735.08 479.68 735.25 ship 0 0.996693 votes=1
427.89 636.37 471.35 635.28 471.75 650.89 428.28 651.98 ship 0 0.996435 votes=1
485.34 674.42 525.97 674.71 525.86 690.85 485.22 690.56 ship 0 0.996336 votes=1
300.15 206.42 342.64 206.25 342.71 223.04 300.22 223.21 ship 0 0.996211 votes=1
302.58 632.68 340.09 632.60 340.13 648.24 302.61 648.32 ship 0 0.996197 votes=1
471.02 369.77 506.64 370.23 506.45 384.81 470.83 384.35 ship 0 0.996082 votes=1
468.64 257.82 507.80 256.66 508.28 272.85 469.13 274.01 ship 0 0.996064 votes=1
435.89 589.59 469.31 589.90 469.18 604.42 435.75 604.11 ship 0 0.995961 votes=1
480.32 560.43 533.98 562.72 533.22 580.43 479.56 578.14 ship 0 0.995930 votes=1
426.78 237.63 461.24 237.31 461.37 251.67 426.91 251.99 ship 0 0.995888 votes=1
468.20 326.22 510.50 324.77 511.05 340.81 468.75 342.26 ship 0 0.995763 votes=1
429.52 402.02 464.96 401.72 465.09 416.86 429.64 417.15 ship 0 0.995461 votes=1
430.73 359.79 463.26 359.77 463.27 372.90 430.74 372.93 ship 0 0.995429 votes=1
429.93 544.98 465.88 545.52 465.67 559.90 429.72 559.36 ship 0 0.995404 votes=1
305.64 655.52 333.47 655.39 333.53 669.02 305.71 669.15 ship 0 0.995318 votes=1
476.01 515.28 513.75 513.36 514.52 528.43 476.78 530.35 ship 0 0.995113 votes=1
310.47 301.22 350.47 299.72 351.09 316.26 311.09 317.76 ship 0 0.995113 votes=1
302.00 587.99 344.22 587.97 344.23 604.22 302.01 604.24 ship 0 0.994845 votes=1
425.70 296.37 461.75 296.51 461.69 311.61 425.64 311.47 ship 0 0.994760 votes=1
427.30 379.79 464.59 379.67 464.64 395.12 427.36 395.25 ship 0 0.994725 votes=1
296.31 564.61 341.44 560.79 342.75 576.17 297.62 579.99 ship 0 0.994709 votes=1
307.41 228.02 342.89 227.08 343.22 239.87 307.75 240.81 ship 0 0.994678 votes=1
297.70 607.15 356.25 607.56 356.12 626.74 297.56 626.34 ship 0 0.994466 votes=1
436.50 613.97 469.81 614.11 469.75 629.17 436.44 629.04 ship 0 0.994251 votes=1
428.66 318.67 464.06 318.35 464.20 334.17 428.81 334.49 ship 0 0.994063 votes=1
431.92 696.61 472.17 696.81 472.10 712.02 431.84 711.83 ship 0 0.993514 votes=1
302.87 675.67 339.48 678.93 338.03 695.17 301.42 691.92 ship 0 0.992777 votes=1
473.66 464.20 512.94 470.58 510.18 487.55 470.90 481.18 ship 0 0.992442 votes=1
474.95 627.66 517.59 628.70 517.18 645.44 474.54 644.40 ship 0 0.992109 votes=1
310.83 284.25 340.43 282.57 341.17 295.68 311.57 297.35 ship 0 0.990791 votes=1
294.55 543.82 331.58 541.10 332.68 556.08 295.65 558.80 ship 0 0.990494 votes=1
313.70 379.05 354.52 377.74 354.95 391.37 314.14 392.68 ship 0 0.980458 votes=1
428.29 340.47 464.51 339.30 464.97 353.54 428.75 354.71 ship 0 0.975756 votes=1
316.59 438.94 347.13 434.27 348.87 445.65 318.32 450.31 ship 0 0.975225 votes=1
476.00 492.16 519.19 492.16 519.19 509.15 475.99 509.15 ship 0 0.974425 votes=1
471.46 395.28 507.85 395.20 507.88 410.08 471.49 410.16 ship 0 0.965539 votes=1
318.02 397.33 348.70 396.00 349.26 408.84 318.57 410.17 ship 0 0.959384 votes=1
301.42 264.15 302.18 283.92 293.86 284.24 293.10 264.47 ship 0 0.940919 votes=1
67.36 151.79 177.06 149.86 177.32 164.87 67.62 166.79 harbor 0 0.933595 votes=1
517.84 209.63 518.72 744.89 427.66 745.05 426.78 209.78 harbor 0 0.906251 votes=1
337.42 530.33 339.84 696.34 196.98 698.42 194.56 532.41 harbor 0 0.878855 votes=1
345.03 214.88 354.20 460.28 306.01 462.08 296.84 216.68 harbor 0 0.852401 votes=1
80.39 27.19 195.25 54.78 191.55 70.19 76.69 42.60 harbor 0 0.783128 votes=1
434.02 444.74 467.25 444.83 467.22 454.68 434.00 454.59 ship 0 0.773516 votes=1
