185.42 256.62 194.50 246.00 198.97 249.82 189.89 260.44 vehicle 0 0.986246 votes=1
483.51 189.49 501.06 184.80 502.81 191.35 485.26 196.04 vehicle 0 0.978193 votes=1
772.74 196.67 782.36 184.68 787.26 188.61 777.64 200.60 vehicle 0 0.972119 votes=1
80.12 594.09 96.28 593.96 96.34 600.33 80.17 600.47 vehicle 0 0.940855 votes=1
442.29 533.42 450.91 524.92 455.22 529.30 446.60 537.80 vehicle 0 0.906460 votes=1
458.80 766.89 462.21 781.89 455.99 783.30 452.58 768.30 vehicle 0 0.876085 votes=1
373.38 364.26 390.43 364.01 390.53 370.82 373.48 371.07 vehicle 0 0.806062 votes=1
429.36 363.83 442.75 364.38 442.44 371.83 429.06 371.28 vehicle 0 0.786029 votes=1
381.06 145.18 396.12 140.37 398.26 147.08 383.20 151.89 vehicle 0 0.781936 votes=1
495.93 220.46 508.88 216.80 510.89 223.90 497.94 227.55 vehicle 0 0.763452 votes=1
377.07 97.76 392.40 98.25 392.20 104.48 376.87 104.00 vehicle 0 0.693214 votes=1
652.53 380.66 652.63 395.33 645.65 395.38 645.56 380.71 vehicle 0 0.681221 votes=1
594.19 380.85 594.22 396.24 587.35 396.25 587.32 380.87 vehicle 0 0.646431 votes=1
692.86 557.36 693.52 544.17 700.83 544.54 700.17 557.73 vehicle 0 0.616150 votes=1
