514.45 688.74 520.43 660.30 531.97 662.73 525.99 691.16 vehicle 0 0.999247 votes=1
411.19 780.36 418.46 752.21 430.08 755.21 422.81 783.36 vehicle 0 0.998870 votes=1
536.77 730.32 542.56 704.05 552.88 706.32 547.10 732.59 vehicle 0 0.998848 votes=1
756.14 74.58 763.95 48.89 774.34 52.04 766.53 77.74 vehicle 0 0.998755 votes=1
229.78 758.37 235.85 734.04 246.82 736.78 240.75 761.11 vehicle 0 0.998485 votes=1
31.10 708.74 37.64 682.45 49.21 685.33 42.67 711.62 vehicle 0 0.996942 votes=1
732.28 185.83 737.41 154.08 749.71 156.06 744.58 187.82 vehicle 0 0.996814 votes=1
27.70 786.40 34.27 761.33 44.91 764.12 38.34 789.19 vehicle 0 0.993865 votes=1
443.08 781.83 449.57 755.18 461.05 757.97 454.55 784.63 vehicle 0 0.992149 votes=1
506.85 723.48 512.51 695.39 523.34 697.58 517.67 725.67 vehicle 0 0.986576 votes=1
767.46 595.59 790.67 604.01 787.27 613.36 764.07 604.94 vehicle 0 0.975790 votes=1
739.16 145.08 747.01 120.30 758.86 124.06 751.00 148.83 vehicle 0 0.975149 votes=1
752.72 211.23 789.35 219.73 786.25 233.07 749.62 224.57 vehicle 0 0.972906 votes=1
767.95 564.48 793.95 571.67 791.01 582.30 765.01 575.12 vehicle 0 0.967095 votes=1
