209.86 612.59 255.75 611.07 256.24 625.87 210.35 627.39 ship 0 0.998955 votes=1
48.36 315.90 48.45 264.17 65.74 264.21 65.64 315.94 ship 0 0.998658 votes=1
161.02 676.60 162.30 732.67 144.44 733.08 143.16 677.01 ship 0 0.998233 votes=1
93.29 460.16 94.03 510.87 79.34 511.09 78.59 460.37 ship 0 0.998126 votes=1
71.80 599.01 72.56 642.10 58.62 642.34 57.87 599.25 ship 0 0.997908 votes=1
195.56 141.66 251.16 137.17 252.30 151.33 196.70 155.82 ship 0 0.997568 votes=1
156.01 635.36 156.33 673.44 143.36 673.55 143.04 635.47 ship 0 0.997356 votes=1
65.21 151.28 66.07 202.90 50.75 203.15 49.89 151.53 ship 0 0.997250 votes=1
80.99 648.83 81.06 601.23 96.15 601.25 96.07 648.85 ship 0 0.996753 votes=1
143.82 629.30 145.27 602.30 155.16 602.84 153.71 629.83 ship 0 0.995099 votes=1
136.65 618.18 137.76 642.18 127.73 642.64 126.62 618.65 ship 0 0.994694 votes=1
58.35 704.56 59.06 662.34 73.18 662.57 72.47 704.79 ship 0 0.994081 votes=1
137.28 652.96 137.64 692.05 124.94 692.17 124.58 653.08 ship 0 0.990765 votes=1
465.29 8.98 541.87 7.22 543.34 71.54 466.76 73.29 harbor 0 0.989717 votes=1
432.34 126.48 453.24 617.85 371.37 621.33 350.48 129.96 harbor 0 0.989342 votes=1
522.14 123.24 556.48 123.92 556.27 134.20 521.94 133.51 ship 0 0.988997 votes=1
292.43 134.87 306.00 656.40 207.97 658.95 194.40 137.42 harbor 0 0.981442 votes=1
555.78 111.48 574.46 609.44 502.08 612.15 483.40 114.20 harbor 0 0.978311 votes=1
128.75 728.00 128.87 701.71 138.67 701.75 138.55 728.05 ship 0 0.970564 votes=1
356.65 130.27 389.64 129.51 389.85 138.66 356.86 139.42 ship 0 0.941395 votes=1
263.11 140.66 298.27 140.35 298.36 150.85 263.21 151.17 ship 0 0.938254 votes=1
630.85 49.35 647.29 608.57 608.75 609.70 592.31 50.48 harbor 0 0.848457 votes=1
436.44 54.35 437.05 5.58 446.09 5.70 445.48 54.46 harbor 0 0.822798 votes=1
