317.95 644.95 319.15 563.65 352.29 564.13 351.10 645.44 vehicle 0 0.999652 votes=1
527.17 193.29 528.57 115.59 561.06 116.17 559.65 193.88 vehicle 0 0.999645 votes=1
672.52 295.34 673.48 210.99 707.79 211.38 706.84 295.73 vehicle 0 0.999645 votes=1
570.96 550.78 571.72 462.66 606.78 462.96 606.02 551.08 vehicle 0 0.999542 votes=1
713.75 101.45 715.25 194.92 678.22 195.52 676.72 102.05 vehicle 0 0.999542 votes=1
128.70 176.31 129.23 95.70 164.40 95.93 163.87 176.55 vehicle 0 0.999538 votes=1
670.41 684.70 671.42 600.17 706.59 600.59 705.59 685.12 vehicle 0 0.999519 votes=1
756.15 462.24 756.84 550.80 721.38 551.07 720.70 462.51 vehicle 0 0.999513 votes=1
225.85 195.43 227.13 116.43 261.42 116.99 260.15 195.98 vehicle 0 0.999491 votes=1
214.87 640.77 219.26 550.32 252.55 551.94 248.16 642.39 vehicle 0 0.999458 votes=1
613.57 215.36 615.68 305.22 579.06 306.09 576.94 216.22 vehicle 0 0.999348 votes=1
