53.44 522.50 54.03 460.58 83.50 460.87 82.91 522.78 tenniscourt 0 0.999338 votes=1
611.98 500.13 613.77 408.98 703.47 410.74 701.68 501.90 baseballfield 0 0.999331 votes=1
82.69 366.78 83.32 428.95 53.58 429.25 52.95 367.08 tenniscourt 0 0.999320 votes=1
83.34 179.10 83.63 241.57 53.70 241.71 53.41 179.24 tenniscourt 0 0.999249 votes=1
577.11 331.15 581.05 208.40 703.65 212.33 699.71 335.08 baseballfield 0 0.999229 votes=1
17.23 522.87 17.26 459.76 47.63 459.78 47.61 522.89 tenniscourt 0 0.999136 votes=1
17.21 428.78 17.64 366.53 48.00 366.74 47.57 428.99 tenniscourt 0 0.999110 votes=1
47.69 179.66 47.88 241.38 17.92 241.47 17.73 179.75 tenniscourt 0 0.999069 votes=1
47.34 273.56 47.88 335.17 18.20 335.43 17.66 273.82 tenniscourt 0 0.999053 votes=1
53.19 334.28 53.95 273.64 84.03 274.02 83.27 334.66 tenniscourt 0 0.998910 votes=1
152.69 489.56 153.64 555.83 113.04 556.41 112.09 490.14 basketballcourt 0 0.998725 votes=1
388.76 101.16 393.20 567.89 181.41 569.90 176.97 103.17 groundtrackfield 0 0.998642 votes=1
153.66 148.99 153.97 214.84 112.18 215.03 111.88 149.19 basketballcourt 0 0.998555 votes=1
111.78 293.98 112.21 226.53 155.29 226.81 154.86 294.26 basketballcourt 0 0.998324 votes=1
112.53 477.35 113.44 409.82 154.22 410.37 153.31 477.90 basketballcourt 0 0.997725 votes=1
