17.86 259.75 19.24 117.56 158.49 118.92 157.10 261.11 airplane 0 0.999496 votes=1
18.96 476.36 118.86 461.14 132.24 548.93 32.34 564.16 airplane 0 0.999405 votes=1
167.73 148.48 274.38 142.96 279.47 241.23 172.82 246.75 airplane 0 0.999399 votes=1
384.92 461.21 490.47 459.80 491.68 550.35 386.13 551.76 airplane 0 0.999398 votes=1
144.95 461.57 253.02 458.46 255.70 551.53 147.62 554.64 airplane 0 0.999389 votes=1
194.50 659.85 297.62 643.57 311.08 728.81 207.95 745.09 airplane 0 0.999389 votes=1
368.80 68.82 377.28 5.93 426.53 12.57 418.05 75.47 airplane 0 0.999325 votes=1
421.71 758.32 450.17 784.55 439.65 795.96 411.19 769.73 vehicle 0 0.999187 votes=1
29.85 672.15 50.51 697.82 38.77 707.27 18.11 681.60 vehicle 0 0.998164 votes=1
404.75 428.87 470.53 424.93 471.70 444.49 405.92 448.43 vehicle 0 0.991533 votes=1
