455.53 402.31 457.07 479.36 436.93 479.76 435.39 402.71 ship 0 0.999449 votes=1
403.55 224.01 403.63 282.14 384.19 282.17 384.11 224.03 ship 0 0.999375 votes=1
444.50 622.49 444.79 560.09 463.79 560.18 463.50 622.58 ship 0 0.999346 votes=1
393.09 644.58 394.31 585.37 414.41 585.79 413.19 644.99 ship 0 0.999242 votes=1
438.42 573.13 438.89 639.70 417.52 639.86 417.05 573.28 ship 0 0.999112 votes=1
429.79 386.94 430.41 438.59 412.59 438.80 411.97 387.16 ship 0 0.998956 votes=1
482.78 245.31 486.83 327.58 461.53 328.83 457.47 246.56 ship 0 0.998907 votes=1
326.09 633.35 326.37 581.15 343.84 581.24 343.57 633.44 ship 0 0.998896 votes=1
296.26 399.50 297.61 444.61 283.04 445.04 281.70 399.94 ship 0 0.998896 votes=1
50.52 254.29 51.43 206.68 67.52 206.99 66.61 254.60 ship 0 0.998855 votes=1
214.31 585.28 215.01 638.50 198.61 638.71 197.91 585.49 ship 0 0.998851 votes=1
377.56 232.40 377.74 282.66 361.04 282.72 360.87 232.46 ship 0 0.998824 votes=1
315.39 487.48 315.42 456.21 327.12 456.22 327.09 487.49 ship 0 0.998729 votes=1
154.43 448.75 154.53 404.72 170.77 404.76 170.67 448.79 ship 0 0.998716 votes=1
379.51 405.78 379.54 441.20 365.89 441.21 365.87 405.79 ship 0 0.998670 votes=1
317.59 300.01 318.03 344.88 301.74 345.04 301.31 300.16 ship 0 0.998654 votes=1
450.85 210.71 451.62 280.89 429.79 281.14 429.01 210.95 ship 0 0.998568 votes=1
72.80 255.17 73.31 211.68 90.01 211.88 89.50 255.36 ship 0 0.998492 votes=1
17.75 264.14 17.81 206.43 37.10 206.45 37.04 264.16 ship 0 0.998266 votes=1
733.26 171.92 735.35 115.91 753.93 116.61 751.84 172.61 ship 0 0.998237 votes=1
65.50 583.41 68.20 622.63 54.60 623.57 51.89 584.35 ship 0 0.998085 votes=1
654.94 130.60 658.72 90.76 671.99 92.02 668.21 131.86 ship 0 0.997965 votes=1
303.32 637.51 303.69 577.93 322.56 578.04 322.19 637.63 ship 0 0.997949 votes=1
279.07 404.20 279.36 446.93 263.66 447.04 263.37 404.30 ship 0 0.997909 votes=1
389.65 578.57 390.33 631.39 371.36 631.64 370.68 578.81 ship 0 0.997776 votes=1
355.70 296.42 355.70 333.92 342.25 333.92 342.25 296.42 ship 0 0.997590 votes=1
211.32 400.24 212.09 450.30 196.08 450.55 195.31 400.48 ship 0 0.997575 votes=1
235.99 583.63 236.30 632.57 216.69 632.69 216.38 583.75 ship 0 0.997540 votes=1
337.47 298.38 339.04 341.28 326.13 341.75 324.56 298.86 ship 0 0.997368 votes=1
398.18 294.96 398.52 327.42 387.26 327.54 386.92 295.08 ship 0 0.997295 votes=1
245.93 539.25 246.75 571.82 235.21 572.11 234.39 539.55 ship 0 0.997023 votes=1
285.50 486.44 285.53 455.88 296.98 455.89 296.95 486.45 ship 0 0.997011 votes=1
279.87 579.42 281.41 629.78 260.67 630.42 259.13 580.05 ship 0 0.996996 votes=1
254.54 303.36 256.03 344.34 238.86 344.96 237.38 303.98 ship 0 0.996932 votes=1
128.37 451.94 128.94 398.83 151.22 399.07 150.65 452.18 ship 0 0.996884 votes=1
311.44 456.17 311.56 485.46 299.83 485.51 299.72 456.21 ship 0 0.996750 votes=1
161.47 252.67 170.01 213.40 183.88 216.41 175.34 255.69 ship 0 0.996620 votes=1
201.31 537.99 201.68 573.25 189.28 573.38 188.91 538.12 ship 0 0.996510 votes=1
172.35 537.90 173.43 573.72 159.69 574.13 158.61 538.31 ship 0 0.996058 votes=1
192.92 586.01 193.44 631.50 176.28 631.70 175.76 586.21 ship 0 0.996017 votes=1
51.23 579.96 52.58 623.82 37.52 624.29 36.16 580.42 ship 0 0.995777 votes=1
379.09 538.82 379.78 565.91 369.29 566.18 368.60 539.09 ship 0 0.995681 votes=1
405.81 397.57 407.61 441.38 389.82 442.11 388.03 398.29 ship 0 0.995163 votes=1
413.02 451.87 413.74 486.11 401.91 486.36 401.18 452.13 ship 0 0.994615 votes=1
275.61 541.21 275.67 571.57 262.75 571.60 262.69 541.24 ship 0 0.993981 votes=1
357.88 408.10 362.00 441.67 349.89 443.16 345.77 409.59 ship 0 0.993763 votes=1
331.30 482.14 331.36 453.19 341.89 453.21 341.83 482.16 ship 0 0.993388 votes=1
394.06 539.65 394.12 565.73 384.13 565.75 384.07 539.67 ship 0 0.993170 votes=1
236.18 487.06 236.60 459.43 248.39 459.62 247.96 487.25 ship 0 0.990792 votes=1
230.82 548.33 231.40 573.27 221.01 573.51 220.43 548.57 ship 0 0.989534 votes=1
89.85 444.01 115.28 443.26 115.57 452.90 90.13 453.65 vehicle 0 0.989283 votes=1
207.11 489.39 207.20 462.53 217.62 462.56 217.53 489.42 ship 0 0.988950 votes=1
90.53 405.89 116.32 402.74 117.47 412.12 91.68 415.27 vehicle 0 0.987025 votes=1
440.71 321.16 441.06 291.24 453.07 291.38 452.72 321.30 ship 0 0.986080 votes=1
127.13 539.15 450.48 537.93 450.83 630.70 127.48 631.92 harbor 0 0.985411 votes=1
395.51 451.68 395.93 485.67 383.70 485.82 383.28 451.83 ship 0 0.983750 votes=1
210.13 340.44 211.59 313.23 223.76 313.88 222.30 341.09 ship 0 0.983552 votes=1
364.04 540.59 364.27 569.25 352.32 569.34 352.08 540.69 ship 0 0.980797 votes=1
125.12 408.57 436.43 400.24 438.64 482.94 127.33 491.27 harbor 0 0.978394 votes=1
383.05 292.55 383.65 327.49 370.17 327.71 369.58 292.78 ship 0 0.978019 votes=1
340.05 566.72 340.73 537.38 352.31 537.65 351.63 566.99 ship 0 0.954857 votes=1
214.36 552.25 214.37 574.39 204.33 574.40 204.31 552.26 ship 0 0.951814 votes=1
200.72 322.57 200.86 301.30 210.21 301.36 210.07 322.64 ship 0 0.946816 votes=1
172.25 251.38 450.95 231.45 457.61 324.51 178.91 344.45 harbor 0 0.940767 votes=1
143.81 273.76 168.16 273.60 168.23 283.84 143.88 284.00 vehicle 0 0.922141 votes=1
142.69 463.33 143.41 487.12 131.92 487.47 131.21 463.67 ship 0 0.912472 votes=1
416.61 315.74 417.25 289.91 427.39 290.17 426.75 315.99 ship 0 0.795366 votes=1
95.19 526.58 113.74 525.89 114.04 533.90 95.48 534.60 vehicle 0 0.790891 votes=1
285.12 271.97 309.10 271.27 309.58 287.98 285.60 288.67 ship 0 0.774685 votes=1
11.43 486.67 34.03 485.94 34.31 494.74 11.71 495.47 vehicle 0 0.652505 votes=1
