138.26 72.13 320.53 66.09 326.49 245.94 144.22 251.99 baseballfield 0 0.999394 votes=1
427.94 344.84 435.92 500.80 362.64 504.55 354.66 348.59 tenniscourt 0 0.999330 votes=1
438.56 580.71 447.44 735.86 372.89 740.12 364.01 584.98 tenniscourt 0 0.999304 votes=1
535.23 574.63 543.09 730.92 469.82 734.61 461.96 578.32 tenniscourt 0 0.999301 votes=1
522.42 339.91 529.63 496.93 456.96 500.27 449.75 343.24 tenniscourt 0 0.999297 votes=1
313.14 349.60 320.53 506.26 245.59 509.80 238.19 353.13 tenniscourt 0 0.999275 votes=1
713.03 544.28 717.15 592.08 699.77 593.58 695.64 545.77 vehicle 0 0.999246 votes=1
218.25 355.22 225.48 511.22 150.66 514.69 143.43 358.69 tenniscourt 0 0.999221 votes=1
230.68 678.33 233.74 646.84 248.29 648.26 245.23 679.74 vehicle 0 0.998189 votes=1
705.12 453.57 706.90 484.09 695.25 484.77 693.47 454.25 vehicle 0 0.822164 votes=1
