516.24 360.34 545.65 407.42 529.59 417.46 500.17 370.38 ship 0 0.999212 votes=1
523.77 307.66 547.91 350.95 533.93 358.75 509.79 315.46 ship 0 0.999053 votes=1
201.24 143.38 228.88 189.81 213.09 199.20 185.46 152.77 ship 0 0.999049 votes=1
237.46 203.04 256.18 238.61 244.03 245.00 225.31 209.44 ship 0 0.998896 votes=1
385.77 122.30 405.25 163.64 390.31 170.68 370.83 129.34 ship 0 0.998823 votes=1
410.72 352.08 432.47 392.72 419.79 399.51 398.04 358.86 ship 0 0.998614 votes=1
346.08 57.83 376.04 104.66 360.34 114.71 330.38 67.87 ship 0 0.998466 votes=1
464.12 328.25 484.70 363.35 473.15 370.12 452.57 335.03 ship 0 0.998289 votes=1
142.76 197.19 160.35 227.81 150.47 233.48 132.88 202.86 ship 0 0.998240 votes=1
269.97 127.95 280.89 162.34 267.66 166.54 256.73 132.15 ship 0 0.997894 votes=1
322.95 156.33 336.44 187.02 326.79 191.26 313.30 160.57 ship 0 0.997717 votes=1
289.67 174.97 306.15 206.58 294.23 212.79 277.75 181.19 ship 0 0.997110 votes=1
492.69 309.66 509.12 347.28 498.48 351.92 482.05 314.31 ship 0 0.996983 votes=1
185.60 231.79 201.78 260.24 192.46 265.54 176.27 237.09 ship 0 0.996829 votes=1
356.64 135.61 378.50 172.91 366.77 179.78 344.91 142.48 ship 0 0.996380 votes=1
233.13 443.00 261.65 485.94 246.80 495.80 218.29 452.86 ship 0 0.995782 votes=1
272.59 186.66 285.58 216.67 275.47 221.05 262.48 191.04 ship 0 0.995372 votes=1
431.67 351.09 446.73 382.57 436.06 387.67 421.00 356.19 ship 0 0.995280 votes=1
298.70 106.07 313.86 143.78 302.61 148.30 287.44 110.59 ship 0 0.994390 votes=1
397.44 88.98 414.46 120.33 404.53 125.72 387.51 94.36 ship 0 0.994313 votes=1
57.53 341.22 76.17 380.65 63.56 386.61 44.92 347.18 ship 0 0.993390 votes=1
170.19 243.79 180.40 265.67 170.96 270.08 160.74 248.20 ship 0 0.991194 votes=1
327.72 408.84 343.47 438.86 333.52 444.09 317.77 414.07 ship 0 0.990606 votes=1
75.28 611.08 94.31 596.07 100.27 603.62 81.24 618.63 ship 0 0.982375 votes=1
89.45 616.83 107.85 605.17 112.57 612.62 94.17 624.28 ship 0 0.971588 votes=1
267.52 498.69 276.87 516.51 270.20 520.01 260.85 502.19 ship 0 0.969183 votes=1
71.71 230.02 377.33 57.40 427.52 146.26 121.90 318.88 harbor 0 0.960239 votes=1
178.55 470.29 511.17 306.23 552.45 389.93 219.83 553.99 harbor 0 0.952377 votes=1
142.21 634.51 208.66 613.71 210.72 620.29 144.26 641.09 harbor 0 0.692555 votes=1
114.64 656.34 126.86 677.06 119.32 681.50 107.11 660.78 vehicle 0 0.645341 votes=1
