284.36 445.79 285.77 328.74 327.04 329.24 325.63 446.29 ship 0 0.999382 votes=1
687.93 84.11 716.19 190.32 682.62 199.26 654.36 93.04 ship 0 0.999378 votes=1
386.38 451.54 400.62 316.85 446.02 321.65 431.78 456.34 ship 0 0.999326 votes=1
87.18 448.00 89.41 321.69 131.69 322.44 129.45 448.75 ship 0 0.999163 votes=1
606.75 127.09 629.49 236.52 596.85 243.30 574.12 133.87 ship 0 0.999110 votes=1
726.17 225.06 753.99 324.53 719.96 334.04 692.14 234.57 ship 0 0.999099 votes=1
234.99 447.15 241.52 327.56 275.91 329.44 269.38 449.02 ship 0 0.998933 votes=1
31.44 437.78 41.88 321.38 81.49 324.93 71.05 441.33 ship 0 0.998666 votes=1
426.96 287.18 693.37 152.31 747.74 259.70 481.33 394.57 harbor 0 0.965536 votes=1
32.69 401.08 445.46 407.85 444.28 479.52 31.51 472.75 harbor 0 0.757056 votes=1
13.41 276.99 650.76 170.99 725.08 617.81 87.73 723.82 harbor 0 0.741374 votes=1
