381.97 394.98 430.25 393.79 430.74 413.70 382.46 414.90 ship 0 0.998921 votes=1
385.19 484.34 430.63 482.05 431.41 497.61 385.97 499.91 ship 0 0.998764 votes=1
395.92 569.10 437.21 567.80 437.68 582.70 396.39 584.00 ship 0 0.998739 votes=1
328.03 510.52 372.42 509.32 372.82 524.32 328.44 525.52 ship 0 0.997584 votes=1
343.53 597.52 376.89 596.70 377.20 609.32 343.84 610.14 ship 0 0.997506 votes=1
384.24 373.04 442.23 370.83 442.92 388.94 384.93 391.15 ship 0 0.997330 votes=1
387.83 529.58 429.12 526.09 430.33 540.47 389.04 543.97 ship 0 0.997269 votes=1
100.95 35.61 145.87 34.79 146.20 52.50 101.28 53.32 ship 0 0.996582 votes=1
319.94 383.03 356.91 382.32 357.17 395.93 320.20 396.64 ship 0 0.996404 votes=1
461.32 109.73 462.66 154.22 446.05 154.72 444.71 110.23 ship 0 0.995809 votes=1
325.39 468.04 357.35 467.17 357.69 479.75 325.73 480.63 ship 0 0.995708 votes=1
189.83 28.80 223.47 27.17 224.14 40.94 190.50 42.58 ship 0 0.993728 votes=1
278.10 26.65 308.32 25.48 308.80 38.06 278.58 39.23 ship 0 0.992893 votes=1
325.99 574.23 373.86 573.63 374.06 589.38 326.19 589.98 ship 0 0.992718 votes=1
384.95 113.82 466.84 109.65 469.68 165.49 387.79 169.66 harbor 0 0.982915 votes=1
430.55 372.27 439.84 635.80 329.60 639.69 320.30 376.16 harbor 0 0.973423 votes=1
68.66 46.02 93.75 46.95 93.41 56.11 68.32 55.18 ship 0 0.959460 votes=1
332.84 620.54 380.25 618.38 380.96 633.92 333.55 636.08 ship 0 0.957854 votes=1
383.38 248.69 485.77 238.63 486.68 247.91 384.29 257.97 harbor 0 0.885764 votes=1
397.93 589.69 428.34 591.13 427.67 605.26 397.26 603.81 ship 0 0.868606 votes=1
404.21 464.27 437.55 464.17 437.59 476.12 404.25 476.22 ship 0 0.844100 votes=1
