636.29 269.63 654.40 310.39 638.37 317.51 620.26 276.75 vehicle 0 0.999253 votes=1
549.66 52.52 568.20 94.23 552.76 101.10 534.22 59.38 vehicle 0 0.999249 votes=1
228.52 296.61 307.80 298.82 307.09 324.30 227.81 322.09 ship 0 0.999235 votes=1
499.46 663.23 542.64 647.11 548.23 662.10 505.06 678.22 ship 0 0.998874 votes=1
759.01 375.02 768.78 405.87 756.67 409.71 746.90 378.86 vehicle 0 0.998570 votes=1
274.06 350.85 366.82 303.85 380.69 331.23 287.93 378.23 ship 0 0.998458 votes=1
399.70 257.60 415.97 296.61 402.78 302.11 386.50 263.11 ship 0 0.998426 votes=1
352.90 456.86 402.40 434.80 408.90 449.40 359.41 471.46 ship 0 0.998368 votes=1
329.82 428.41 401.58 392.25 413.23 415.38 341.48 451.54 ship 0 0.998113 votes=1
539.54 731.54 571.35 719.78 576.88 734.73 545.07 746.49 ship 0 0.997855 votes=1
740.05 766.82 778.04 752.70 783.33 766.96 745.34 781.07 vehicle 0 0.997651 votes=1
570.28 397.89 612.89 380.59 618.89 395.35 576.27 412.65 vehicle 0 0.997527 votes=1
528.41 706.60 561.67 695.98 566.16 710.01 532.89 720.64 ship 0 0.997049 votes=1
469.46 585.30 505.91 573.45 510.04 586.18 473.59 598.03 ship 0 0.997043 votes=1
232.64 193.53 281.12 172.80 287.34 187.36 238.86 208.09 ship 0 0.996864 votes=1
432.25 518.82 475.93 500.48 482.72 516.66 439.04 535.00 ship 0 0.996421 votes=1
461.71 563.70 488.47 551.85 493.64 563.52 466.89 575.38 ship 0 0.995934 votes=1
339.58 119.97 360.18 166.05 340.68 174.77 320.07 128.69 ship 0 0.995800 votes=1
513.66 684.84 550.36 674.12 553.99 686.56 517.29 697.28 ship 0 0.993850 votes=1
490.20 617.16 518.70 606.50 522.74 617.32 494.24 627.98 ship 0 0.993398 votes=1
452.18 542.94 485.98 525.51 492.29 537.76 458.50 555.19 ship 0 0.991795 votes=1
485.96 639.48 525.91 627.26 529.88 640.23 489.93 652.45 ship 0 0.991732 votes=1
359.42 171.20 383.54 216.15 369.65 223.60 345.54 178.65 ship 0 0.991090 votes=1
686.91 654.73 725.05 637.99 730.96 651.45 692.81 668.18 vehicle 0 0.987714 votes=1
571.81 656.87 587.57 683.01 578.18 688.67 562.42 662.53 ship 0 0.987697 votes=1
376.01 219.85 387.67 249.62 379.13 252.96 367.47 223.20 ship 0 0.981583 votes=1
477.56 453.06 619.68 778.75 561.15 804.30 419.03 478.60 harbor 0 0.951311 votes=1
309.07 33.74 467.29 421.00 341.46 472.41 183.23 85.15 harbor 0 0.945627 votes=1
520.63 546.66 528.04 562.57 520.00 566.32 512.59 550.41 ship 0 0.782980 votes=1
