688.26 304.47 782.19 304.35 782.31 398.27 688.38 398.40 baseballfield 0 0.999518 votes=1
684.46 570.10 685.37 475.04 780.22 475.94 779.31 571.01 baseballfield 0 0.999320 votes=1
75.60 134.02 76.49 59.55 123.55 60.11 122.66 134.58 basketballcourt 0 0.999191 votes=1
74.42 216.63 75.54 143.55 121.94 144.26 120.82 217.34 basketballcourt 0 0.999179 votes=1
20.69 215.93 21.40 142.69 67.88 143.14 67.17 216.38 basketballcourt 0 0.999071 votes=1
22.49 133.17 23.96 58.30 69.49 59.20 68.02 134.06 basketballcourt 0 0.999021 votes=1
102.22 510.35 103.49 441.97 135.12 442.56 133.85 510.94 tenniscourt 0 0.998873 votes=1
104.25 406.36 104.93 337.33 136.19 337.64 135.52 406.67 tenniscourt 0 0.998793 votes=1
60.37 510.31 60.98 441.10 93.65 441.39 93.04 510.60 tenniscourt 0 0.998770 votes=1
12.15 508.66 13.32 440.76 45.53 441.31 44.36 509.22 tenniscourt 0 0.998681 votes=1
61.96 404.36 62.96 337.20 95.07 337.67 94.07 404.84 tenniscourt 0 0.998412 votes=1
14.36 404.02 15.56 337.10 47.11 337.66 45.92 404.58 tenniscourt 0 0.998278 votes=1
81.51 566.18 81.71 537.90 96.69 538.01 96.48 566.29 tenniscourt 0 0.979297 votes=1
54.70 565.98 54.79 537.34 70.70 537.39 70.61 566.04 tenniscourt 0 0.968235 votes=1
69.51 595.18 69.71 623.30 54.14 623.41 53.93 595.30 tenniscourt 0 0.906801 votes=1
80.59 622.97 81.19 594.55 95.89 594.86 95.28 623.28 tenniscourt 0 0.686499 votes=1
