442.06 731.83 486.20 729.36 487.19 746.96 443.05 749.43 ship 0 0.998945 votes=1
444.21 150.88 444.32 115.71 456.26 115.75 456.16 150.92 ship 0 0.998889 votes=1
394.31 112.73 394.37 150.38 381.65 150.41 381.58 112.75 ship 0 0.998872 votes=1
466.55 292.01 466.96 259.17 478.30 259.32 477.89 292.15 ship 0 0.998759 votes=1
544.99 596.25 545.32 631.14 533.85 631.25 533.52 596.35 ship 0 0.998727 votes=1
604.86 305.01 604.99 344.90 590.44 344.94 590.31 305.05 ship 0 0.998702 votes=1
530.96 292.19 531.20 255.14 544.58 255.23 544.34 292.28 ship 0 0.998627 votes=1
571.17 302.85 573.04 348.89 557.57 349.52 555.69 303.48 ship 0 0.998605 votes=1
403.23 603.35 404.17 639.30 391.18 639.64 390.23 603.69 ship 0 0.998559 votes=1
367.23 672.81 368.62 622.75 384.63 623.19 383.25 673.25 ship 0 0.998540 votes=1
625.40 288.83 625.54 243.67 641.47 243.72 641.33 288.88 ship 0 0.998516 votes=1
421.25 600.44 421.55 639.00 408.34 639.10 408.04 600.54 ship 0 0.998411 votes=1
458.34 149.77 458.74 114.70 471.02 114.84 470.63 149.91 ship 0 0.998353 votes=1
608.29 347.34 608.33 304.09 623.48 304.11 623.44 347.35 ship 0 0.998077 votes=1
374.96 134.15 375.65 168.90 363.30 169.14 362.60 134.40 ship 0 0.998068 votes=1
466.30 195.80 466.53 163.83 478.27 163.91 478.04 195.88 ship 0 0.997990 votes=1
642.30 472.93 645.89 517.83 630.34 519.08 626.74 474.17 ship 0 0.997914 votes=1
683.83 472.03 684.38 515.56 669.76 515.74 669.21 472.22 ship 0 0.997905 votes=1
588.67 304.02 589.32 342.97 576.42 343.19 575.78 304.24 ship 0 0.997896 votes=1
574.95 254.07 575.33 290.73 561.93 290.87 561.55 254.21 ship 0 0.997866 votes=1
529.15 598.20 529.85 630.44 518.12 630.70 517.41 598.45 ship 0 0.997864 votes=1
378.00 307.28 378.88 336.11 368.08 336.44 367.20 307.61 ship 0 0.997772 votes=1
528.54 259.12 528.80 291.71 516.12 291.81 515.86 259.22 ship 0 0.997732 votes=1
498.09 605.48 498.22 633.26 488.14 633.30 488.02 605.53 ship 0 0.997214 votes=1
437.40 647.26 440.20 682.80 428.23 683.75 425.43 648.20 ship 0 0.997204 votes=1
423.51 336.77 423.74 303.58 435.28 303.65 435.06 336.85 ship 0 0.997128 votes=1
607.67 250.57 607.75 290.84 592.26 290.87 592.18 250.60 ship 0 0.996844 votes=1
683.99 631.92 684.34 664.34 672.76 664.46 672.41 632.05 ship 0 0.996789 votes=1
402.00 309.03 402.58 341.77 389.85 342.00 389.27 309.26 ship 0 0.996440 votes=1
361.39 297.48 362.37 336.30 347.65 336.68 346.67 297.86 ship 0 0.996208 votes=1
381.63 199.75 381.66 162.84 394.87 162.85 394.84 199.76 ship 0 0.996146 votes=1
621.57 474.82 626.04 511.89 612.19 513.56 607.72 476.49 ship 0 0.995978 votes=1
532.55 149.75 532.89 124.52 544.21 124.67 543.86 149.90 ship 0 0.995733 votes=1
467.45 647.83 468.52 678.22 458.15 678.58 457.08 648.20 ship 0 0.995715 votes=1
432.11 163.22 432.17 198.94 418.03 198.97 417.97 163.24 ship 0 0.995664 votes=1
452.35 645.76 453.92 675.97 442.63 676.55 441.06 646.35 ship 0 0.995478 votes=1
606.88 602.17 606.88 625.45 596.02 625.45 596.02 602.17 ship 0 0.994883 votes=1
566.09 717.21 566.67 740.63 557.62 740.85 557.04 717.43 ship 0 0.994605 votes=1
453.88 633.43 454.11 605.83 464.49 605.92 464.26 633.52 ship 0 0.994456 votes=1
444.90 754.93 494.97 753.91 495.34 772.10 445.27 773.12 ship 0 0.994349 votes=1
387.52 484.96 387.83 512.65 377.51 512.76 377.20 485.08 ship 0 0.993349 votes=1
625.41 459.18 625.83 425.13 637.04 425.27 636.62 459.32 ship 0 0.993292 votes=1
430.10 148.91 430.21 121.59 440.08 121.63 439.97 148.95 ship 0 0.992904 votes=1
608.20 635.36 608.69 662.07 598.09 662.26 597.60 635.56 ship 0 0.992847 votes=1
662.08 475.65 663.79 515.99 650.15 516.57 648.44 476.23 ship 0 0.992783 votes=1
397.06 263.13 397.47 294.18 385.42 294.33 385.01 263.28 ship 0 0.992202 votes=1
413.90 259.70 414.02 292.58 401.17 292.63 401.06 259.75 ship 0 0.990419 votes=1
434.10 505.26 434.23 478.59 444.06 478.64 443.93 505.31 ship 0 0.987750 votes=1
474.61 629.72 474.68 608.57 483.78 608.61 483.71 629.75 ship 0 0.986236 votes=1
403.72 649.73 404.26 680.68 393.42 680.87 392.87 649.93 ship 0 0.985690 votes=1
587.22 718.93 587.37 741.13 578.29 741.19 578.13 719.00 ship 0 0.985573 votes=1
535.51 741.90 535.66 721.83 544.78 721.90 544.63 741.97 ship 0 0.980325 votes=1
666.34 232.70 685.75 230.13 686.85 238.50 667.44 241.06 vehicle 0 0.978864 votes=1
647.34 601.71 647.98 623.44 638.47 623.72 637.82 601.99 ship 0 0.972083 votes=1
361.84 518.33 362.62 493.52 371.40 493.80 370.62 518.61 ship 0 0.968153 votes=1
420.78 481.90 421.43 505.47 412.01 505.73 411.36 482.16 ship 0 0.967035 votes=1
675.63 716.37 676.36 736.02 667.58 736.35 666.86 716.69 ship 0 0.952834 votes=1
355.79 253.94 648.48 255.00 648.16 342.44 355.48 341.38 harbor 0 0.952467 votes=1
672.86 395.82 691.22 394.69 691.74 403.16 673.38 404.30 vehicle 0 0.941445 votes=1
715.53 143.63 723.25 162.72 715.01 166.06 707.28 146.97 vehicle 0 0.940238 votes=1
512.84 608.63 513.25 631.56 502.29 631.75 501.88 608.82 ship 0 0.934608 votes=1
376.31 114.99 643.42 114.40 643.61 198.04 376.50 198.63 harbor 0 0.930813 votes=1
742.19 151.46 742.26 129.49 751.96 129.52 751.89 151.50 vehicle 0 0.929764 votes=1
696.40 716.16 696.42 735.19 687.69 735.20 687.67 716.17 ship 0 0.927972 votes=1
376.84 607.21 727.35 589.65 731.04 663.42 380.53 680.98 harbor 0 0.927078 votes=1
398.29 451.37 398.36 472.65 388.70 472.68 388.63 451.40 ship 0 0.914699 votes=1
494.53 478.70 495.01 499.36 485.67 499.58 485.19 478.92 ship 0 0.914565 votes=1
781.53 176.53 791.96 142.28 804.16 145.99 793.73 180.24 vehicle 0 0.907045 votes=1
364.65 440.49 692.91 441.37 692.72 513.82 364.46 512.94 harbor 0 0.900018 votes=1
764.52 150.46 765.96 132.22 774.36 132.89 772.92 151.12 vehicle 0 0.898823 votes=1
392.33 502.64 392.49 481.24 400.58 481.30 400.43 502.70 ship 0 0.888528 votes=1
643.03 717.16 643.48 736.28 634.34 736.50 633.89 717.37 ship 0 0.871699 votes=1
669.07 633.43 669.22 655.09 659.49 655.16 659.33 633.50 ship 0 0.854322 votes=1
663.42 266.92 684.92 261.16 686.97 268.83 665.48 274.59 vehicle 0 0.854221 votes=1
453.08 731.47 732.30 724.15 733.70 777.64 454.48 784.96 harbor 0 0.647176 votes=1
