13.98 323.13 127.13 332.68 119.35 424.93 6.20 415.38 storagetank 0 0.998818 votes=1
349.70 486.15 438.87 495.33 431.07 571.03 341.90 561.85 storagetank 0 0.998631 votes=1
277.41 376.90 389.54 386.54 381.06 485.29 268.92 475.65 storagetank 0 0.998611 votes=1
141.38 374.41 254.02 392.00 238.18 493.47 125.53 475.87 storagetank 0 0.998284 votes=1
133.29 235.36 256.74 240.00 252.80 344.63 129.36 339.99 storagetank 0 0.998107 votes=1
286.14 233.89 408.79 234.95 407.85 343.19 285.19 342.12 storagetank 0 0.997674 votes=1
228.93 468.63 295.58 472.76 292.42 523.75 225.77 519.62 storagetank 0 0.997483 votes=1
649.30 226.18 791.30 233.10 784.81 366.15 642.81 359.22 storagetank 0 0.997403 votes=1
623.71 30.00 675.57 30.54 675.12 74.43 623.25 73.90 storagetank 0 0.997400 votes=1
452.20 240.49 616.87 265.01 594.48 415.39 429.81 390.88 storagetank 0 0.997013 votes=1
416.47 233.34 463.90 235.66 461.80 278.46 414.37 276.14 storagetank 0 0.996809 votes=1
449.81 438.06 556.84 440.75 554.24 543.91 447.21 541.21 storagetank 0 0.991217 votes=1
113.35 185.78 128.77 181.38 130.98 189.13 115.56 193.53 vehicle 0 0.871841 votes=1
