243.75 363.62 562.12 551.12 424.46 784.88 106.09 597.38 Expressway-Service-area 0 0.997908 votes=1
350.93 27.88 678.73 225.23 558.00 425.76 230.21 228.41 Expressway-Service-area 0 0.997555 votes=1
301.33 670.17 335.28 689.28 332.14 694.88 298.18 675.76 vehicle 0 0.995124 votes=1
459.95 296.89 482.35 309.62 479.48 314.67 457.08 301.94 vehicle 0 0.966773 votes=1
462.49 545.07 484.95 542.05 485.69 547.52 463.23 550.54 vehicle 0 0.941232 votes=1
381.69 261.95 402.59 272.81 399.91 277.96 379.01 267.10 vehicle 0 0.939880 votes=1
525.94 346.06 526.78 322.47 532.97 322.69 532.13 346.28 vehicle 0 0.902191 votes=1
607.31 556.16 624.18 562.73 622.49 567.06 605.63 560.49 vehicle 0 0.870164 votes=1
480.02 316.16 497.27 326.31 494.59 330.86 477.34 320.72 vehicle 0 0.786051 votes=1
245.43 611.04 264.23 622.87 260.59 628.64 241.80 616.81 vehicle 0 0.603145 votes=1
