263.30 597.13 552.14 140.16 775.58 281.40 486.75 738.36 Expressway-Service-area 0 0.995959 votes=1
528.32 505.88 528.37 537.02 520.61 537.03 520.56 505.90 vehicle 0 0.986058 votes=1
548.83 467.19 558.56 493.33 553.02 495.39 543.29 469.25 vehicle 0 0.982445 votes=1
617.80 50.41 624.97 33.83 630.25 36.12 623.08 52.70 vehicle 0 0.980208 votes=1
68.35 743.72 137.86 792.69 130.74 802.79 61.24 753.82 overpass 0 0.976593 votes=1
162.23 708.82 173.56 694.12 177.24 696.96 165.90 711.65 vehicle 0 0.956156 votes=1
218.40 641.75 237.06 616.61 243.71 621.55 225.05 646.68 vehicle 0 0.955909 votes=1
58.07 634.04 359.33 159.89 453.96 220.02 152.70 694.17 Expressway-Service-area 0 0.943859 votes=1
262.71 573.28 269.75 557.76 274.60 559.96 267.55 575.48 vehicle 0 0.937123 votes=1
555.46 453.31 566.29 481.98 560.93 484.00 550.10 455.34 vehicle 0 0.914040 votes=1
338.39 392.17 381.87 422.59 378.50 427.41 335.02 396.99 overpass 0 0.898485 votes=1
