440.06 136.27 460.86 182.24 445.67 189.11 424.87 143.14 ship 0 0.999165 votes=1
302.37 185.00 323.49 242.26 303.26 249.73 282.13 192.46 ship 0 0.999106 votes=1
360.54 689.97 380.74 733.78 367.68 739.80 347.48 695.99 ship 0 0.998840 votes=1
89.67 347.88 138.21 361.00 133.78 377.39 85.24 364.28 ship 0 0.998649 votes=1
64.77 439.93 118.73 451.61 114.33 471.90 60.38 460.22 ship 0 0.998374 votes=1
58.85 489.41 106.97 499.21 103.59 515.82 55.47 506.01 ship 0 0.998255 votes=1
228.91 220.87 254.51 274.21 237.86 282.20 212.26 228.86 ship 0 0.998255 votes=1
173.99 776.11 203.26 735.82 215.75 744.89 186.47 785.18 ship 0 0.998049 votes=1
446.72 747.39 488.36 740.18 490.47 752.43 448.84 759.63 ship 0 0.997995 votes=1
56.67 412.81 118.77 426.97 114.20 447.01 52.10 432.85 ship 0 0.997947 votes=1
380.97 678.95 401.11 722.58 385.04 730.00 364.90 686.37 ship 0 0.997854 votes=1
370.24 156.91 395.01 218.16 375.15 226.20 350.38 164.94 ship 0 0.997747 votes=1
93.96 603.45 129.53 609.56 127.27 622.73 91.70 616.62 ship 0 0.997365 votes=1
344.18 701.55 360.74 733.87 348.22 740.29 331.66 707.96 ship 0 0.997297 votes=1
51.75 510.26 101.39 521.13 97.69 538.01 48.05 527.15 ship 0 0.997295 votes=1
15.92 620.90 71.98 629.61 69.00 648.82 12.94 640.11 ship 0 0.997288 votes=1
403.14 673.03 420.32 714.92 406.03 720.78 388.85 678.89 ship 0 0.997103 votes=1
415.72 140.59 439.98 197.50 423.49 204.53 399.23 147.62 ship 0 0.997101 votes=1
87.59 300.82 149.72 312.66 145.99 332.24 83.86 320.40 ship 0 0.996969 votes=1
33.98 597.54 79.58 608.76 75.23 626.46 29.62 615.24 ship 0 0.996885 votes=1
73.65 395.40 123.93 406.73 120.49 421.99 70.21 410.67 ship 0 0.996772 votes=1
258.30 219.56 275.89 268.98 258.76 275.08 241.16 225.66 ship 0 0.996585 votes=1
125.64 756.51 161.71 707.51 177.36 719.04 141.30 768.04 ship 0 0.996262 votes=1
192.70 795.15 217.58 751.52 232.71 760.15 207.83 803.78 ship 0 0.996076 votes=1
98.82 584.30 134.56 591.34 132.18 603.39 96.44 596.34 ship 0 0.995643 votes=1
90.56 724.95 124.58 678.83 139.26 689.66 105.24 735.78 ship 0 0.995542 votes=1
437.89 723.78 483.38 717.48 485.76 734.66 440.27 740.96 ship 0 0.995473 votes=1
89.76 326.79 143.69 337.38 140.67 352.79 86.73 342.19 ship 0 0.994535 votes=1
116.24 515.52 151.97 522.31 149.50 535.28 113.78 528.49 ship 0 0.994175 votes=1
149.05 766.49 179.00 724.19 194.24 734.98 164.29 777.28 ship 0 0.992157 votes=1
255.88 749.09 272.93 780.62 260.97 787.08 243.93 755.56 ship 0 0.991292 votes=1
59.26 465.28 116.20 477.69 112.40 495.13 55.46 482.71 ship 0 0.990745 votes=1
189.26 539.77 189.97 572.73 178.81 572.97 178.10 540.01 ship 0 0.990642 votes=1
306.33 716.69 324.25 752.96 311.89 759.07 293.97 722.80 ship 0 0.990629 votes=1
345.01 166.82 369.05 225.94 353.42 232.30 329.38 173.17 ship 0 0.990608 votes=1
103.08 278.00 152.17 288.38 147.84 308.89 98.74 298.51 ship 0 0.989853 votes=1
388.48 139.66 418.41 206.27 399.81 214.62 369.89 148.01 ship 0 0.984428 votes=1
172.29 268.85 211.06 278.58 207.46 292.92 168.69 283.19 ship 0 0.981731 votes=1
325.35 181.61 343.68 231.50 328.49 237.08 310.17 187.19 ship 0 0.975323 votes=1
20.35 642.59 110.66 249.95 216.69 274.34 126.38 666.98 harbor 0 0.967088 votes=1
147.63 381.41 179.09 389.69 176.26 400.44 144.79 392.16 ship 0 0.960614 votes=1
501.71 692.82 505.80 719.45 496.75 720.84 492.67 694.21 ship 0 0.957259 votes=1
109.25 737.27 145.74 693.52 158.69 704.31 122.19 748.06 ship 0 0.918016 votes=1
507.10 725.87 508.90 744.11 498.61 745.12 496.82 726.89 ship 0 0.903255 votes=1
289.59 725.79 299.20 746.45 290.47 750.51 280.87 729.85 ship 0 0.897557 votes=1
76.89 370.33 132.10 385.36 128.29 399.34 73.09 384.32 ship 0 0.887297 votes=1
215.16 218.97 448.31 134.02 484.81 234.18 251.66 319.14 harbor 0 0.875646 votes=1
29.40 572.71 82.06 585.86 77.96 602.26 25.30 589.10 ship 0 0.735930 votes=1
117.61 702.54 454.76 578.22 498.53 696.94 161.38 821.26 harbor 0 0.676068 votes=1
