568.24 449.96 682.78 395.74 703.79 440.14 589.26 494.36 Expressway-toll-station 0 0.998538 votes=1
473.87 502.54 480.06 537.98 471.32 539.50 465.14 504.07 vehicle 0 0.997862 votes=1
544.92 289.92 562.01 325.24 553.74 329.24 536.65 293.93 vehicle 0 0.997186 votes=1
493.70 625.76 529.98 613.31 533.01 622.15 496.74 634.60 vehicle 0 0.993642 votes=1
666.51 654.76 681.51 690.96 673.80 694.16 658.79 657.96 vehicle 0 0.991355 votes=1
510.68 97.04 519.00 117.18 512.21 119.98 503.90 99.84 vehicle 0 0.989497 votes=1
505.86 657.14 534.72 634.34 539.89 640.87 511.03 663.68 vehicle 0 0.987400 votes=1
506.10 204.84 507.64 243.93 498.21 244.30 496.67 205.21 vehicle 0 0.986847 votes=1
418.19 529.69 443.90 554.63 437.99 560.72 412.28 535.79 vehicle 0 0.935979 votes=1
482.71 656.14 518.18 632.87 523.09 640.35 487.62 663.62 vehicle 0 0.923864 votes=1
