165.23 490.08 339.23 148.93 611.03 287.55 437.03 628.71 stadium 0 0.996837 votes=1
539.07 615.64 566.49 557.36 592.42 569.56 565.00 627.84 tenniscourt 0 0.976858 votes=1
706.24 598.86 741.20 529.92 774.76 546.93 739.80 615.88 tenniscourt 0 0.963893 votes=1
533.35 505.15 564.18 442.87 605.35 463.25 574.51 525.53 tenniscourt 0 0.958639 votes=1
567.89 628.46 599.30 571.39 629.01 587.74 597.59 644.81 tenniscourt 0 0.945616 votes=1
594.29 645.35 627.28 585.65 652.92 599.81 619.92 659.51 tenniscourt 0 0.944942 votes=1
578.38 421.13 613.96 351.23 652.13 370.66 616.55 440.56 tenniscourt 0 0.937953 votes=1
680.50 584.46 715.88 515.88 742.02 529.37 706.64 597.94 tenniscourt 0 0.937876 votes=1
578.01 526.32 607.63 464.82 642.18 481.46 612.56 542.96 tenniscourt 0 0.915490 votes=1
683.93 471.55 715.98 412.22 742.80 426.71 710.74 486.04 tenniscourt 0 0.904180 votes=1
621.44 440.49 659.54 375.59 691.64 394.44 653.54 459.34 tenniscourt 0 0.880186 votes=1
641.46 677.94 673.42 616.13 713.61 636.91 681.64 698.72 basketballcourt 0 0.867464 votes=1
626.42 554.66 658.08 491.89 698.21 512.13 666.55 574.90 tenniscourt 0 0.863770 votes=1
