598.26 377.66 647.23 350.48 656.95 368.00 607.98 395.18 ship 0 0.999277 votes=1
265.33 650.70 300.06 694.43 284.96 706.43 250.22 662.70 ship 0 0.999175 votes=1
524.19 241.76 575.28 219.84 583.53 239.09 532.45 261.01 ship 0 0.999162 votes=1
522.86 420.81 579.70 394.86 588.54 414.23 531.70 440.17 ship 0 0.999050 votes=1
357.78 578.26 389.51 618.35 375.49 629.45 343.76 589.36 ship 0 0.999047 votes=1
580.60 351.82 629.82 329.38 638.28 347.94 589.06 370.38 ship 0 0.998955 votes=1
306.85 614.24 344.62 656.72 330.69 669.11 292.92 626.62 ship 0 0.998849 votes=1
462.29 283.46 508.13 258.25 516.50 273.48 470.67 298.68 ship 0 0.998655 votes=1
330.30 594.27 364.18 638.70 346.59 652.11 312.72 607.68 ship 0 0.998633 votes=1
554.20 289.23 611.54 269.10 617.54 286.21 560.21 306.34 ship 0 0.998310 votes=1
247.05 365.78 261.12 396.05 249.29 401.54 235.23 371.27 ship 0 0.998169 votes=1
516.43 392.99 567.65 369.08 576.05 387.08 524.83 410.99 ship 0 0.998051 votes=1
350.64 400.52 367.45 436.48 355.07 442.27 338.25 406.31 ship 0 0.997766 votes=1
287.00 643.19 320.39 678.73 308.16 690.22 274.77 654.68 ship 0 0.997648 votes=1
478.33 311.37 518.24 290.30 526.07 305.13 486.15 326.19 ship 0 0.997008 votes=1
374.48 564.68 407.32 603.20 394.78 613.88 361.94 575.36 ship 0 0.996984 votes=1
125.93 377.19 138.68 404.02 127.65 409.27 114.90 382.43 ship 0 0.996431 votes=1
76.99 448.32 93.34 481.77 80.47 488.06 64.12 454.61 ship 0 0.996408 votes=1
70.20 403.36 85.89 428.60 74.71 435.55 59.02 410.31 ship 0 0.996350 votes=1
273.97 501.78 293.67 536.53 282.76 542.72 263.05 507.97 ship 0 0.995830 votes=1
197.39 336.28 209.77 364.02 197.19 369.64 184.80 341.90 ship 0 0.995167 votes=1
4.37 758.58 58.19 763.93 56.47 781.31 2.65 775.96 ship 0 0.994658 votes=1
185.95 390.11 197.68 423.55 185.37 427.87 173.64 394.43 ship 0 0.993543 votes=1
219.75 533.35 233.44 565.10 221.39 570.29 207.71 538.54 ship 0 0.992554 votes=1
199.31 500.29 211.03 522.12 202.40 526.75 190.68 504.93 ship 0 0.991601 votes=1
165.27 354.31 182.10 379.36 173.16 385.37 156.33 360.32 ship 0 0.991529 votes=1
156.96 520.51 382.85 390.02 422.11 458.00 196.22 588.48 harbor 0 0.984332 votes=1
67.77 742.58 93.34 749.60 90.09 761.44 64.52 754.42 ship 0 0.982491 votes=1
332.08 422.15 344.44 444.15 335.24 449.33 322.87 427.33 ship 0 0.980973 votes=1
583.68 230.39 678.15 400.78 556.00 468.50 461.53 298.10 harbor 0 0.922675 votes=1
574.55 430.69 596.20 423.74 599.28 433.32 577.63 440.27 ship 0 0.921228 votes=1
63.20 774.84 107.89 775.83 107.56 790.79 62.87 789.81 ship 0 0.900543 votes=1
49.38 409.85 302.98 278.08 340.22 349.76 86.62 481.53 harbor 0 0.890049 votes=1
259.79 657.86 443.96 507.67 485.61 558.75 301.45 708.93 harbor 0 0.881148 votes=1
387.22 398.78 395.21 417.02 386.48 420.84 378.50 402.60 ship 0 0.831734 votes=1
206.31 324.83 231.37 332.25 227.06 346.81 202.00 339.39 ship 0 0.800730 votes=1
240.51 307.80 244.27 292.41 251.34 294.15 247.58 309.53 ship 0 0.647926 votes=1
237.83 304.97 246.26 318.69 239.11 323.09 230.68 309.37 ship 0 0.612752 votes=1
