377.76 673.12 450.24 670.25 451.47 701.48 378.99 704.34 vehicle 0 0.999587 votes=1
75.82 424.71 148.88 423.07 149.52 451.26 76.45 452.90 vehicle 0 0.999509 votes=1
98.93 275.83 167.92 270.05 170.23 297.63 101.24 303.41 vehicle 0 0.999508 votes=1
417.88 454.77 490.02 451.75 491.12 477.99 418.98 481.01 vehicle 0 0.999464 votes=1
667.81 343.89 734.47 342.14 735.17 368.63 668.51 370.38 vehicle 0 0.999462 votes=1
85.68 330.38 159.55 323.21 162.36 352.18 88.49 359.35 vehicle 0 0.999452 votes=1
612.04 172.51 686.19 171.39 686.61 199.34 612.46 200.46 vehicle 0 0.999447 votes=1
484.30 172.43 577.47 170.81 578.03 203.31 484.86 204.92 vehicle 0 0.999414 votes=1
534.89 346.37 635.55 343.76 636.36 375.37 535.71 377.97 vehicle 0 0.999389 votes=1
390.68 498.07 491.43 482.48 497.30 520.48 396.56 536.06 vehicle 0 0.999165 votes=1
250.58 215.12 310.62 203.45 316.06 231.43 256.02 243.10 vehicle 0 0.999112 votes=1
538.09 714.39 620.78 713.20 621.27 747.25 538.58 748.44 vehicle 0 0.999107 votes=1
584.50 399.29 736.28 401.18 735.78 441.50 584.00 439.61 vehicle 0 0.999087 votes=1
407.69 400.63 489.41 396.04 491.15 427.00 409.43 431.59 vehicle 0 0.998368 votes=1
