704.62 362.07 704.86 401.13 689.64 401.23 689.40 362.17 vehicle 0 0.999505 votes=1
302.74 286.02 303.70 478.24 213.29 478.69 212.33 286.47 tenniscourt 0 0.999496 votes=1
409.55 283.24 411.61 477.95 320.86 478.91 318.80 284.20 tenniscourt 0 0.999468 votes=1
650.15 534.39 651.07 574.29 635.27 574.65 634.34 534.75 vehicle 0 0.999462 votes=1
693.58 583.00 693.64 548.45 708.38 548.48 708.32 583.03 vehicle 0 0.999431 votes=1
304.80 564.45 309.78 756.35 218.15 758.73 213.17 566.83 tenniscourt 0 0.999419 votes=1
196.97 564.66 198.34 759.44 109.90 760.06 108.53 565.28 tenniscourt 0 0.999415 votes=1
194.84 286.55 197.17 479.53 107.07 480.62 104.74 287.63 tenniscourt 0 0.999413 votes=1
517.20 281.74 518.71 476.78 428.05 477.49 426.53 282.44 tenniscourt 0 0.999408 votes=1
413.77 564.43 416.39 752.99 323.95 754.27 321.33 565.71 tenniscourt 0 0.999403 votes=1
704.79 199.43 706.62 234.22 692.49 234.96 690.66 200.17 vehicle 0 0.999387 votes=1
520.54 563.43 522.98 746.89 431.17 748.11 428.73 564.65 tenniscourt 0 0.999368 votes=1
702.98 41.10 703.24 79.63 689.44 79.72 689.19 41.19 vehicle 0 0.999264 votes=1
749.77 679.49 751.88 715.38 736.29 716.30 734.18 680.40 vehicle 0 0.999169 votes=1
781.55 68.02 781.76 101.73 768.97 101.81 768.77 68.10 vehicle 0 0.999031 votes=1
704.88 275.05 705.34 310.81 691.47 310.98 691.01 275.23 vehicle 0 0.997609 votes=1
