75.63 243.66 673.83 657.34 586.93 783.00 -11.27 369.33 Expressway-Service-area 0 0.995430 votes=1
447.40 371.26 476.72 391.52 472.22 398.02 442.90 377.76 vehicle 0 0.993158 votes=1
495.40 541.97 539.53 572.05 532.55 582.29 488.42 552.21 vehicle 0 0.991829 votes=1
146.06 22.46 846.64 504.74 770.69 615.07 70.12 132.78 Expressway-Service-area 0 0.990034 votes=1
337.50 287.91 361.15 303.17 357.02 309.58 333.36 294.31 vehicle 0 0.980575 votes=1
543.20 574.57 581.81 602.47 573.81 613.54 535.20 585.64 vehicle 0 0.949606 votes=1
221.49 300.05 234.24 307.78 231.00 313.12 218.26 305.38 vehicle 0 0.930500 votes=1
658.70 460.51 664.18 428.49 670.90 429.64 665.42 461.66 vehicle 0 0.900057 votes=1
387.96 529.41 392.58 501.33 398.82 502.36 394.20 530.44 vehicle 0 0.876970 votes=1
178.04 381.24 183.39 351.32 189.23 352.36 183.88 382.29 vehicle 0 0.863882 votes=1
585.74 608.17 630.17 642.73 623.36 651.49 578.92 616.93 vehicle 0 0.768309 votes=1
592.94 478.11 613.86 492.31 610.21 497.69 589.29 483.49 vehicle 0 0.731172 votes=1
521.29 427.68 540.43 439.19 536.47 445.77 517.33 434.26 vehicle 0 0.600217 votes=1
