410.96 354.39 415.22 415.39 394.39 416.84 390.14 355.84 ship 0 0.999485 votes=1
81.29 556.07 88.66 605.02 69.83 607.85 62.46 558.91 ship 0 0.999175 votes=1
226.66 568.96 227.04 523.03 245.54 523.19 245.16 569.11 ship 0 0.999170 votes=1
249.59 652.33 249.91 699.33 230.99 699.46 230.66 652.46 ship 0 0.999015 votes=1
441.74 172.01 459.98 206.49 448.63 212.50 430.39 178.02 ship 0 0.991291 votes=1
763.81 135.90 763.87 109.60 774.67 109.62 774.60 135.93 ship 0 0.987116 votes=1
773.65 46.14 773.75 71.40 763.99 71.44 763.88 46.18 ship 0 0.982357 votes=1
403.05 173.50 420.47 215.25 407.73 220.56 390.31 178.81 ship 0 0.981979 votes=1
386.91 156.07 403.09 166.56 398.42 173.75 382.25 163.27 ship 0 0.981281 votes=1
774.67 138.61 774.86 161.68 764.57 161.76 764.38 138.69 ship 0 0.946189 votes=1
403.67 116.09 450.26 211.57 426.14 223.34 379.54 127.86 harbor 0 0.932506 votes=1
761.76 3.90 764.10 182.10 737.08 182.45 734.73 4.25 harbor 0 0.922292 votes=1
671.64 8.36 684.58 176.63 651.80 179.14 638.86 10.88 harbor 0 0.872589 votes=1
668.00 68.10 668.13 49.85 677.55 49.91 677.43 68.17 ship 0 0.860758 votes=1
326.16 110.36 339.99 137.04 327.72 143.41 313.88 116.73 vehicle 0 0.693803 votes=1
