691.59 514.50 691.90 651.61 629.54 651.75 629.23 514.65 tenniscourt 0 0.999224 votes=1
553.25 650.54 554.16 514.58 615.02 514.99 614.11 650.95 tenniscourt 0 0.999148 votes=1
398.02 649.55 398.47 514.41 461.63 514.62 461.18 649.76 tenniscourt 0 0.999116 votes=1
554.03 469.14 554.64 334.18 615.57 334.46 614.96 469.42 tenniscourt 0 0.999069 votes=1
692.68 334.89 693.25 471.56 630.52 471.83 629.95 335.15 tenniscourt 0 0.998988 votes=1
58.33 246.09 92.43 214.86 104.99 228.57 70.88 259.80 vehicle 0 0.998979 votes=1
475.49 650.08 476.81 512.97 539.84 513.57 538.53 650.68 tenniscourt 0 0.998963 votes=1
539.43 334.08 539.69 469.50 476.34 469.62 476.09 334.20 tenniscourt 0 0.998801 votes=1
201.71 180.52 235.40 151.12 248.05 165.62 214.35 195.01 vehicle 0 0.998694 votes=1
399.84 469.04 399.93 333.94 461.28 333.98 461.20 469.08 tenniscourt 0 0.998667 votes=1
561.69 676.67 562.39 751.99 536.86 752.23 536.16 676.91 vehicle 0 0.998623 votes=1
334.04 438.15 378.62 437.61 378.84 455.78 334.26 456.32 vehicle 0 0.998540 votes=1
258.11 247.23 285.13 217.56 298.87 230.07 271.85 259.74 vehicle 0 0.998057 votes=1
494.96 746.46 496.92 671.26 524.52 671.98 522.56 747.18 vehicle 0 0.997930 votes=1
113.27 320.33 139.23 290.21 153.81 302.77 127.86 332.89 vehicle 0 0.993083 votes=1
