35.38 621.36 326.23 -18.53 551.30 83.78 260.45 723.67 Expressway-Service-area 0 0.995297 votes=1
331.25 359.39 341.81 334.82 346.75 336.95 336.19 361.51 vehicle 0 0.992127 votes=1
283.60 420.37 294.89 394.55 300.96 397.21 289.68 423.03 vehicle 0 0.991209 votes=1
326.89 416.11 334.64 395.62 340.35 397.78 332.59 418.27 vehicle 0 0.990172 votes=1
315.09 764.71 609.38 122.51 838.01 227.28 543.73 869.48 Expressway-Service-area 0 0.989133 votes=1
508.88 480.00 517.26 459.64 523.10 462.04 514.72 482.40 vehicle 0 0.988918 votes=1
406.04 244.90 418.86 220.41 424.53 223.38 411.70 247.86 vehicle 0 0.988459 votes=1
497.19 594.89 507.57 572.06 513.12 574.58 502.74 597.41 vehicle 0 0.985882 votes=1
534.01 439.22 541.31 420.92 547.06 423.21 539.77 441.51 vehicle 0 0.985835 votes=1
380.55 290.57 388.15 271.90 392.86 273.82 385.26 292.49 vehicle 0 0.985397 votes=1
308.15 331.99 316.31 312.50 321.86 314.82 313.70 334.32 vehicle 0 0.984650 votes=1
382.93 494.73 392.63 472.91 397.41 475.03 387.71 496.85 vehicle 0 0.980227 votes=1
295.06 361.70 303.26 344.15 307.83 346.29 299.63 363.84 vehicle 0 0.979319 votes=1
379.08 379.58 386.45 361.06 391.92 363.23 384.55 381.76 vehicle 0 0.978803 votes=1
544.64 403.35 558.45 376.86 565.58 380.57 551.76 407.07 vehicle 0 0.977818 votes=1
528.98 603.92 543.51 576.75 549.12 579.75 534.59 606.92 vehicle 0 0.976202 votes=1
428.18 631.22 444.84 587.98 450.25 590.06 433.59 633.31 vehicle 0 0.974902 votes=1
584.81 490.65 594.53 469.68 599.44 471.96 589.72 492.93 vehicle 0 0.972891 votes=1
411.62 306.51 429.97 264.53 435.69 267.03 417.34 309.01 vehicle 0 0.971510 votes=1
526.06 579.73 534.13 559.89 538.56 561.70 530.49 581.53 vehicle 0 0.970867 votes=1
560.68 541.87 569.72 523.10 574.97 525.62 565.93 544.40 vehicle 0 0.968910 votes=1
324.46 461.82 344.07 423.63 350.09 426.72 330.47 464.91 vehicle 0 0.968829 votes=1
512.46 624.37 528.09 603.79 533.46 607.87 517.83 628.45 vehicle 0 0.967607 votes=1
335.78 474.89 343.51 457.14 349.32 459.68 341.59 477.42 vehicle 0 0.959021 votes=1
333.61 277.83 341.54 259.29 346.42 261.37 338.49 279.91 vehicle 0 0.953713 votes=1
349.58 306.42 357.46 289.40 362.04 291.52 354.16 308.54 vehicle 0 0.953103 votes=1
313.56 358.14 321.31 337.74 325.92 339.49 318.18 359.89 vehicle 0 0.949911 votes=1
572.61 516.62 582.14 496.41 587.83 499.09 578.30 519.30 vehicle 0 0.937914 votes=1
352.10 272.27 357.77 255.86 363.64 257.89 357.97 274.30 vehicle 0 0.915367 votes=1
277.04 697.50 282.49 680.04 287.61 681.63 282.16 699.09 vehicle 0 0.913283 votes=1
292.99 707.09 299.48 691.20 303.91 693.01 297.42 708.90 vehicle 0 0.904259 votes=1
338.81 300.12 347.69 279.65 352.32 281.66 343.44 302.13 vehicle 0 0.901778 votes=1
331.91 331.39 340.27 312.29 344.79 314.27 336.43 333.36 vehicle 0 0.896274 votes=1
538.08 369.20 546.22 350.57 551.70 352.97 543.56 371.60 vehicle 0 0.888239 votes=1
431.19 439.37 441.58 414.11 446.59 416.17 436.20 441.43 vehicle 0 0.886703 votes=1
364.10 285.92 373.02 266.18 377.42 268.17 368.50 287.91 vehicle 0 0.825067 votes=1
526.00 193.10 534.66 177.95 538.59 180.20 529.94 195.35 vehicle 0 0.781996 votes=1
368.16 246.23 389.45 252.04 388.07 257.07 366.79 251.26 vehicle 0 0.623799 votes=1
