447.02 267.15 458.00 518.36 237.26 528.01 226.28 276.80 chimney 0 0.999075 votes=1
620.59 280.35 645.70 246.22 652.45 251.18 627.33 285.31 vehicle 0 0.990752 votes=1
455.54 709.86 466.66 718.36 463.26 722.81 452.13 714.32 vehicle 0 0.952164 votes=1
448.98 673.41 460.96 681.40 457.73 686.24 445.75 678.25 vehicle 0 0.938645 votes=1
338.41 630.89 350.85 640.36 347.25 645.09 334.81 635.61 vehicle 0 0.934034 votes=1
238.35 563.99 248.48 571.23 245.16 575.87 235.03 568.64 vehicle 0 0.933724 votes=1
166.02 516.97 175.56 522.37 172.79 527.25 163.26 521.85 vehicle 0 0.879043 votes=1
305.30 605.76 315.03 612.11 311.82 617.02 302.10 610.66 vehicle 0 0.870073 votes=1
494.33 730.23 505.67 737.18 502.85 741.78 491.51 734.83 vehicle 0 0.859998 votes=1
173.74 505.69 186.12 513.70 183.00 518.52 170.62 510.51 vehicle 0 0.854829 votes=1
