451.52 541.51 460.46 666.30 344.55 674.60 335.62 549.81 airplane 0 0.999463 votes=1
462.26 404.00 467.99 524.56 350.58 530.14 344.85 409.57 airplane 0 0.999421 votes=1
354.66 271.73 362.57 361.32 280.16 368.60 272.25 279.01 airplane 0 0.999408 votes=1
451.50 274.42 452.99 329.92 407.31 331.15 405.82 275.65 airplane 0 0.999346 votes=1
214.51 509.52 216.23 458.21 259.02 459.63 257.31 510.95 airplane 0 0.999175 votes=1
262.53 519.72 266.50 566.93 223.13 570.59 219.15 523.37 airplane 0 0.998908 votes=1
256.42 573.26 257.40 618.03 220.62 618.84 219.64 574.06 airplane 0 0.998829 votes=1
225.17 754.79 285.78 752.34 287.83 803.33 227.23 805.77 airplane 0 0.998678 votes=1
253.31 383.79 255.30 429.95 219.18 431.50 217.19 385.34 airplane 0 0.994623 votes=1
519.99 222.94 563.54 205.48 580.43 247.60 536.88 265.06 airplane 0 0.991457 votes=1
574.97 60.39 598.77 61.52 598.34 70.60 574.54 69.47 vehicle 0 0.986301 votes=1
574.21 80.94 597.12 81.38 596.93 91.00 574.02 90.56 vehicle 0 0.985075 votes=1
573.89 93.74 599.10 93.34 599.24 102.48 574.03 102.88 vehicle 0 0.982664 votes=1
760.42 37.57 787.88 37.32 787.96 47.06 760.51 47.31 vehicle 0 0.979152 votes=1
523.19 86.95 543.62 86.69 543.75 96.56 523.32 96.82 vehicle 0 0.967833 votes=1
526.44 63.10 545.64 64.04 545.23 72.52 526.02 71.58 vehicle 0 0.952421 votes=1
524.55 42.16 544.34 41.42 544.65 49.51 524.85 50.25 vehicle 0 0.937711 votes=1
523.99 152.30 554.10 160.11 551.67 169.48 521.56 161.68 vehicle 0 0.867565 votes=1
612.66 73.38 636.61 70.28 637.89 80.14 613.94 83.25 vehicle 0 0.841210 votes=1
575.18 50.37 598.57 50.39 598.56 58.59 575.18 58.58 vehicle 0 0.622540 votes=1
622.04 106.37 635.43 107.43 634.64 117.23 621.26 116.16 vehicle 0 0.618447 votes=1
