712.03 399.60 794.48 403.65 790.49 485.07 708.03 481.02 storagetank 0 0.998919 votes=1
613.48 228.13 703.55 239.09 692.76 327.77 602.69 316.81 storagetank 0 0.998845 votes=1
534.65 323.84 635.99 337.67 622.44 436.93 521.10 423.09 storagetank 0 0.998574 votes=1
708.49 518.20 794.03 518.95 793.32 600.19 707.77 599.44 storagetank 0 0.998509 votes=1
24.60 390.00 116.96 388.82 118.12 480.15 25.77 481.33 storagetank 0 0.998312 votes=1
708.38 249.03 709.52 164.60 791.90 165.71 790.77 250.14 storagetank 0 0.998282 votes=1
26.15 274.95 117.37 276.78 115.57 366.60 24.35 364.78 storagetank 0 0.997978 votes=1
705.75 359.94 716.23 277.46 796.59 287.67 786.11 370.15 storagetank 0 0.997919 votes=1
282.71 247.97 380.85 246.70 382.11 343.44 283.97 344.71 storagetank 0 0.997657 votes=1
401.76 197.17 517.92 197.49 517.61 311.57 401.45 311.25 storagetank 0 0.997580 votes=1
137.85 276.08 231.75 276.01 231.83 369.82 137.92 369.89 storagetank 0 0.996183 votes=1
534.78 169.52 613.44 170.50 612.46 248.86 533.80 247.88 storagetank 0 0.992883 votes=1
370.92 374.89 404.61 375.43 404.11 406.40 370.42 405.86 storagetank 0 0.980744 votes=1
224.67 568.45 224.69 589.66 214.16 589.67 214.14 568.46 storagetank 0 0.654227 votes=1
239.28 566.54 239.35 581.90 228.47 581.95 228.40 566.58 storagetank 0 0.622416 votes=1
