463.48 236.21 629.66 596.80 574.37 622.28 408.19 261.69 Expressway-toll-station 0 0.997965 votes=1
179.60 549.25 203.67 510.93 213.31 516.98 189.24 555.31 vehicle 0 0.997142 votes=1
230.42 755.34 270.49 737.75 274.97 747.94 234.90 765.53 vehicle 0 0.996924 votes=1
608.22 263.29 654.12 240.92 659.73 252.44 613.83 274.80 vehicle 0 0.996810 votes=1
275.14 461.94 311.28 430.09 319.47 439.39 283.33 471.23 vehicle 0 0.996571 votes=1
506.45 236.43 554.77 214.59 559.73 225.56 511.41 247.40 vehicle 0 0.992748 votes=1
538.05 313.58 584.91 290.13 591.44 303.18 544.58 326.64 vehicle 0 0.991596 votes=1
661.47 217.53 711.84 225.44 710.12 236.37 659.76 228.46 vehicle 0 0.982940 votes=1
44.16 797.82 56.24 754.89 65.77 757.57 53.70 800.50 vehicle 0 0.948015 votes=1
39.81 691.50 94.96 622.12 105.42 630.43 50.27 699.81 vehicle 0 0.724590 votes=1
