282.62 359.39 296.20 315.65 311.97 320.55 298.38 364.28 ship 0 0.999043 votes=1
494.81 511.78 512.63 455.40 533.88 462.12 516.06 518.50 ship 0 0.998942 votes=1
194.95 381.78 206.15 347.96 220.30 352.65 209.09 386.47 ship 0 0.998782 votes=1
530.24 506.03 541.85 470.93 555.56 475.46 543.95 510.57 ship 0 0.998724 votes=1
214.05 399.81 230.54 355.90 245.07 361.36 228.58 405.27 ship 0 0.998661 votes=1
210.32 331.85 226.71 290.29 241.67 296.18 225.27 337.74 ship 0 0.998574 votes=1
261.37 348.13 275.01 304.74 290.05 309.47 276.41 352.86 ship 0 0.998548 votes=1
165.80 303.84 177.43 269.21 191.65 273.98 180.02 308.61 ship 0 0.998489 votes=1
287.30 420.74 302.69 380.32 317.80 386.07 302.40 426.49 ship 0 0.998445 votes=1
331.99 373.11 343.34 338.59 357.18 343.14 345.84 377.66 ship 0 0.998436 votes=1
237.60 334.80 247.93 300.70 261.84 304.91 251.51 339.01 ship 0 0.998414 votes=1
141.53 299.39 152.68 257.13 167.72 261.10 156.57 303.36 ship 0 0.998336 votes=1
183.97 321.44 200.60 284.02 214.94 290.39 198.30 327.82 ship 0 0.998220 votes=1
500.74 432.33 515.08 395.79 529.33 401.39 514.99 437.92 ship 0 0.998073 votes=1
356.24 382.09 368.20 347.71 382.96 352.85 371.00 387.22 ship 0 0.997951 votes=1
483.67 482.01 492.82 452.02 505.58 455.91 496.44 485.90 ship 0 0.997826 votes=1
453.46 411.16 464.67 379.93 478.75 384.98 467.54 416.21 ship 0 0.997763 votes=1
457.36 477.81 472.18 436.64 486.19 441.69 471.37 482.85 ship 0 0.997643 votes=1
388.33 451.71 397.61 420.08 411.37 424.11 402.08 455.75 ship 0 0.997585 votes=1
235.05 426.15 252.48 370.00 274.35 376.79 256.91 432.93 ship 0 0.997579 votes=1
142.00 381.46 155.38 336.19 170.41 340.63 157.03 385.90 ship 0 0.997522 votes=1
428.97 405.58 440.86 371.96 455.18 377.02 443.30 410.65 ship 0 0.997012 votes=1
360.71 444.90 374.33 408.78 388.55 414.14 374.92 450.26 ship 0 0.996583 votes=1
382.89 386.37 392.79 354.52 406.38 358.74 396.49 390.60 ship 0 0.996534 votes=1
169.07 374.88 181.69 337.66 196.32 342.62 183.70 379.85 ship 0 0.996365 votes=1
313.75 426.07 326.26 393.82 339.37 398.91 326.86 431.16 ship 0 0.996299 votes=1
120.77 369.21 131.12 318.39 147.22 321.67 136.87 372.49 ship 0 0.995963 votes=1
480.65 416.41 491.27 385.86 504.25 390.37 493.63 420.92 ship 0 0.995482 votes=1
410.84 459.35 422.84 423.46 436.79 428.12 424.79 464.02 ship 0 0.994538 votes=1
307.61 366.02 318.86 329.17 331.53 333.04 320.28 369.89 ship 0 0.991858 votes=1
434.32 469.30 445.61 433.12 461.08 437.94 449.80 474.13 ship 0 0.991427 votes=1
158.26 263.63 675.67 444.73 640.27 545.89 122.86 364.78 harbor 0 0.967641 votes=1
