312.26 592.63 382.70 594.06 382.10 623.93 311.65 622.49 vehicle 0 0.999556 votes=1
523.18 210.53 592.04 209.86 592.31 237.94 523.45 238.61 vehicle 0 0.999548 votes=1
316.73 337.40 387.21 337.07 387.35 365.27 316.86 365.61 vehicle 0 0.999545 votes=1
300.24 507.51 382.42 506.31 382.86 537.10 300.68 538.29 vehicle 0 0.999470 votes=1
520.56 507.35 609.06 505.20 609.87 538.54 521.37 540.69 vehicle 0 0.999428 votes=1
518.38 292.97 594.23 292.51 594.41 322.58 518.56 323.04 vehicle 0 0.999415 votes=1
309.38 122.73 380.43 124.27 379.78 154.24 308.72 152.70 vehicle 0 0.999378 votes=1
521.70 337.54 590.99 338.64 590.51 369.17 521.21 368.06 vehicle 0 0.999363 votes=1
530.22 254.58 597.09 253.13 597.68 280.14 530.80 281.60 vehicle 0 0.999352 votes=1
313.25 378.79 386.72 379.05 386.61 408.72 313.15 408.46 vehicle 0 0.999333 votes=1
317.43 423.72 389.14 425.12 388.56 455.14 316.84 453.74 vehicle 0 0.999300 votes=1
523.57 122.94 590.12 118.84 591.75 145.38 525.21 149.48 vehicle 0 0.998844 votes=1
