60.80 116.81 62.30 61.91 89.02 62.64 87.51 117.54 vehicle 0 0.999462 votes=1
360.09 255.07 416.97 255.84 416.31 304.43 359.43 303.66 storagetank 0 0.998343 votes=1
417.60 257.28 476.33 258.37 475.46 304.99 416.73 303.91 storagetank 0 0.998334 votes=1
306.16 254.39 358.29 254.67 358.04 301.32 305.91 301.04 storagetank 0 0.998184 votes=1
414.57 322.76 475.86 325.04 474.07 373.06 412.79 370.78 storagetank 0 0.997886 votes=1
499.79 266.83 662.00 269.18 659.94 411.54 497.72 409.19 storagetank 0 0.997682 votes=1
348.19 318.96 414.18 319.56 413.74 367.56 347.75 366.95 storagetank 0 0.997384 votes=1
367.95 110.70 489.81 116.02 484.85 229.69 362.99 224.37 storagetank 0 0.997326 votes=1
250.79 256.54 304.66 257.21 304.11 300.93 250.25 300.26 storagetank 0 0.997216 votes=1
287.59 320.61 345.61 320.31 345.85 367.66 287.84 367.95 storagetank 0 0.997082 votes=1
186.97 110.31 320.99 114.29 317.37 236.21 183.35 232.22 storagetank 0 0.996707 votes=1
508.40 116.55 634.46 119.29 632.00 232.19 505.94 229.44 storagetank 0 0.996406 votes=1
222.07 322.78 288.26 321.95 288.84 368.24 222.65 369.07 storagetank 0 0.990472 votes=1
