413.23 635.29 523.29 632.43 524.05 661.84 414.00 664.70 ship 0 0.999472 votes=1
414.06 362.84 492.90 353.32 495.39 373.99 416.55 383.51 ship 0 0.999398 votes=1
411.17 167.10 467.60 167.00 467.63 185.00 411.20 185.10 ship 0 0.999342 votes=1
316.36 333.11 385.88 330.54 386.65 351.40 317.13 353.96 ship 0 0.999307 votes=1
316.94 224.10 380.62 221.69 381.39 242.01 317.71 244.42 ship 0 0.999273 votes=1
336.14 565.20 398.18 562.53 399.03 582.13 336.99 584.80 ship 0 0.999268 votes=1
317.91 93.45 377.03 91.01 377.89 111.76 318.76 114.20 ship 0 0.999263 votes=1
43.71 270.02 112.36 269.36 112.54 288.08 43.89 288.74 ship 0 0.999260 votes=1
417.82 423.58 490.96 419.92 492.03 441.18 418.88 444.84 ship 0 0.999221 votes=1
315.16 422.74 396.31 414.05 398.92 438.42 317.77 447.10 ship 0 0.999177 votes=1
144.35 43.92 200.01 45.15 199.57 65.12 143.91 63.90 ship 0 0.999088 votes=1
311.44 196.29 378.97 195.11 379.32 215.20 311.79 216.38 ship 0 0.999066 votes=1
319.44 120.48 373.41 118.99 373.94 138.41 319.97 139.90 ship 0 0.999061 votes=1
318.81 44.35 374.96 43.42 375.27 61.92 319.12 62.85 ship 0 0.999059 votes=1
318.79 70.00 371.85 69.16 372.12 85.82 319.06 86.67 ship 0 0.998948 votes=1
421.87 486.96 505.46 489.91 504.63 513.30 421.04 510.35 ship 0 0.998928 votes=1
61.50 151.81 108.55 152.79 108.20 169.51 61.15 168.53 ship 0 0.998819 votes=1
142.79 19.43 197.16 18.63 197.42 36.24 143.05 37.03 ship 0 0.998750 votes=1
411.84 272.17 490.53 272.18 490.53 296.24 411.84 296.23 ship 0 0.998469 votes=1
28.16 396.02 30.80 3.37 226.41 4.69 223.77 397.33 harbor 0 0.985763 votes=1
485.49 8.81 502.34 641.61 320.66 646.45 303.81 13.65 harbor 0 0.965382 votes=1
