418.83 28.94 779.27 472.66 617.89 603.75 257.45 160.03 Expressway-Service-area 0 0.992753 votes=1
297.14 366.59 309.55 385.98 305.18 388.78 292.77 369.39 vehicle 0 0.990799 votes=1
330.25 434.58 343.57 452.10 339.99 454.83 326.67 437.30 vehicle 0 0.988533 votes=1
650.04 707.20 664.50 723.75 660.34 727.38 645.89 710.83 vehicle 0 0.986328 votes=1
556.35 430.40 568.73 445.87 564.66 449.13 552.28 433.65 vehicle 0 0.986098 votes=1
236.27 209.33 560.38 641.70 383.45 774.33 59.34 341.96 Expressway-Service-area 0 0.984993 votes=1
352.64 461.06 366.21 476.82 362.45 480.06 348.88 464.30 vehicle 0 0.983630 votes=1
122.44 176.22 242.54 86.03 255.82 103.72 135.72 193.91 overpass 0 0.982960 votes=1
502.71 415.98 526.66 446.23 515.56 455.02 491.61 424.76 vehicle 0 0.975694 votes=1
315.20 391.20 329.07 410.05 324.57 413.36 310.70 394.51 vehicle 0 0.969673 votes=1
450.20 520.05 461.68 538.11 457.02 541.07 445.54 523.01 vehicle 0 0.964723 votes=1
377.73 514.30 387.64 526.91 384.19 529.63 374.27 517.02 vehicle 0 0.934533 votes=1
487.60 320.17 501.84 336.95 497.49 340.64 483.25 323.86 vehicle 0 0.920466 votes=1
220.21 202.38 233.90 218.76 230.13 221.92 216.44 205.53 vehicle 0 0.893114 votes=1
477.43 326.67 492.61 347.26 487.30 351.18 472.12 330.59 vehicle 0 0.862826 votes=1
404.66 549.04 413.45 563.69 409.22 566.23 400.43 551.58 vehicle 0 0.804187 votes=1
599.61 540.54 606.17 558.40 601.50 560.12 594.93 542.26 vehicle 0 0.803158 votes=1
627.18 532.38 629.93 547.36 625.38 548.19 622.63 533.22 vehicle 0 0.799595 votes=1
428.35 302.00 456.94 335.75 452.66 339.37 424.07 305.62 vehicle 0 0.774743 votes=1
455.48 570.88 463.99 581.83 459.97 584.95 451.46 574.00 vehicle 0 0.758947 votes=1
