272.05 215.03 454.98 469.89 387.80 518.11 204.87 263.25 Expressway-toll-station 0 0.998186 votes=1
610.53 444.58 621.42 461.94 614.44 466.31 603.56 448.95 vehicle 0 0.995426 votes=1
593.40 453.96 607.14 475.25 599.50 480.19 585.75 458.90 vehicle 0 0.995210 votes=1
516.95 403.08 548.43 380.73 556.08 391.51 524.60 413.86 vehicle 0 0.993015 votes=1
673.83 732.02 685.00 750.75 677.85 755.02 666.67 736.30 vehicle 0 0.988292 votes=1
664.83 405.01 680.20 424.77 673.80 429.74 658.44 409.99 vehicle 0 0.982573 votes=1
401.54 237.01 417.82 225.71 422.60 232.60 406.32 243.90 vehicle 0 0.982290 votes=1
622.65 440.28 633.20 454.65 626.84 459.31 616.30 444.94 vehicle 0 0.966461 votes=1
23.61 721.12 38.93 715.69 41.64 723.36 26.33 728.78 vehicle 0 0.833735 votes=1
51.62 437.78 60.60 421.93 66.84 425.47 57.85 441.32 vehicle 0 0.831927 votes=1
403.43 205.13 417.79 195.82 422.02 202.36 407.66 211.66 vehicle 0 0.820864 votes=1
289.66 659.81 301.37 675.32 294.94 680.18 283.22 664.67 vehicle 0 0.791667 votes=1
169.98 586.93 182.61 581.49 185.67 588.61 173.04 594.04 vehicle 0 0.768723 votes=1
