742.45 727.66 746.95 755.82 734.58 757.80 730.08 729.64 vehicle 0 0.999449 votes=1
344.40 504.79 345.31 357.19 414.22 357.62 413.31 505.21 tenniscourt 0 0.999120 votes=1
524.31 506.17 525.20 357.59 594.16 358.00 593.27 506.58 tenniscourt 0 0.999098 votes=1
434.86 504.98 435.25 357.60 504.71 357.78 504.33 505.16 tenniscourt 0 0.999087 votes=1
254.40 504.68 254.61 357.24 324.80 357.34 324.59 504.78 tenniscourt 0 0.999070 votes=1
255.91 251.77 256.59 103.08 326.85 103.40 326.17 252.10 tenniscourt 0 0.999062 votes=1
436.86 252.92 437.39 104.07 506.76 104.32 506.23 253.17 tenniscourt 0 0.998984 votes=1
526.26 253.39 527.07 105.16 597.24 105.54 596.43 253.77 tenniscourt 0 0.998974 votes=1
346.52 251.90 347.43 103.65 417.09 104.08 416.18 252.33 tenniscourt 0 0.998961 votes=1
165.86 250.12 166.62 102.26 237.72 102.63 236.96 250.48 tenniscourt 0 0.998858 votes=1
164.05 503.61 165.35 354.48 235.68 355.09 234.38 504.23 tenniscourt 0 0.998748 votes=1
631.18 739.59 633.18 768.85 620.58 769.71 618.58 740.45 vehicle 0 0.997578 votes=1
694.51 728.54 697.66 758.50 684.81 759.85 681.66 729.89 vehicle 0 0.997453 votes=1
774.23 723.50 778.85 748.40 767.44 750.52 762.81 725.62 vehicle 0 0.996717 votes=1
