438.73 624.48 439.03 586.58 451.79 586.68 451.49 624.59 ship 0 0.998484 votes=1
387.71 624.38 389.05 580.60 402.23 581.00 400.89 624.78 ship 0 0.998305 votes=1
421.78 624.04 422.44 587.41 435.76 587.65 435.10 624.28 ship 0 0.998139 votes=1
552.38 629.62 553.41 591.77 565.88 592.12 564.85 629.96 ship 0 0.997985 votes=1
616.02 595.18 616.34 631.57 601.57 631.70 601.25 595.31 ship 0 0.997690 votes=1
370.79 623.29 372.76 589.79 384.45 590.47 382.48 623.98 ship 0 0.997660 votes=1
404.91 624.99 404.97 586.80 418.34 586.83 418.28 625.01 ship 0 0.997571 votes=1
504.16 628.82 505.43 593.08 518.08 593.53 516.82 629.27 ship 0 0.997536 votes=1
488.04 626.55 488.73 587.12 502.23 587.36 501.54 626.78 ship 0 0.997488 votes=1
336.97 622.17 337.95 583.14 353.30 583.53 352.32 622.56 ship 0 0.997372 votes=1
453.99 626.80 454.36 588.41 465.95 588.52 465.59 626.91 ship 0 0.997367 votes=1
568.97 631.01 569.23 592.68 583.01 592.77 582.76 631.11 ship 0 0.997356 votes=1
305.11 621.98 306.42 583.81 320.15 584.29 318.84 622.45 ship 0 0.997182 votes=1
520.31 627.24 520.33 595.00 532.15 595.01 532.13 627.25 ship 0 0.997085 votes=1
585.32 631.18 586.38 593.57 598.48 593.91 597.43 631.52 ship 0 0.996969 votes=1
557.27 542.34 557.32 510.00 568.15 510.02 568.11 542.36 ship 0 0.996933 votes=1
289.65 618.63 290.20 585.28 302.49 585.49 301.94 618.83 ship 0 0.996732 votes=1
356.99 620.45 357.34 586.77 369.91 586.90 369.56 620.58 ship 0 0.996671 votes=1
254.37 618.14 254.63 582.14 267.07 582.23 266.81 618.23 ship 0 0.996156 votes=1
470.50 623.98 470.85 592.24 483.19 592.38 482.85 624.12 ship 0 0.995729 votes=1
271.99 618.91 272.16 580.21 285.68 580.27 285.51 618.97 ship 0 0.994263 votes=1
287.88 499.25 287.91 528.33 277.10 528.34 277.06 499.27 ship 0 0.993493 votes=1
463.30 534.84 463.40 504.47 474.71 504.51 474.61 534.88 ship 0 0.993228 votes=1
367.44 502.46 367.73 532.34 357.15 532.44 356.86 502.56 ship 0 0.992784 votes=1
536.34 628.56 536.53 595.11 548.37 595.17 548.18 628.63 ship 0 0.992758 votes=1
356.28 500.65 356.37 532.25 343.75 532.29 343.66 500.68 ship 0 0.992551 votes=1
503.21 536.63 503.31 504.37 515.47 504.41 515.37 536.66 ship 0 0.991758 votes=1
315.64 528.24 316.29 501.24 327.85 501.51 327.21 528.52 ship 0 0.991166 votes=1
191.07 185.37 368.73 188.61 367.83 238.13 190.16 234.89 harbor 0 0.990007 votes=1
341.12 500.28 341.30 530.05 329.00 530.12 328.83 500.35 ship 0 0.989976 votes=1
235.07 617.29 237.23 580.52 251.12 581.34 248.96 618.10 ship 0 0.989280 votes=1
623.08 512.75 623.28 542.12 610.98 542.20 610.79 512.83 ship 0 0.987625 votes=1
651.33 689.39 652.43 650.50 667.54 650.93 666.45 689.82 ship 0 0.987548 votes=1
543.48 536.16 544.14 507.57 554.63 507.82 553.96 536.41 ship 0 0.986527 votes=1
253.93 628.07 289.32 628.58 289.15 640.64 253.75 640.12 ship 0 0.985714 votes=1
263.66 526.54 263.83 498.97 275.10 499.04 274.93 526.60 ship 0 0.985407 votes=1
237.68 525.02 237.86 500.31 248.10 500.38 247.92 525.09 ship 0 0.983038 votes=1
436.31 531.04 436.45 503.28 447.75 503.34 447.61 531.10 ship 0 0.982975 votes=1
211.75 99.65 324.95 100.26 324.68 151.56 211.48 150.95 harbor 0 0.982757 votes=1
360.01 277.79 360.05 305.77 348.94 305.79 348.89 277.81 ship 0 0.981279 votes=1
234.67 498.56 234.82 526.21 223.71 526.28 223.56 498.62 ship 0 0.980879 votes=1
250.57 526.73 250.62 497.60 261.73 497.62 261.68 526.75 ship 0 0.978799 votes=1
528.91 506.65 529.16 535.31 517.73 535.41 517.49 506.75 ship 0 0.978261 votes=1
501.93 505.28 502.11 535.29 490.35 535.36 490.17 505.35 ship 0 0.976394 votes=1
583.57 538.26 583.72 509.69 596.18 509.76 596.03 538.32 ship 0 0.975985 votes=1
241.76 303.93 241.99 275.57 253.67 275.66 253.44 304.02 ship 0 0.975132 votes=1
222.43 498.31 222.55 530.48 210.68 530.52 210.56 498.35 ship 0 0.974765 votes=1
288.95 528.34 290.42 499.95 299.35 500.41 297.88 528.81 ship 0 0.969078 votes=1
570.20 538.08 570.74 507.06 581.56 507.25 581.02 538.27 ship 0 0.966776 votes=1
421.20 504.79 421.29 531.88 409.76 531.92 409.67 504.83 ship 0 0.965808 votes=1
396.24 534.13 396.73 508.17 407.67 508.37 407.19 534.33 ship 0 0.965465 votes=1
183.77 370.89 648.14 379.50 647.25 427.20 182.88 418.59 harbor 0 0.964258 votes=1
467.64 309.67 467.69 282.99 477.40 283.01 477.36 309.68 ship 0 0.964186 votes=1
445.32 309.56 445.63 282.23 456.04 282.35 455.73 309.67 ship 0 0.953925 votes=1
451.28 533.34 451.61 502.70 462.44 502.82 462.11 533.46 ship 0 0.952438 votes=1
597.28 538.46 597.69 509.71 608.80 509.87 608.38 538.63 ship 0 0.952355 votes=1
208.09 497.22 208.41 528.74 197.14 528.86 196.82 497.34 ship 0 0.948161 votes=1
182.15 461.33 647.55 473.31 645.77 542.29 180.38 530.31 harbor 0 0.939357 votes=1
402.49 309.40 402.54 283.15 413.66 283.17 413.61 309.42 ship 0 0.939130 votes=1
338.08 281.36 338.22 304.85 326.71 304.91 326.58 281.42 ship 0 0.938004 votes=1
488.47 505.81 489.03 539.76 477.60 539.95 477.04 506.00 ship 0 0.919156 votes=1
510.56 657.53 510.93 637.27 524.66 637.52 524.28 657.78 ship 0 0.916530 votes=1
183.98 528.35 184.24 496.43 198.21 496.54 197.95 528.47 ship 0 0.912947 votes=1
531.46 533.52 531.50 509.03 542.25 509.04 542.20 533.54 ship 0 0.904898 votes=1
413.13 308.28 413.31 281.77 424.09 281.84 423.91 308.36 ship 0 0.904896 votes=1
184.32 275.62 621.76 281.85 620.86 345.62 183.41 339.39 harbor 0 0.900466 votes=1
369.62 305.14 370.11 279.14 380.34 279.34 379.84 305.34 ship 0 0.884808 votes=1
441.00 684.76 457.61 686.79 456.75 693.87 440.14 691.84 ship 0 0.880600 votes=1
414.68 653.39 415.12 633.18 425.92 633.42 425.49 653.63 ship 0 0.879066 votes=1
446.56 243.04 473.46 244.14 473.08 253.37 446.19 252.27 ship 0 0.874787 votes=1
216.60 584.11 629.99 594.14 628.44 658.15 215.05 648.12 harbor 0 0.872135 votes=1
462.27 655.61 462.70 635.71 474.78 635.97 474.36 655.87 ship 0 0.863678 votes=1
304.80 648.80 305.19 627.00 316.21 627.19 315.83 648.99 ship 0 0.862074 votes=1
394.10 282.65 394.67 306.83 381.36 307.14 380.79 282.97 ship 0 0.844688 votes=1
422.40 530.88 423.89 503.92 436.66 504.63 435.17 531.59 ship 0 0.839667 votes=1
576.15 638.43 576.19 658.82 556.44 658.87 556.39 638.48 ship 0 0.782563 votes=1
665.29 616.18 665.54 641.36 654.82 641.47 654.56 616.29 ship 0 0.701914 votes=1
232.99 277.40 233.11 302.40 220.88 302.46 220.76 277.46 ship 0 0.675544 votes=1
552.99 289.54 553.37 313.88 535.65 314.15 535.28 289.81 ship 0 0.604228 votes=1
