153.06 337.22 153.66 222.96 206.88 223.24 206.27 337.51 tenniscourt 0 0.998978 votes=1
119.71 223.66 120.29 338.12 65.98 338.40 65.39 223.94 tenniscourt 0 0.998873 votes=1
367.62 372.16 368.30 256.66 421.70 256.97 421.02 372.47 tenniscourt 0 0.998497 votes=1
65.22 164.15 66.09 48.57 121.56 48.99 120.69 164.57 tenniscourt 0 0.998434 votes=1
188.17 43.85 189.48 162.43 136.45 163.02 135.15 44.44 tenniscourt 0 0.998219 votes=1
393.85 58.94 394.01 33.10 404.85 33.16 404.70 59.00 vehicle 0 0.996538 votes=1
296.68 371.98 297.85 255.09 350.72 255.61 349.56 372.51 tenniscourt 0 0.996346 votes=1
429.49 36.59 429.56 60.14 419.09 60.17 419.02 36.62 vehicle 0 0.995884 votes=1
341.40 57.89 341.62 35.41 351.69 35.50 351.48 57.98 vehicle 0 0.992394 votes=1
310.95 33.55 311.10 58.45 301.75 58.50 301.61 33.60 vehicle 0 0.799422 votes=1
238.14 533.34 250.77 537.62 248.79 543.49 236.16 539.22 vehicle 0 0.793380 votes=1
