256.18 588.24 652.38 284.77 828.50 514.71 432.29 818.17 Expressway-Service-area 0 0.998016 votes=1
-24.63 335.82 370.25 24.23 547.54 248.93 152.66 560.51 Expressway-Service-area 0 0.997889 votes=1
124.35 551.65 201.26 651.57 191.21 659.31 114.30 559.39 overpass 0 0.977385 votes=1
511.37 636.49 523.81 624.74 527.64 628.79 515.20 640.54 vehicle 0 0.964814 votes=1
203.44 208.48 218.91 213.41 217.12 219.01 201.65 214.08 vehicle 0 0.962862 votes=1
230.85 225.23 247.08 214.15 250.18 218.68 233.94 229.77 vehicle 0 0.913141 votes=1
226.50 190.96 234.21 207.55 228.87 210.04 221.15 193.44 vehicle 0 0.846293 votes=1
251.28 209.69 263.66 197.34 267.40 201.10 255.02 213.44 vehicle 0 0.843223 votes=1
233.28 233.67 245.94 250.44 241.32 253.93 228.66 237.17 vehicle 0 0.833207 votes=1
432.82 280.97 455.59 284.00 454.78 290.10 432.01 287.07 vehicle 0 0.813480 votes=1
178.27 226.36 203.44 231.70 202.27 237.23 177.10 231.89 vehicle 0 0.748039 votes=1
536.25 373.13 551.90 363.35 555.00 368.31 539.36 378.10 vehicle 0 0.692829 votes=1
