413.71 241.04 437.09 241.39 436.75 263.96 413.37 263.61 windmill 0 0.981074 votes=1
46.42 230.24 68.79 230.93 68.30 246.83 45.93 246.14 windmill 0 0.969670 votes=1
120.25 599.60 142.04 599.70 141.95 617.75 120.17 617.65 windmill 0 0.968503 votes=1
191.71 445.77 214.55 446.30 214.17 462.79 191.33 462.26 windmill 0 0.966532 votes=1
475.75 366.88 497.73 367.62 497.24 382.35 475.26 381.62 windmill 0 0.964266 votes=1
220.08 265.19 242.60 265.82 242.18 280.78 219.67 280.15 windmill 0 0.963980 votes=1
698.60 57.66 721.12 59.15 720.17 73.60 697.64 72.11 windmill 0 0.962801 votes=1
13.29 742.11 36.46 742.77 36.02 758.13 12.86 757.47 windmill 0 0.960436 votes=1
12.60 343.90 35.15 344.06 35.03 359.38 12.49 359.21 windmill 0 0.955584 votes=1
259.87 752.58 284.09 752.89 283.84 773.28 259.61 772.97 windmill 0 0.954683 votes=1
491.84 114.09 514.84 115.10 514.03 133.64 491.03 132.63 windmill 0 0.953598 votes=1
480.26 506.02 503.18 506.44 502.79 527.90 479.87 527.48 windmill 0 0.949513 votes=1
364.42 645.08 364.71 623.33 386.25 623.62 385.96 645.37 windmill 0 0.948126 votes=1
