446.26 488.10 508.83 479.31 511.52 498.51 448.96 507.30 ship 0 0.999456 votes=1
31.78 336.05 105.94 335.19 106.25 362.11 32.10 362.97 ship 0 0.999448 votes=1
123.25 501.18 196.73 498.91 197.45 522.12 123.96 524.39 ship 0 0.999425 votes=1
276.93 428.23 339.37 422.36 341.29 442.75 278.85 448.62 ship 0 0.999387 votes=1
464.93 349.07 549.73 347.77 550.14 374.81 465.35 376.12 ship 0 0.999387 votes=1
115.51 376.74 184.12 367.48 187.01 388.91 118.40 398.17 ship 0 0.999361 votes=1
41.94 413.22 93.89 411.61 94.52 431.73 42.57 433.34 ship 0 0.999359 votes=1
562.08 343.42 639.99 343.62 639.92 368.52 562.01 368.32 ship 0 0.999333 votes=1
120.12 436.63 184.28 435.93 184.51 457.78 120.35 458.48 ship 0 0.999333 votes=1
456.99 307.95 532.97 306.49 533.49 333.31 457.51 334.76 ship 0 0.999269 votes=1
115.99 334.63 192.35 332.24 193.09 355.75 116.72 358.13 ship 0 0.999260 votes=1
282.47 462.75 341.03 456.12 343.34 476.46 284.77 483.08 ship 0 0.999170 votes=1
117.21 407.45 179.31 406.81 179.54 428.27 117.43 428.92 ship 0 0.999163 votes=1
265.00 324.19 354.27 317.20 356.21 341.95 266.94 348.94 ship 0 0.999023 votes=1
52.10 506.43 100.91 503.02 102.06 519.41 53.25 522.82 ship 0 0.998865 votes=1
361.14 358.17 452.13 352.45 453.89 380.37 362.90 386.09 ship 0 0.998840 votes=1
126.11 472.79 178.70 474.46 178.13 492.38 125.54 490.71 ship 0 0.998817 votes=1
265.77 363.65 331.97 359.13 333.59 382.91 267.39 387.43 ship 0 0.998783 votes=1
516.75 481.04 565.01 477.08 566.44 494.55 518.19 498.52 ship 0 0.998781 votes=1
554.15 305.44 625.98 302.72 626.89 326.60 555.05 329.32 ship 0 0.998719 votes=1
49.66 478.33 101.88 477.38 102.21 495.51 49.99 496.45 ship 0 0.998714 votes=1
268.90 395.62 336.11 393.76 336.67 414.13 269.46 415.99 ship 0 0.998571 votes=1
41.75 379.36 95.62 377.79 96.17 396.66 42.30 398.23 ship 0 0.998416 votes=1
60.92 532.16 103.39 530.66 104.02 548.54 61.55 550.03 ship 0 0.998130 votes=1
457.82 445.67 550.50 437.87 552.47 461.24 459.79 469.05 ship 0 0.998084 votes=1
41.68 443.58 101.46 441.43 102.14 460.31 42.36 462.46 ship 0 0.997905 votes=1
562.79 437.36 635.51 431.44 637.48 455.63 564.76 461.55 ship 0 0.997362 votes=1
364.93 491.10 432.28 484.58 434.27 505.18 366.93 511.69 ship 0 0.996472 votes=1
374.60 303.21 447.03 301.42 447.97 339.37 375.54 341.17 ship 0 0.996435 votes=1
367.92 432.49 440.07 431.69 440.52 472.39 368.37 473.19 ship 0 0.990002 votes=1
588.41 418.93 626.43 420.78 625.79 433.92 587.78 432.07 ship 0 0.988957 votes=1
592.67 473.53 631.11 473.34 631.18 489.17 592.75 489.35 ship 0 0.979215 votes=1
276.91 494.05 339.83 489.77 342.24 525.28 279.33 529.56 ship 0 0.973192 votes=1
169.87 353.38 177.26 607.02 52.44 610.66 45.05 357.02 harbor 0 0.966213 votes=1
