443.64 238.50 525.44 237.20 525.85 262.91 444.05 264.20 ship 0 0.999439 votes=1
340.93 350.12 418.73 346.44 419.95 372.31 342.16 375.99 ship 0 0.999345 votes=1
447.93 417.46 525.44 415.01 526.25 440.59 448.74 443.05 ship 0 0.999330 votes=1
322.66 204.85 411.06 205.66 410.81 233.00 322.40 232.19 ship 0 0.999327 votes=1
446.57 344.12 518.10 342.15 518.84 369.17 447.31 371.14 ship 0 0.999228 votes=1
161.09 429.96 260.52 427.71 261.24 459.62 161.81 461.87 ship 0 0.999218 votes=1
442.88 274.06 519.18 272.58 519.68 298.12 443.38 299.60 ship 0 0.999057 votes=1
323.38 246.73 413.02 238.51 416.81 279.85 327.18 288.07 ship 0 0.998498 votes=1
145.19 250.25 226.39 247.43 227.35 275.20 146.15 278.03 ship 0 0.998224 votes=1
327.28 140.97 403.86 134.36 405.58 154.26 329.00 160.87 ship 0 0.996214 votes=1
503.47 112.23 514.06 457.62 345.65 462.78 335.05 117.39 harbor 0 0.990861 votes=1
669.67 109.42 677.32 428.72 601.09 430.55 593.44 111.24 harbor 0 0.989565 votes=1
228.79 110.09 235.58 471.92 129.50 473.91 122.72 112.08 harbor 0 0.987800 votes=1
