346.89 433.21 458.74 434.84 458.23 469.77 346.38 468.14 ship 0 0.999450 votes=1
485.27 432.29 595.71 427.78 597.14 462.69 486.69 467.20 ship 0 0.999423 votes=1
363.69 517.61 464.67 519.65 464.06 549.73 363.08 547.68 ship 0 0.999321 votes=1
483.57 395.11 593.02 390.54 594.44 424.34 484.98 428.92 ship 0 0.999264 votes=1
490.12 513.83 610.91 512.21 611.36 545.67 490.57 547.29 ship 0 0.999233 votes=1
390.43 400.57 457.53 396.13 459.18 421.07 392.08 425.51 ship 0 0.999083 votes=1
485.29 362.80 546.00 360.78 546.71 382.27 486.00 384.29 ship 0 0.998965 votes=1
394.16 330.97 453.90 328.40 454.81 349.67 395.08 352.23 ship 0 0.998903 votes=1
352.79 480.06 461.32 471.61 464.10 507.27 355.57 515.72 ship 0 0.998740 votes=1
395.16 306.52 447.37 305.99 447.55 323.38 395.34 323.92 ship 0 0.998676 votes=1
395.56 228.15 436.68 228.01 436.73 244.05 395.61 244.19 ship 0 0.998655 votes=1
202.89 255.85 205.68 381.95 167.05 382.80 164.27 256.70 ship 0 0.998153 votes=1
483.95 327.11 546.11 327.17 546.09 347.73 483.93 347.67 ship 0 0.997819 votes=1
145.78 249.37 146.20 344.35 116.29 344.48 115.87 249.51 ship 0 0.997578 votes=1
381.88 360.51 460.11 360.60 460.08 382.38 381.86 382.29 ship 0 0.997541 votes=1
396.89 278.69 446.45 276.94 447.04 293.82 397.48 295.57 ship 0 0.997345 votes=1
394.81 252.88 446.64 250.68 447.38 268.12 395.55 270.31 ship 0 0.996774 votes=1
400.14 567.69 576.76 563.61 577.63 601.36 401.01 605.44 ship 0 0.996679 votes=1
665.35 207.25 712.04 206.13 712.46 223.65 665.77 224.77 ship 0 0.991665 votes=1
486.76 276.64 540.88 277.00 540.76 295.14 486.64 294.78 ship 0 0.978601 votes=1
388.53 592.90 388.83 133.02 555.72 133.13 555.43 593.00 harbor 0 0.972766 votes=1
488.73 223.19 533.74 223.29 533.71 239.67 488.69 239.57 ship 0 0.970174 votes=1
397.33 200.05 439.27 200.01 439.28 217.03 397.34 217.07 ship 0 0.966837 votes=1
713.62 156.34 714.27 301.96 663.22 302.19 662.57 156.57 harbor 0 0.799605 votes=1
99.50 357.33 99.87 202.04 217.42 202.33 217.04 357.61 harbor 0 0.687267 votes=1
