555.16 136.30 605.74 212.86 577.42 231.57 526.84 155.01 vehicle 0 0.999445 votes=1
415.23 460.87 450.13 400.28 476.12 415.25 441.23 475.84 vehicle 0 0.999353 votes=1
125.34 510.84 163.63 451.53 186.67 466.40 148.38 525.71 vehicle 0 0.999182 votes=1
347.50 161.18 395.54 215.51 374.26 234.33 326.22 180.00 vehicle 0 0.999129 votes=1
663.16 241.21 736.80 233.97 739.78 264.24 666.14 271.48 vehicle 0 0.999107 votes=1
676.69 615.12 741.38 603.85 745.74 628.87 681.05 640.14 vehicle 0 0.999093 votes=1
170.75 186.97 211.87 243.70 187.69 261.22 146.57 204.50 vehicle 0 0.999061 votes=1
86.55 485.45 128.96 431.22 151.42 448.79 109.01 503.02 vehicle 0 0.998858 votes=1
310.23 176.72 351.82 232.12 328.52 249.61 286.93 194.20 vehicle 0 0.998720 votes=1
192.15 547.89 231.49 494.95 255.43 512.74 216.09 565.68 vehicle 0 0.998428 votes=1
