425.10 232.40 455.54 269.53 440.98 281.46 410.54 244.33 ship 0 0.998890 votes=1
137.67 274.24 167.50 306.54 155.61 317.51 125.78 285.21 ship 0 0.998881 votes=1
272.11 375.29 301.68 411.32 288.48 422.15 258.91 386.12 ship 0 0.998792 votes=1
427.22 435.07 453.84 463.76 443.47 473.37 416.86 444.68 ship 0 0.998787 votes=1
385.59 473.56 409.55 501.67 398.97 510.68 375.01 482.58 ship 0 0.998783 votes=1
241.95 403.03 268.67 434.88 255.99 445.52 229.27 413.67 ship 0 0.998781 votes=1
688.13 345.91 723.55 384.40 710.80 396.14 675.37 357.65 ship 0 0.998765 votes=1
298.66 488.22 323.04 519.85 312.14 528.25 287.76 496.62 ship 0 0.998691 votes=1
324.57 464.19 349.73 492.81 340.16 501.22 315.01 472.60 ship 0 0.998690 votes=1
385.46 193.79 416.57 226.13 404.40 237.84 373.29 205.50 ship 0 0.998675 votes=1
146.00 486.25 175.77 520.57 162.82 531.80 133.05 497.49 ship 0 0.998670 votes=1
109.73 448.65 138.77 480.51 126.34 491.84 97.29 459.98 ship 0 0.998655 votes=1
192.51 448.78 222.15 482.39 210.74 492.45 181.10 458.84 ship 0 0.998623 votes=1
549.99 319.47 574.23 350.14 562.79 359.18 538.55 328.51 ship 0 0.998601 votes=1
196.32 215.75 226.92 249.64 215.27 260.15 184.67 226.27 ship 0 0.998587 votes=1
352.41 437.03 377.38 467.03 366.68 475.94 341.70 445.94 ship 0 0.998578 votes=1
416.38 160.51 447.51 197.60 433.80 209.11 402.67 172.02 ship 0 0.998573 votes=1
432.46 622.72 449.90 646.52 440.52 653.39 423.08 629.60 ship 0 0.998569 votes=1
288.44 561.73 312.99 589.10 302.42 598.58 277.88 571.21 ship 0 0.998554 votes=1
229.77 551.27 254.51 579.35 243.24 589.27 218.50 561.19 ship 0 0.998509 votes=1
183.35 228.89 215.42 262.75 202.02 275.44 169.95 241.58 ship 0 0.998497 votes=1
616.79 626.69 639.79 653.02 631.26 660.47 608.26 634.14 ship 0 0.998486 votes=1
235.32 334.91 263.85 367.91 250.15 379.76 221.61 346.76 ship 0 0.998403 votes=1
536.80 332.66 562.69 362.78 552.55 371.49 526.66 341.37 ship 0 0.998402 votes=1
179.02 460.76 205.96 493.79 193.02 504.34 166.08 471.31 ship 0 0.998386 votes=1
285.90 61.84 317.35 104.39 304.03 114.23 272.58 71.68 ship 0 0.998378 votes=1
278.72 295.29 305.60 329.80 294.58 338.38 267.70 303.87 ship 0 0.998369 votes=1
332.39 319.49 358.85 351.62 347.43 361.02 320.97 328.89 ship 0 0.998341 votes=1
411.68 447.29 437.50 478.55 426.67 487.49 400.86 456.22 ship 0 0.998283 votes=1
587.73 229.65 638.96 283.56 624.25 297.55 573.01 243.63 ship 0 0.998271 votes=1
365.25 291.09 391.59 321.33 379.19 332.12 352.86 301.88 ship 0 0.998263 votes=1
482.21 180.19 513.11 213.53 501.74 224.07 470.84 190.73 ship 0 0.998234 votes=1
313.31 473.59 334.95 502.13 323.50 510.82 301.85 482.28 ship 0 0.998161 votes=1
278.03 145.35 308.93 179.99 295.81 191.69 264.92 157.05 ship 0 0.998143 votes=1
367.00 421.11 391.27 454.41 379.66 462.88 355.39 429.58 ship 0 0.998132 votes=1
607.66 638.17 627.77 666.61 617.10 674.14 597.00 645.70 ship 0 0.998125 votes=1
393.27 399.32 420.34 427.16 410.76 436.48 383.69 408.63 ship 0 0.998104 votes=1
271.63 574.75 296.72 603.41 286.54 612.33 261.45 583.67 ship 0 0.998074 votes=1
240.53 104.69 264.49 134.82 252.35 144.48 228.38 114.35 ship 0 0.998068 votes=1
392.60 600.62 411.27 624.24 401.06 632.31 382.39 608.70 ship 0 0.998051 votes=1
470.29 124.98 500.77 169.27 486.21 179.30 455.72 135.00 ship 0 0.998041 votes=1
344.85 304.75 373.67 339.19 361.36 349.49 332.54 315.05 ship 0 0.997916 votes=1
579.89 293.55 601.18 323.06 587.55 332.89 566.27 303.38 ship 0 0.997875 votes=1
255.96 392.20 285.15 427.59 273.31 437.36 244.12 401.96 ship 0 0.997861 votes=1
475.10 521.99 496.17 547.33 486.52 555.36 465.44 530.02 ship 0 0.997750 votes=1
404.38 250.75 436.64 285.95 425.89 295.81 393.62 260.61 ship 0 0.997745 votes=1
357.43 501.16 377.39 528.82 368.36 535.32 348.41 507.67 ship 0 0.997737 votes=1
309.54 266.05 337.85 298.53 325.76 309.06 297.46 276.58 ship 0 0.997720 votes=1
204.02 363.81 233.35 395.10 220.70 406.96 191.37 375.67 ship 0 0.997700 votes=1
222.03 418.65 250.39 453.92 239.19 462.93 210.83 427.65 ship 0 0.997698 votes=1
125.14 438.23 153.89 469.40 142.61 479.80 113.86 448.63 ship 0 0.997678 votes=1
144.08 186.39 175.06 221.34 161.74 233.15 130.76 198.20 ship 0 0.997660 votes=1
452.51 410.28 478.65 432.67 469.80 443.00 443.66 420.61 ship 0 0.997630 votes=1
403.00 588.54 422.89 615.64 413.30 622.67 393.42 595.57 ship 0 0.997588 votes=1
257.94 524.81 281.25 554.49 269.38 563.81 246.07 534.13 ship 0 0.997514 votes=1
692.25 555.22 713.69 585.59 701.77 594.01 680.32 563.64 ship 0 0.997504 votes=1
213.07 564.60 238.00 595.86 227.14 604.52 202.21 573.26 ship 0 0.997353 votes=1
492.93 375.28 510.46 395.63 502.11 402.83 484.58 382.48 ship 0 0.997292 votes=1
80.24 353.00 98.53 379.52 88.89 386.16 70.60 359.64 ship 0 0.997268 votes=1
92.50 467.80 120.72 496.20 110.22 506.64 82.00 478.24 ship 0 0.997250 votes=1
127.69 506.75 155.25 535.01 145.57 544.45 118.01 516.18 ship 0 0.997201 votes=1
552.00 631.65 570.64 654.17 562.68 660.75 544.04 638.23 ship 0 0.997163 votes=1
673.99 516.62 693.92 540.21 684.93 547.81 665.00 524.21 ship 0 0.997161 votes=1
230.97 187.60 263.02 222.62 249.84 234.68 217.79 199.66 ship 0 0.997086 votes=1
92.41 344.24 110.81 366.95 101.73 374.30 83.34 351.59 ship 0 0.997058 votes=1
399.74 459.12 422.46 489.20 411.58 497.42 388.87 467.34 ship 0 0.997029 votes=1
284.68 498.68 311.19 528.17 299.97 538.25 273.46 508.76 ship 0 0.997009 votes=1
450.35 140.57 476.88 175.19 463.44 185.49 436.91 150.87 ship 0 0.996982 votes=1
262.83 306.11 296.79 337.06 285.32 349.64 251.36 318.68 ship 0 0.996976 votes=1
245.90 174.29 272.39 205.36 259.34 216.48 232.86 185.41 ship 0 0.996907 votes=1
405.64 387.41 430.37 415.75 420.83 424.08 396.10 395.74 ship 0 0.996896 votes=1
115.14 220.93 143.62 247.52 133.80 258.04 105.31 231.46 ship 0 0.996818 votes=1
56.70 378.92 72.78 401.28 63.91 407.66 47.83 385.30 ship 0 0.996798 votes=1
729.10 527.09 748.22 550.04 738.47 558.16 719.35 535.22 ship 0 0.996791 votes=1
575.25 485.49 597.67 508.03 589.06 516.59 566.65 494.06 ship 0 0.996673 votes=1
415.90 577.99 434.78 601.29 426.30 608.16 407.43 584.85 ship 0 0.996530 votes=1
370.15 213.08 399.36 242.05 389.02 252.48 359.81 223.51 ship 0 0.996511 votes=1
576.40 608.45 594.78 631.14 585.88 638.35 567.50 615.66 ship 0 0.996472 votes=1
145.33 422.12 171.57 452.25 157.99 464.08 131.75 433.95 ship 0 0.996422 votes=1
216.03 349.42 243.98 383.84 232.32 393.31 204.37 358.89 ship 0 0.996346 votes=1
344.19 510.13 368.41 541.85 358.33 549.54 334.11 517.83 ship 0 0.996275 votes=1
330.70 526.78 354.79 555.98 345.34 563.77 321.25 534.57 ship 0 0.996118 votes=1
401.34 182.11 427.47 213.29 415.82 223.06 389.69 191.88 ship 0 0.996108 votes=1
421.94 373.10 447.08 401.62 436.10 411.29 410.97 382.77 ship 0 0.996077 votes=1
615.02 453.14 633.48 476.24 625.17 482.88 606.71 459.77 ship 0 0.996037 votes=1
298.87 280.08 322.54 314.78 309.36 323.78 285.69 289.07 ship 0 0.996007 votes=1
568.28 498.83 583.87 519.74 575.02 526.34 559.42 505.43 ship 0 0.995869 votes=1
428.65 570.05 446.35 592.41 438.29 598.79 420.59 576.43 ship 0 0.995744 votes=1
126.91 203.15 157.33 235.80 146.62 245.77 116.20 213.12 ship 0 0.995732 votes=1
584.81 417.10 608.48 446.08 597.75 454.85 574.08 425.86 ship 0 0.995526 votes=1
250.22 90.17 282.32 120.54 271.53 131.96 239.42 101.59 ship 0 0.995365 votes=1
173.08 393.83 204.17 421.02 192.54 434.32 161.45 407.14 ship 0 0.995090 votes=1
339.16 450.04 364.13 477.91 352.96 487.91 327.99 460.05 ship 0 0.995028 votes=1
297.74 347.62 332.68 375.29 323.77 386.55 288.82 358.87 ship 0 0.994977 votes=1
628.48 561.50 644.72 588.41 633.64 595.09 617.41 568.18 ship 0 0.994971 votes=1
186.18 380.00 216.35 411.12 205.61 421.53 175.44 390.41 ship 0 0.994638 votes=1
153.95 258.76 179.53 287.69 167.67 298.18 142.09 269.25 ship 0 0.994556 votes=1
161.12 477.31 185.04 507.45 174.43 515.86 150.51 485.73 ship 0 0.994500 votes=1
624.90 441.16 646.69 465.67 638.21 473.21 616.42 448.70 ship 0 0.994393 votes=1
262.31 163.63 287.44 193.07 276.08 202.76 250.96 173.32 ship 0 0.994291 votes=1
126.43 528.34 139.32 548.28 129.88 554.38 117.00 534.44 ship 0 0.994275 votes=1
751.82 508.01 768.69 525.89 761.55 532.63 744.68 514.75 ship 0 0.994105 votes=1
500.70 170.23 527.17 201.64 516.15 210.92 489.68 179.51 ship 0 0.994051 votes=1
465.85 398.27 488.45 425.67 479.32 433.20 456.72 405.81 ship 0 0.993701 votes=1
155.07 407.64 185.03 435.74 174.30 447.19 144.34 419.09 ship 0 0.993401 votes=1
478.08 573.60 502.35 599.98 491.72 609.75 467.46 583.37 ship 0 0.993218 votes=1
358.16 221.90 386.13 252.87 373.43 264.34 345.46 233.37 ship 0 0.992687 votes=1
265.86 73.14 296.20 107.91 282.67 119.72 252.33 84.95 ship 0 0.992636 votes=1
620.62 390.90 638.71 412.20 631.09 418.67 613.00 397.37 ship 0 0.992131 votes=1
307.54 118.02 336.46 148.30 323.73 160.47 294.81 130.18 ship 0 0.991896 votes=1
522.51 480.34 544.15 500.11 537.38 507.52 515.74 487.74 ship 0 0.991706 votes=1
320.50 249.86 356.71 279.66 346.16 292.48 309.95 262.68 ship 0 0.991620 votes=1
208.39 432.78 235.17 461.88 224.84 471.39 198.05 442.29 ship 0 0.990946 votes=1
479.32 322.56 502.47 353.46 490.82 362.19 467.67 331.28 ship 0 0.990812 votes=1
215.81 202.58 246.05 235.34 233.15 247.25 202.90 214.50 ship 0 0.990308 votes=1
156.30 182.89 183.37 203.21 176.16 212.81 149.09 192.48 ship 0 0.990147 votes=1
336.90 242.56 367.96 265.42 359.55 276.84 328.49 253.99 ship 0 0.990135 votes=1
290.53 131.43 322.41 166.72 310.66 177.34 278.78 142.05 ship 0 0.989776 votes=1
218.59 122.56 249.07 151.49 239.96 161.09 209.48 132.16 ship 0 0.989722 votes=1
596.14 282.58 616.69 300.24 609.53 308.58 588.98 290.92 ship 0 0.988984 votes=1
760.17 456.09 790.75 490.08 778.95 500.71 748.36 466.72 ship 0 0.988612 votes=1
517.87 667.63 532.40 684.08 525.78 689.93 511.25 673.48 ship 0 0.987822 votes=1
318.74 537.60 345.26 566.98 334.33 576.85 307.81 547.46 ship 0 0.987191 votes=1
591.15 475.56 610.81 496.44 602.19 504.55 582.53 483.67 ship 0 0.986769 votes=1
446.85 611.93 460.91 631.49 453.14 637.07 439.08 617.52 ship 0 0.985332 votes=1
442.23 424.53 465.32 450.73 454.68 460.10 431.60 433.90 ship 0 0.984973 votes=1
90.86 258.01 110.77 275.30 104.92 282.03 85.01 264.74 ship 0 0.983653 votes=1
441.05 555.88 460.34 576.72 451.99 584.45 432.70 563.61 ship 0 0.982103 votes=1
545.08 264.16 568.50 287.77 559.40 296.80 535.98 273.19 ship 0 0.981533 votes=1
628.34 615.86 651.21 639.92 642.32 648.37 619.45 624.31 ship 0 0.981306 votes=1
686.85 507.01 707.84 525.31 700.57 533.64 679.58 515.34 ship 0 0.980410 votes=1
375.99 613.94 397.40 635.97 388.61 644.51 367.20 622.49 ship 0 0.979494 votes=1
102.04 247.12 122.94 266.51 116.94 272.98 96.03 253.60 ship 0 0.978075 votes=1
422.85 637.68 436.17 655.62 428.15 661.58 414.83 643.63 ship 0 0.974899 votes=1
92.27 318.82 124.37 349.26 115.12 359.01 83.02 328.57 ship 0 0.973598 votes=1
201.39 578.08 217.90 597.97 209.16 605.22 192.65 585.33 ship 0 0.973408 votes=1
364.05 629.88 385.09 644.47 379.39 652.69 358.35 638.11 ship 0 0.972043 votes=1
565.38 251.20 587.34 269.37 580.73 277.36 558.77 259.19 ship 0 0.970784 votes=1
681.97 574.08 698.11 607.07 685.35 613.31 669.22 580.32 ship 0 0.970089 votes=1
449.76 349.20 473.80 377.87 462.80 387.09 438.76 358.43 ship 0 0.962269 votes=1
165.46 243.88 196.71 277.00 185.18 287.89 153.92 254.77 ship 0 0.961679 votes=1
64.15 368.49 76.29 382.57 69.30 388.60 57.15 374.52 ship 0 0.958944 votes=1
547.99 456.11 569.29 475.43 560.68 484.91 539.39 465.59 ship 0 0.957508 votes=1
404.19 645.54 420.77 666.86 412.40 673.37 395.82 652.05 ship 0 0.957244 votes=1
314.75 334.86 343.04 367.48 331.24 377.72 302.94 345.10 ship 0 0.956545 votes=1
763.33 489.97 786.44 515.18 776.94 523.89 753.82 498.68 ship 0 0.956359 votes=1
508.33 559.03 519.09 577.78 509.40 583.34 498.64 564.59 ship 0 0.954804 votes=1
101.69 300.59 141.38 333.52 130.51 346.63 90.81 313.70 ship 0 0.951953 votes=1
394.38 264.50 416.79 291.72 405.33 301.15 382.92 273.93 ship 0 0.951906 votes=1
211.71 140.45 234.71 157.67 224.92 170.75 201.92 153.53 ship 0 0.950223 votes=1
602.44 585.52 618.71 606.81 608.56 614.56 592.29 593.27 ship 0 0.949757 votes=1
394.72 656.63 403.86 672.80 397.59 676.35 388.44 660.18 ship 0 0.949468 votes=1
177.32 165.46 205.91 184.95 196.26 199.10 167.67 179.62 ship 0 0.946983 votes=1
539.65 638.67 551.23 653.79 544.53 658.93 532.94 643.81 ship 0 0.945137 votes=1
435.45 362.26 459.55 389.13 449.11 398.49 425.02 371.62 ship 0 0.942403 votes=1
660.79 595.75 680.34 623.69 669.43 631.33 649.88 603.38 ship 0 0.919563 votes=1
268.96 516.75 294.28 537.82 285.67 548.17 260.35 527.10 ship 0 0.918504 votes=1
680.03 395.83 695.03 420.68 683.43 427.69 668.42 402.83 ship 0 0.895159 votes=1
679.41 797.94 722.66 708.59 733.55 713.86 690.29 803.21 harbor 0 0.893409 votes=1
367.85 488.92 398.10 508.85 389.98 521.18 359.73 501.26 ship 0 0.876245 votes=1
647.91 605.77 661.73 627.86 649.79 635.33 635.97 613.23 ship 0 0.874519 votes=1
601.39 408.71 619.21 433.38 609.63 440.30 591.81 415.63 ship 0 0.835015 votes=1
264.18 590.47 281.47 621.84 261.56 632.81 244.28 601.44 ship 0 0.779643 votes=1
237.46 618.52 248.27 634.89 241.46 639.39 230.65 623.02 ship 0 0.779444 votes=1
