568.94 329.39 576.47 390.01 556.42 392.50 548.89 331.88 ship 0 0.999242 votes=1
544.38 329.25 549.43 379.17 528.29 381.30 523.25 331.39 ship 0 0.998955 votes=1
512.11 331.84 520.10 394.74 495.91 397.81 487.92 334.91 ship 0 0.998789 votes=1
664.89 312.30 672.73 364.56 651.40 367.75 643.56 315.50 ship 0 0.998774 votes=1
688.77 304.30 696.30 344.22 679.87 347.32 672.34 307.40 ship 0 0.998514 votes=1
256.64 366.26 317.63 476.13 282.77 495.48 221.78 385.61 ship 0 0.998397 votes=1
473.14 750.70 506.41 764.06 500.97 777.60 467.70 764.24 vehicle 0 0.997507 votes=1
714.34 225.52 722.43 277.29 703.97 280.17 695.88 228.40 ship 0 0.997366 votes=1
499.17 266.64 506.61 318.33 487.03 321.16 479.59 269.46 ship 0 0.996629 votes=1
49.32 752.47 50.40 719.73 62.56 720.13 61.47 752.87 vehicle 0 0.988999 votes=1
720.84 311.10 724.76 342.79 711.99 344.37 708.08 312.68 ship 0 0.983937 votes=1
749.37 710.86 751.25 669.94 765.98 670.61 764.10 711.53 vehicle 0 0.977091 votes=1
459.23 276.48 721.71 226.37 744.32 344.80 481.84 394.91 harbor 0 0.886280 votes=1
732.74 307.48 735.85 338.07 726.18 339.05 723.07 308.46 ship 0 0.691258 votes=1
