134.10 420.92 632.48 549.80 586.13 729.03 87.75 600.15 Expressway-Service-area 0 0.997827 votes=1
254.37 106.45 789.16 268.92 717.05 506.26 182.26 343.78 Expressway-Service-area 0 0.992301 votes=1
462.02 540.47 478.13 546.08 476.25 551.50 460.13 545.89 vehicle 0 0.969728 votes=1
534.76 563.06 550.76 568.64 548.98 573.73 532.99 568.15 vehicle 0 0.967546 votes=1
397.31 529.83 404.24 545.07 399.36 547.29 392.43 532.05 vehicle 0 0.965645 votes=1
371.95 498.12 383.24 511.90 379.11 515.28 367.82 501.51 vehicle 0 0.965267 votes=1
41.54 347.46 116.38 354.61 110.21 419.23 35.36 412.08 bridge 0 0.957968 votes=1
570.97 430.47 591.95 455.20 587.83 458.70 566.84 433.97 vehicle 0 0.921464 votes=1
490.75 370.44 492.86 387.23 486.61 388.02 484.50 371.23 vehicle 0 0.824471 votes=1
253.91 328.83 265.59 319.47 269.56 324.42 257.88 333.78 vehicle 0 0.755559 votes=1
558.01 393.81 563.04 409.75 557.52 411.49 552.49 395.56 vehicle 0 0.669738 votes=1
239.44 339.52 253.47 328.09 257.77 333.37 243.74 344.80 vehicle 0 0.610075 votes=1
