556.02 617.84 562.97 551.46 592.38 554.53 585.43 620.92 vehicle 0 0.999532 votes=1
613.19 145.65 617.48 73.93 646.67 75.68 642.37 147.40 vehicle 0 0.999520 votes=1
577.27 451.90 585.49 384.31 613.04 387.66 604.82 455.25 vehicle 0 0.999424 votes=1
348.46 563.79 355.72 496.35 382.82 499.26 375.56 566.70 vehicle 0 0.999395 votes=1
373.87 773.89 379.67 703.39 408.44 705.76 402.64 776.26 vehicle 0 0.999355 votes=1
376.37 321.20 381.64 259.23 409.28 261.58 404.01 323.55 vehicle 0 0.999298 votes=1
464.29 77.67 466.52 18.68 495.35 19.77 493.13 78.76 vehicle 0 0.999215 votes=1
175.40 777.59 192.86 684.51 224.14 690.38 206.67 783.46 vehicle 0 0.999155 votes=1
589.96 277.13 595.03 217.03 626.55 219.69 621.47 279.79 vehicle 0 0.999019 votes=1
534.58 777.73 544.95 712.88 572.25 717.25 561.87 782.10 vehicle 0 0.998473 votes=1
