536.87 191.05 563.57 363.77 481.65 376.43 454.95 203.72 tenniscourt 0 0.999521 votes=1
470.73 469.12 497.06 641.97 416.21 654.29 389.87 481.44 tenniscourt 0 0.999503 votes=1
575.74 453.76 602.79 624.64 520.54 637.66 493.48 466.79 tenniscourt 0 0.999486 votes=1
223.23 236.66 248.86 410.00 166.90 422.11 141.27 248.78 tenniscourt 0 0.999475 votes=1
432.31 206.36 457.88 379.66 376.41 391.68 350.83 218.39 tenniscourt 0 0.999469 votes=1
367.03 485.37 392.79 656.33 310.86 668.67 285.10 497.71 tenniscourt 0 0.999462 votes=1
124.60 630.73 158.95 625.43 161.21 640.04 126.85 645.35 vehicle 0 0.999444 votes=1
327.94 221.46 354.77 394.80 273.57 407.37 246.74 234.02 tenniscourt 0 0.999438 votes=1
261.26 500.21 287.02 673.41 205.54 685.53 179.78 512.33 tenniscourt 0 0.999437 votes=1
81.05 379.76 116.84 371.48 120.22 386.09 84.43 394.37 vehicle 0 0.999249 votes=1
357.17 44.85 390.35 40.79 391.99 54.23 358.82 58.29 vehicle 0 0.999231 votes=1
207.83 69.24 241.32 61.64 244.62 76.17 211.13 83.77 vehicle 0 0.999139 votes=1
137.39 733.02 172.79 727.00 175.16 740.92 139.76 746.94 vehicle 0 0.999083 votes=1
120.42 571.29 151.99 564.31 155.01 577.97 123.44 584.95 vehicle 0 0.998978 votes=1
145.56 91.74 178.56 79.59 183.51 93.05 150.51 105.19 vehicle 0 0.998606 votes=1
79.86 316.34 111.95 311.73 114.10 326.70 82.01 331.30 vehicle 0 0.998563 votes=1
68.16 270.12 106.95 264.07 109.37 279.59 70.58 285.64 vehicle 0 0.998258 votes=1
121.18 689.93 162.00 684.19 164.41 701.35 123.59 707.09 vehicle 0 0.998026 votes=1
499.17 24.80 531.98 20.10 533.88 33.39 501.08 38.10 vehicle 0 0.997918 votes=1
105.30 493.46 135.10 489.71 136.83 503.45 107.03 507.20 vehicle 0 0.997698 votes=1
