501.10 754.71 512.03 761.92 508.57 767.17 497.64 759.96 vehicle 0 0.977401 votes=1
128.84 422.07 141.52 431.61 137.90 436.42 125.22 426.87 vehicle 0 0.972900 votes=1
175.67 722.49 187.14 711.90 190.83 715.90 179.36 726.49 vehicle 0 0.959940 votes=1
657.89 770.49 670.51 766.28 672.20 771.35 659.59 775.57 vehicle 0 0.926629 votes=1
292.34 216.61 300.94 226.82 296.70 230.39 288.10 220.18 vehicle 0 0.921269 votes=1
118.64 669.56 130.41 656.47 136.38 661.84 124.62 674.93 vehicle 0 0.914574 votes=1
341.77 186.91 352.91 179.86 356.27 185.18 345.14 192.23 vehicle 0 0.905860 votes=1
130.36 684.12 141.16 666.00 148.68 670.48 137.88 688.60 vehicle 0 0.899875 votes=1
224.42 534.74 234.41 541.68 231.10 546.45 221.10 539.52 vehicle 0 0.894252 votes=1
3.74 334.90 13.60 343.97 9.54 348.40 -0.33 339.33 vehicle 0 0.892799 votes=1
159.00 521.06 166.82 513.29 171.25 517.75 163.43 525.52 vehicle 0 0.880198 votes=1
228.33 321.85 242.00 332.16 238.31 337.05 224.64 326.74 vehicle 0 0.878784 votes=1
82.23 483.71 165.91 547.61 125.89 600.03 42.20 536.13 trainstation 0 0.875095 votes=1
145.80 693.42 153.15 682.75 158.72 686.59 151.37 697.26 vehicle 0 0.868689 votes=1
157.18 707.18 169.21 696.42 172.90 700.54 160.86 711.30 vehicle 0 0.857848 votes=1
163.39 447.60 174.54 454.94 171.60 459.40 160.45 452.06 vehicle 0 0.847390 votes=1
127.09 265.35 139.80 272.83 136.56 278.33 123.86 270.85 vehicle 0 0.844119 votes=1
142.80 358.74 158.39 367.58 155.03 373.51 139.44 364.66 vehicle 0 0.825851 votes=1
266.39 685.12 277.09 695.42 273.48 699.18 262.78 688.88 vehicle 0 0.825671 votes=1
189.87 736.47 200.51 723.70 205.90 728.19 195.27 740.97 vehicle 0 0.816462 votes=1
104.37 718.27 126.38 719.58 125.93 727.04 103.92 725.73 vehicle 0 0.811235 votes=1
162.44 714.46 177.48 702.25 180.56 706.05 165.52 718.26 vehicle 0 0.810233 votes=1
100.69 198.61 112.51 206.06 108.65 212.19 96.83 204.74 vehicle 0 0.797835 votes=1
454.51 212.70 463.92 224.02 459.74 227.50 450.33 216.17 vehicle 0 0.797662 votes=1
385.32 341.65 399.45 330.53 403.71 335.93 389.57 347.05 vehicle 0 0.780854 votes=1
66.90 260.63 81.50 267.63 78.41 274.06 63.82 267.05 vehicle 0 0.779042 votes=1
302.95 77.81 309.43 63.41 316.26 66.49 309.78 80.88 vehicle 0 0.758228 votes=1
243.16 134.03 249.50 123.47 254.97 126.76 248.63 137.31 vehicle 0 0.755335 votes=1
182.15 729.70 195.65 718.96 199.91 724.32 186.41 735.06 vehicle 0 0.714958 votes=1
158.62 397.16 168.76 405.25 164.31 410.82 154.18 402.72 vehicle 0 0.698060 votes=1
413.04 281.46 423.12 276.54 426.02 282.47 415.94 287.39 vehicle 0 0.692291 votes=1
55.22 638.61 76.43 643.01 75.02 649.84 53.81 645.43 vehicle 0 0.692241 votes=1
161.52 761.43 183.48 771.33 179.95 779.16 157.99 769.26 vehicle 0 0.690749 votes=1
107.94 655.24 114.94 646.07 120.44 650.27 113.43 659.44 vehicle 0 0.651922 votes=1
199.66 759.57 215.58 744.82 221.12 750.80 205.19 765.55 vehicle 0 0.643236 votes=1
163.34 707.45 174.22 701.39 176.62 705.70 165.74 711.76 vehicle 0 0.639438 votes=1
435.21 221.73 447.32 233.90 442.95 238.25 430.84 226.08 vehicle 0 0.634298 votes=1
774.02 195.17 783.23 181.07 789.17 184.95 779.95 199.05 vehicle 0 0.606908 votes=1
110.89 292.93 117.55 282.03 123.49 285.66 116.82 296.56 vehicle 0 0.600434 votes=1
