327.89 511.59 331.30 700.59 145.36 703.95 141.96 514.94 baseballfield 0 0.999463 votes=1
465.06 446.17 465.29 470.28 454.22 470.39 453.99 446.28 vehicle 0 0.999072 votes=1
154.63 239.91 278.29 238.26 279.38 320.14 155.72 321.79 basketballcourt 0 0.999046 votes=1
499.86 446.27 500.33 470.47 489.33 470.68 488.86 446.48 vehicle 0 0.998734 votes=1
666.03 226.91 668.77 345.67 613.46 346.94 610.72 228.18 tenniscourt 0 0.998402 votes=1
594.55 228.95 597.57 348.39 543.02 349.77 540.00 230.33 tenniscourt 0 0.997899 votes=1
525.38 443.41 526.02 466.72 515.24 467.01 514.61 443.71 vehicle 0 0.997419 votes=1
84.36 290.04 84.41 392.27 11.20 392.30 11.15 290.07 basketballcourt 0 0.996798 votes=1
455.95 661.70 456.13 686.06 446.69 686.14 446.50 661.77 vehicle 0 0.994463 votes=1
574.72 591.88 574.77 613.85 565.30 613.87 565.25 591.90 vehicle 0 0.994292 votes=1
752.21 19.64 752.73 37.82 744.20 38.06 743.67 19.89 vehicle 0 0.849426 votes=1
426.85 83.75 438.01 99.27 430.77 104.47 419.61 88.95 vehicle 0 0.821793 votes=1
