225.04 587.54 225.94 430.71 370.75 431.54 369.85 588.37 chimney 0 0.998920 votes=1
234.52 677.89 235.23 717.67 197.06 718.35 196.35 678.57 storagetank 0 0.983386 votes=1
6.93 162.06 7.71 134.65 16.49 134.90 15.71 162.31 vehicle 0 0.972663 votes=1
235.62 636.26 236.12 669.97 206.99 670.40 206.48 636.70 storagetank 0 0.970171 votes=1
230.32 725.34 231.66 772.09 193.37 773.18 192.03 726.43 storagetank 0 0.968414 votes=1
-2.75 280.88 10.58 240.28 20.74 243.62 7.41 284.22 vehicle 0 0.944585 votes=1
221.58 601.02 222.16 622.10 203.78 622.60 203.20 601.53 storagetank 0 0.931380 votes=1
224.83 625.25 224.86 602.89 242.23 602.91 242.19 625.28 storagetank 0 0.929900 votes=1
85.45 338.37 105.22 338.37 105.22 346.91 85.45 346.90 vehicle 0 0.835360 votes=1
244.91 625.69 245.53 640.62 231.90 641.19 231.28 626.26 storagetank 0 0.788235 votes=1
75.11 324.17 116.51 321.49 116.97 328.62 75.57 331.31 vehicle 0 0.730800 votes=1
314.84 321.89 331.95 321.09 332.30 328.68 315.20 329.48 vehicle 0 0.626478 votes=1
736.63 295.40 750.86 295.85 750.62 303.43 736.39 302.97 vehicle 0 0.607128 votes=1
