429.60 678.60 464.00 613.74 489.33 627.18 454.93 692.04 vehicle 0 0.999475 votes=1
446.94 363.77 479.79 296.53 507.03 309.84 474.18 377.08 vehicle 0 0.999440 votes=1
613.18 330.36 640.76 270.27 667.85 282.70 640.27 342.80 vehicle 0 0.999420 votes=1
39.07 477.12 70.24 412.85 97.29 425.97 66.11 490.23 vehicle 0 0.999399 votes=1
271.33 496.96 304.87 427.24 332.80 440.68 299.26 510.40 vehicle 0 0.999398 votes=1
359.03 528.63 387.14 467.01 414.55 479.52 386.45 541.14 vehicle 0 0.999397 votes=1
152.64 433.25 190.66 362.44 218.78 377.54 180.77 448.35 vehicle 0 0.999370 votes=1
642.97 370.93 679.08 294.95 708.13 308.76 672.02 384.73 vehicle 0 0.999346 votes=1
719.43 170.08 750.88 113.65 775.91 127.60 744.46 184.03 vehicle 0 0.999346 votes=1
226.22 474.94 266.51 401.27 294.65 416.65 254.36 490.33 vehicle 0 0.999310 votes=1
75.92 390.34 110.27 331.69 135.60 346.53 101.26 405.17 vehicle 0 0.999283 votes=1
428.59 589.60 457.68 535.75 481.89 548.82 452.81 602.68 vehicle 0 0.999239 votes=1
264.93 595.73 298.94 526.03 329.64 541.01 295.63 610.71 vehicle 0 0.999228 votes=1
450.00 263.20 485.45 193.58 513.03 207.63 477.58 277.24 vehicle 0 0.999227 votes=1
283.46 175.37 320.72 111.67 347.00 127.04 309.73 190.74 vehicle 0 0.999009 votes=1
581.61 312.62 589.54 283.23 602.07 286.61 594.14 316.00 vehicle 0 0.660300 votes=1
