742.70 140.68 758.65 722.27 457.91 730.51 441.97 148.92 Expressway-Service-area 0 0.995893 votes=1
468.35 322.09 468.53 355.72 462.72 355.75 462.53 322.13 vehicle 0 0.995175 votes=1
38.53 696.05 54.19 104.72 369.41 113.07 353.75 704.39 Expressway-Service-area 0 0.989187 votes=1
338.98 359.20 354.88 390.64 349.33 393.45 333.42 362.01 vehicle 0 0.988288 votes=1
461.40 271.26 466.17 302.70 459.96 303.64 455.19 272.20 vehicle 0 0.983838 votes=1
342.30 270.61 343.14 295.32 337.05 295.53 336.21 270.81 vehicle 0 0.983113 votes=1
342.92 449.05 342.99 410.12 349.38 410.13 349.30 449.07 vehicle 0 0.968985 votes=1
357.88 503.62 358.91 474.95 366.59 475.23 365.55 503.89 vehicle 0 0.905538 votes=1
432.30 544.50 459.57 462.55 467.73 465.26 440.46 547.22 vehicle 0 0.779274 votes=1
460.35 76.81 461.45 99.75 454.73 100.07 453.63 77.13 vehicle 0 0.714378 votes=1
