516.34 179.78 516.43 498.87 268.98 498.93 268.89 179.84 chimney 0 0.998878 votes=1
618.31 537.21 628.55 568.44 618.47 571.75 608.23 540.52 vehicle 0 0.994061 votes=1
619.28 270.30 619.77 224.82 630.53 224.93 630.03 270.42 vehicle 0 0.992078 votes=1
58.22 374.84 95.25 375.42 94.68 411.97 57.65 411.39 storagetank 0 0.968075 votes=1
618.88 412.69 619.42 432.42 610.94 432.65 610.40 412.93 vehicle 0 0.944374 votes=1
726.33 670.84 757.93 701.41 750.28 709.32 718.67 678.75 vehicle 0 0.943921 votes=1
70.17 625.76 73.13 509.47 91.66 509.94 88.71 626.23 overpass 0 0.936207 votes=1
593.27 454.83 593.41 436.26 601.45 436.32 601.31 454.89 vehicle 0 0.890150 votes=1
56.45 460.56 57.69 416.75 93.73 417.77 92.49 461.58 storagetank 0 0.877092 votes=1
100.85 422.26 101.02 372.20 137.88 372.32 137.71 422.38 storagetank 0 0.839470 votes=1
101.26 459.73 101.57 435.71 124.43 436.01 124.12 460.03 storagetank 0 0.827746 votes=1
138.27 438.96 160.88 438.39 161.43 459.98 138.82 460.55 storagetank 0 0.726055 votes=1
593.75 325.01 594.29 307.43 602.43 307.68 601.89 325.26 vehicle 0 0.684818 votes=1
740.78 712.11 747.59 726.11 741.20 729.22 734.39 715.22 vehicle 0 0.623938 votes=1
185.38 370.32 185.81 412.16 147.56 412.54 147.13 370.70 storagetank 0 0.604175 votes=1
