297.58 485.06 358.76 485.68 358.59 501.87 297.41 501.24 ship 0 0.999386 votes=1
294.38 374.19 296.38 426.17 280.64 426.77 278.64 374.79 ship 0 0.998969 votes=1
312.42 373.19 317.04 418.13 302.89 419.59 298.27 374.65 ship 0 0.998960 votes=1
256.30 585.70 287.91 586.03 287.79 596.86 256.18 596.53 ship 0 0.998903 votes=1
515.54 608.92 521.32 669.86 504.09 671.49 498.31 610.55 ship 0 0.998743 votes=1
299.69 568.47 349.30 568.07 349.43 583.72 299.81 584.12 ship 0 0.998683 votes=1
412.26 553.63 461.76 553.49 461.80 567.92 412.30 568.06 ship 0 0.998637 votes=1
254.57 376.75 254.85 431.47 239.93 431.55 239.65 376.82 ship 0 0.998538 votes=1
298.65 627.50 352.50 632.76 351.02 647.90 297.17 642.64 ship 0 0.998510 votes=1
407.85 631.77 453.17 636.31 451.70 650.95 406.38 646.41 ship 0 0.998481 votes=1
301.46 529.11 349.75 529.29 349.69 544.36 301.40 544.18 ship 0 0.998437 votes=1
301.24 548.19 350.49 550.00 349.98 564.07 300.73 562.26 ship 0 0.998423 votes=1
133.94 250.87 165.38 249.84 165.76 261.28 134.31 262.31 ship 0 0.998375 votes=1
300.10 588.79 345.84 591.11 345.15 604.68 299.41 602.36 ship 0 0.998206 votes=1
246.87 564.82 289.55 566.55 288.98 580.49 246.30 578.76 ship 0 0.998156 votes=1
245.94 544.90 290.05 545.27 289.93 559.46 245.82 559.09 ship 0 0.998154 votes=1
127.87 114.78 158.05 112.38 158.93 123.47 128.75 125.86 ship 0 0.998070 votes=1
299.45 610.15 344.82 610.55 344.70 623.94 299.34 623.54 ship 0 0.998005 votes=1
417.50 531.97 461.62 534.16 460.98 547.24 416.85 545.05 ship 0 0.997909 votes=1
129.26 128.36 158.44 126.50 159.17 137.85 129.99 139.72 ship 0 0.997852 votes=1
179.19 417.89 179.21 380.80 192.66 380.80 192.64 417.89 ship 0 0.997587 votes=1
264.65 505.48 293.20 505.50 293.19 514.39 264.64 514.36 ship 0 0.997514 votes=1
318.02 280.15 349.36 279.15 349.71 290.15 318.37 291.16 ship 0 0.997434 votes=1
130.34 176.24 161.49 173.51 162.52 185.30 131.37 188.03 ship 0 0.997332 votes=1
65.74 140.88 89.54 140.19 89.81 149.60 66.02 150.29 ship 0 0.997065 votes=1
135.97 267.52 164.31 266.45 164.69 276.63 136.36 277.69 ship 0 0.996723 votes=1
127.62 84.30 156.23 83.56 156.48 93.52 127.88 94.26 ship 0 0.996596 votes=1
170.82 679.66 199.96 680.14 199.80 690.42 170.65 689.94 ship 0 0.996449 votes=1
135.87 160.16 158.70 160.02 158.75 169.36 135.93 169.50 ship 0 0.996430 votes=1
248.25 604.37 287.20 608.44 285.98 620.18 247.03 616.11 ship 0 0.996394 votes=1
73.82 321.17 101.92 320.20 102.25 329.81 74.16 330.78 ship 0 0.995902 votes=1
319.86 350.30 363.60 348.53 364.26 364.69 320.52 366.47 ship 0 0.995701 votes=1
133.59 206.50 162.83 203.90 163.81 214.84 134.56 217.44 ship 0 0.995590 votes=1
128.06 98.66 156.43 97.76 156.76 108.08 128.38 108.99 ship 0 0.995117 votes=1
471.05 707.18 505.01 707.28 504.98 717.77 471.02 717.67 ship 0 0.994597 votes=1
64.11 112.43 90.16 111.59 90.43 120.28 64.39 121.11 ship 0 0.994412 votes=1
426.53 572.59 457.62 572.86 457.48 589.22 426.39 588.95 ship 0 0.994382 votes=1
134.58 236.53 164.69 235.76 164.97 246.58 134.85 247.35 ship 0 0.993980 votes=1
317.62 262.95 345.44 261.86 345.85 272.50 318.04 273.59 ship 0 0.993534 votes=1
213.98 379.79 214.27 420.26 200.69 420.35 200.40 379.89 ship 0 0.991979 votes=1
67.92 197.51 92.61 193.94 93.79 202.10 69.10 205.67 ship 0 0.991396 votes=1
61.01 86.22 85.40 84.89 85.86 93.33 61.47 94.66 ship 0 0.991311 votes=1
61.80 70.79 84.83 69.57 85.27 77.76 62.23 78.98 ship 0 0.990591 votes=1
144.91 358.52 171.00 356.92 171.57 366.23 145.48 367.83 ship 0 0.990570 votes=1
132.39 144.59 156.73 144.42 156.79 153.82 132.45 153.98 ship 0 0.990009 votes=1
133.54 310.17 165.68 310.25 165.65 321.71 133.51 321.63 ship 0 0.989769 votes=1
78.47 373.42 103.33 372.78 103.59 382.68 78.73 383.32 ship 0 0.987627 votes=1
148.43 371.09 172.80 371.49 172.63 381.31 148.27 380.91 ship 0 0.987495 votes=1
319.61 131.62 321.96 157.69 310.29 158.74 307.94 132.68 ship 0 0.986668 votes=1
67.65 209.77 93.35 208.54 93.82 218.47 68.13 219.69 ship 0 0.986638 votes=1
300.75 653.35 324.82 656.01 323.77 665.57 299.70 662.92 ship 0 0.983495 votes=1
163.60 480.65 206.70 481.96 206.34 493.71 163.24 492.40 ship 0 0.981703 votes=1
464.34 673.67 465.12 629.68 477.41 629.90 476.63 673.89 ship 0 0.980374 votes=1
139.24 297.12 166.27 296.52 166.50 306.76 139.46 307.36 ship 0 0.980053 votes=1
69.73 252.81 93.63 252.35 93.80 261.19 69.90 261.66 ship 0 0.977877 votes=1
79.23 403.31 102.74 405.17 102.08 413.56 78.56 411.70 ship 0 0.976217 votes=1
377.60 698.62 397.47 701.75 396.18 709.93 376.31 706.80 ship 0 0.975423 votes=1
322.53 295.08 350.98 294.38 351.23 304.83 322.78 305.52 ship 0 0.973647 votes=1
74.78 336.54 98.05 335.19 98.64 345.29 75.37 346.64 ship 0 0.967767 votes=1
143.07 343.35 167.75 341.84 168.31 351.05 143.64 352.56 ship 0 0.965695 votes=1
71.95 295.26 95.21 294.63 95.44 303.17 72.18 303.80 ship 0 0.965233 votes=1
66.02 126.22 88.48 126.21 88.48 135.10 66.03 135.11 ship 0 0.963477 votes=1
250.62 664.09 253.47 495.96 344.38 497.51 341.52 665.63 harbor 0 0.949701 votes=1
70.82 238.51 92.27 238.40 92.31 246.89 70.86 246.99 ship 0 0.945119 votes=1
71.59 225.46 92.78 225.30 92.83 232.98 71.65 233.14 ship 0 0.944922 votes=1
67.55 154.41 90.89 153.56 91.23 162.96 67.89 163.81 ship 0 0.943541 votes=1
77.26 351.44 97.39 348.99 98.28 356.26 78.15 358.71 ship 0 0.943261 votes=1
78.22 363.83 101.22 361.58 102.11 370.62 79.11 372.88 ship 0 0.932123 votes=1
172.34 620.33 190.30 620.53 190.15 633.26 172.19 633.06 ship 0 0.922571 votes=1
161.75 514.42 197.20 514.95 197.01 527.59 161.56 527.06 ship 0 0.907072 votes=1
136.49 281.91 163.08 281.13 163.37 290.84 136.77 291.62 ship 0 0.904719 votes=1
61.51 100.25 84.09 97.94 84.93 106.24 62.36 108.55 ship 0 0.891353 votes=1
68.11 182.90 89.28 183.06 89.22 191.17 68.04 191.01 ship 0 0.878611 votes=1
472.10 606.87 472.71 625.00 465.18 625.25 464.57 607.12 ship 0 0.877559 votes=1
144.56 28.98 155.85 34.27 153.00 40.34 141.72 35.06 vehicle 0 0.875681 votes=1
317.54 250.90 338.82 250.67 338.91 259.28 317.63 259.51 ship 0 0.873576 votes=1
88.17 56.55 104.15 440.23 66.96 441.78 50.97 58.10 harbor 0 0.873189 votes=1
77.78 389.14 99.82 388.93 99.91 398.65 77.88 398.86 ship 0 0.869471 votes=1
158.11 642.62 159.54 477.47 195.32 477.77 193.89 642.92 harbor 0 0.857936 votes=1
71.68 266.20 90.71 266.36 90.64 275.22 71.61 275.07 ship 0 0.828832 votes=1
231.14 687.37 248.80 688.00 248.54 695.37 230.87 694.75 ship 0 0.813051 votes=1
222.45 644.36 240.90 645.08 240.40 658.13 221.94 657.42 ship 0 0.798487 votes=1
72.88 308.18 92.69 308.09 92.73 316.51 72.92 316.60 ship 0 0.733929 votes=1
355.20 374.55 377.00 393.70 366.72 405.40 344.92 386.25 ship 0 0.705901 votes=1
160.30 610.47 161.65 593.50 170.49 594.21 169.14 611.17 ship 0 0.699592 votes=1
160.73 59.47 184.51 401.96 146.97 404.56 123.19 62.08 harbor 0 0.691575 votes=1
512.60 581.83 517.11 603.36 510.49 604.74 505.98 583.21 ship 0 0.690927 votes=1
467.78 528.83 472.10 676.00 416.81 677.63 412.49 530.45 harbor 0 0.685989 votes=1
520.56 533.81 537.58 689.62 520.60 691.47 503.58 535.66 harbor 0 0.674473 votes=1
173.52 553.00 196.16 553.14 196.11 562.29 173.47 562.16 ship 0 0.662579 votes=1
176.47 561.84 196.14 563.42 195.44 572.22 175.77 570.63 ship 0 0.634819 votes=1
90.05 105.54 93.13 307.39 62.79 307.85 59.71 106.00 ship 0 0.603037 votes=1
