537.66 303.44 539.84 273.30 552.72 274.23 550.54 304.37 vehicle 0 0.999447 votes=1
540.40 100.60 542.15 70.01 555.68 70.78 553.93 101.37 vehicle 0 0.999402 votes=1
736.99 474.56 761.03 487.80 754.89 498.94 730.86 485.69 vehicle 0 0.999398 votes=1
165.35 714.21 166.78 688.43 178.80 689.09 177.38 714.88 vehicle 0 0.999283 votes=1
204.75 758.68 207.22 727.82 220.83 728.91 218.35 759.77 vehicle 0 0.999266 votes=1
81.13 178.31 110.33 192.04 105.03 203.30 75.84 189.56 vehicle 0 0.999072 votes=1
285.33 126.12 287.27 98.69 299.08 99.52 297.15 126.95 vehicle 0 0.999046 votes=1
175.27 178.42 210.57 194.91 204.85 207.15 169.55 190.67 vehicle 0 0.997171 votes=1
454.92 365.74 474.86 374.32 470.77 383.83 450.83 375.25 vehicle 0 0.994419 votes=1
166.89 132.31 688.62 408.93 631.95 515.82 110.21 239.20 overpass 0 0.991587 votes=1
