347.69 546.44 392.19 518.11 400.94 531.85 356.43 560.18 ship 0 0.998796 votes=1
457.48 570.30 497.86 540.91 508.62 555.69 468.23 585.08 ship 0 0.998710 votes=1
385.30 583.00 429.11 558.26 438.64 575.13 394.83 599.87 ship 0 0.998232 votes=1
619.97 457.56 659.02 432.11 667.54 445.19 628.50 470.64 ship 0 0.998223 votes=1
475.35 591.32 527.28 561.47 538.32 580.67 486.39 610.53 ship 0 0.997968 votes=1
494.09 376.19 527.33 356.98 534.32 369.06 501.07 388.27 ship 0 0.997792 votes=1
415.52 635.14 462.60 603.87 472.32 618.51 425.24 649.78 ship 0 0.997772 votes=1
307.43 510.37 365.01 472.86 377.65 492.26 320.08 529.77 ship 0 0.997650 votes=1
727.53 343.09 731.56 391.92 716.46 393.16 712.42 344.34 ship 0 0.997642 votes=1
371.41 566.10 417.47 536.22 427.82 552.18 381.76 582.06 ship 0 0.997262 votes=1
412.34 364.72 479.89 313.82 496.97 336.49 429.42 387.38 ship 0 0.997226 votes=1
539.16 208.87 565.36 190.50 572.25 200.32 546.05 218.70 ship 0 0.997108 votes=1
348.50 342.81 431.06 283.31 448.72 307.81 366.16 367.31 ship 0 0.997095 votes=1
405.58 480.36 442.08 462.19 448.51 475.12 412.02 493.29 ship 0 0.996907 votes=1
308.63 478.23 354.91 449.42 363.73 463.59 317.45 492.39 ship 0 0.996031 votes=1
584.83 516.77 632.58 486.53 641.66 500.87 593.92 531.11 ship 0 0.995514 votes=1
404.86 609.70 439.45 586.39 448.22 599.39 413.63 622.71 ship 0 0.995387 votes=1
573.69 494.63 604.82 470.62 612.78 480.94 581.65 504.95 ship 0 0.995086 votes=1
508.37 286.33 530.58 265.83 539.44 275.43 517.23 295.93 ship 0 0.994873 votes=1
479.52 356.31 511.16 334.77 520.09 347.89 488.45 369.43 ship 0 0.994080 votes=1
592.84 393.16 614.73 376.21 621.35 384.76 599.47 401.71 ship 0 0.993782 votes=1
671.74 247.93 696.85 232.47 702.98 242.41 677.87 257.88 ship 0 0.993694 votes=1
658.54 204.84 679.84 189.23 686.76 198.68 665.47 214.29 ship 0 0.993491 votes=1
530.35 410.35 558.69 390.56 565.71 400.60 537.36 420.39 ship 0 0.993474 votes=1
531.95 431.03 568.30 411.48 575.96 425.73 539.62 445.27 ship 0 0.993454 votes=1
314.90 371.52 334.13 345.65 344.75 353.55 325.52 379.41 ship 0 0.991800 votes=1
540.96 317.63 562.52 303.03 568.70 312.15 547.14 326.75 ship 0 0.990363 votes=1
395.46 447.27 424.78 430.63 430.77 441.18 401.45 457.83 ship 0 0.989383 votes=1
400.78 394.78 521.68 565.99 412.34 643.20 291.45 471.99 harbor 0 0.967227 votes=1
665.16 285.79 686.77 268.52 694.29 277.94 672.67 295.20 ship 0 0.961992 votes=1
488.42 242.84 513.33 226.63 519.93 236.77 495.02 252.97 ship 0 0.957979 votes=1
504.74 216.58 674.11 457.08 585.41 519.54 416.04 279.05 harbor 0 0.955464 votes=1
515.77 303.30 545.88 282.92 556.36 298.40 526.25 318.78 ship 0 0.940976 votes=1
678.18 351.48 706.51 325.74 714.85 334.92 686.52 360.66 ship 0 0.936198 votes=1
630.25 145.35 647.31 134.77 653.35 144.50 636.28 155.08 ship 0 0.932225 votes=1
689.55 119.61 694.32 155.81 678.27 157.92 673.50 121.72 ship 0 0.909497 votes=1
499.95 395.40 523.60 379.85 530.01 389.58 506.35 405.14 ship 0 0.907995 votes=1
601.37 131.22 629.16 115.64 635.83 127.54 608.04 143.12 ship 0 0.861843 votes=1
385.52 425.89 404.65 412.47 411.26 421.89 392.13 435.31 ship 0 0.848044 votes=1
333.99 532.96 373.29 506.75 382.04 519.88 342.74 546.09 ship 0 0.785130 votes=1
693.46 116.62 741.28 376.24 685.43 386.53 637.62 126.90 harbor 0 0.705593 votes=1
