90.38 116.92 139.05 116.35 139.26 133.54 90.59 134.11 ship 0 0.998844 votes=1
48.87 233.64 49.68 276.89 35.52 277.16 34.71 233.90 ship 0 0.998656 votes=1
33.84 337.61 34.30 286.15 50.13 286.29 49.66 337.75 ship 0 0.998331 votes=1
83.57 158.95 137.57 156.93 138.17 172.99 84.17 175.00 ship 0 0.998286 votes=1
92.43 179.13 137.64 177.42 138.25 193.54 93.04 195.25 ship 0 0.998236 votes=1
145.07 28.66 189.13 27.44 189.58 43.60 145.52 44.82 ship 0 0.998191 votes=1
81.88 75.37 137.95 75.67 137.85 93.77 81.78 93.47 ship 0 0.998148 votes=1
151.16 196.08 191.59 195.06 191.95 209.53 151.53 210.54 ship 0 0.997980 votes=1
94.86 197.89 140.27 197.49 140.40 212.42 94.99 212.83 ship 0 0.997952 votes=1
66.78 398.03 112.93 398.18 112.88 413.96 66.72 413.81 ship 0 0.997910 votes=1
61.41 304.91 100.71 306.90 100.07 319.68 60.77 317.69 ship 0 0.997753 votes=1
84.00 662.77 122.28 660.50 123.07 673.73 84.79 676.00 ship 0 0.997623 votes=1
56.73 286.32 101.13 285.71 101.34 300.52 56.94 301.13 ship 0 0.997388 votes=1
72.46 449.57 109.09 449.35 109.18 464.07 72.55 464.29 ship 0 0.997084 votes=1
69.24 379.89 107.30 378.84 107.70 393.20 69.63 394.24 ship 0 0.997004 votes=1
84.20 597.12 119.64 596.86 119.74 609.90 84.30 610.16 ship 0 0.996992 votes=1
66.76 362.01 102.39 362.19 102.33 374.68 66.70 374.50 ship 0 0.996850 votes=1
98.52 101.42 137.34 96.57 139.07 110.43 100.25 115.28 ship 0 0.996744 votes=1
57.88 266.21 102.87 265.04 103.27 280.37 58.28 281.54 ship 0 0.996702 votes=1
97.87 140.42 138.85 138.32 139.62 153.30 98.64 155.40 ship 0 0.996681 votes=1
79.52 53.33 136.08 51.25 136.85 72.19 80.29 74.26 ship 0 0.996468 votes=1
59.91 342.65 99.07 342.89 98.99 356.30 59.83 356.06 ship 0 0.995404 votes=1
96.96 216.16 142.28 217.07 141.97 232.40 96.65 231.48 ship 0 0.994728 votes=1
68.44 470.81 103.31 469.87 103.67 483.37 68.81 484.30 ship 0 0.994662 votes=1
68.40 417.88 108.22 417.54 108.34 432.48 68.53 432.82 ship 0 0.994148 votes=1
83.66 561.52 117.09 560.21 117.56 572.19 84.12 573.50 ship 0 0.992881 votes=1
85.93 626.90 121.51 627.38 121.32 641.68 85.73 641.20 ship 0 0.992184 votes=1
72.61 494.98 110.26 495.02 110.24 508.77 72.60 508.72 ship 0 0.990434 votes=1
133.62 720.41 165.50 721.09 165.27 732.08 133.39 731.40 ship 0 0.990041 votes=1
93.60 692.43 121.81 692.73 121.70 703.35 93.48 703.04 ship 0 0.975336 votes=1
90.84 241.68 92.80 41.26 193.83 42.25 191.86 242.67 harbor 0 0.970217 votes=1
60.99 245.88 104.53 244.15 105.03 256.78 61.49 258.51 ship 0 0.969028 votes=1
161.43 471.13 162.85 494.12 154.40 494.64 152.97 471.65 ship 0 0.860049 votes=1
76.70 739.49 77.43 466.54 169.87 466.79 169.14 739.74 harbor 0 0.856846 votes=1
411.17 676.76 413.26 693.32 405.27 694.34 403.17 677.77 ship 0 0.829871 votes=1
43.21 513.56 44.93 233.71 108.98 234.11 107.25 513.95 harbor 0 0.778031 votes=1
