182.54 347.31 290.51 425.42 227.75 512.17 119.78 434.06 airplane 0 0.999475 votes=1
38.51 559.34 70.62 451.11 170.19 480.66 138.08 588.88 airplane 0 0.999461 votes=1
486.53 109.11 561.71 179.11 494.45 251.35 419.27 181.35 airplane 0 0.998980 votes=1
341.86 609.71 362.19 624.29 357.03 631.48 336.70 616.90 vehicle 0 0.947270 votes=1
528.06 620.81 543.74 607.51 549.50 614.30 533.82 627.60 vehicle 0 0.927115 votes=1
599.12 331.33 613.65 343.87 608.92 349.34 594.39 336.80 vehicle 0 0.912626 votes=1
415.02 528.75 426.17 539.26 421.82 543.88 410.67 533.37 vehicle 0 0.864415 votes=1
514.91 420.06 525.56 431.58 520.71 436.06 510.07 424.54 vehicle 0 0.815441 votes=1
549.26 381.32 561.57 392.64 556.36 398.30 544.05 386.99 vehicle 0 0.782694 votes=1
450.88 529.89 466.34 548.05 457.52 555.55 442.07 537.39 vehicle 0 0.755505 votes=1
370.63 569.17 383.59 582.13 378.39 587.33 365.42 574.38 vehicle 0 0.704174 votes=1
489.52 445.91 505.06 452.51 502.10 459.48 486.56 452.88 vehicle 0 0.679424 votes=1
447.48 440.84 458.91 449.24 455.24 454.23 443.81 445.83 vehicle 0 0.672722 votes=1
689.94 245.71 704.93 256.08 700.93 261.87 685.93 251.50 vehicle 0 0.659005 votes=1
616.50 320.69 627.97 304.20 636.45 310.10 624.98 326.59 vehicle 0 0.615501 votes=1
