212.08 83.24 213.86 218.08 81.61 219.83 79.83 84.99 baseballfield 0 0.999328 votes=1
754.06 422.97 754.16 353.26 787.73 353.31 787.62 423.02 tenniscourt 0 0.999176 votes=1
753.76 526.55 753.80 457.63 787.60 457.64 787.56 526.57 tenniscourt 0 0.999112 votes=1
72.81 447.50 185.85 449.09 184.28 560.37 71.24 558.77 baseballfield 0 0.999085 votes=1
677.45 592.81 678.32 669.75 634.02 670.25 633.16 593.31 basketballcourt 0 0.998990 votes=1
540.50 592.63 541.84 670.10 496.53 670.89 495.19 593.42 basketballcourt 0 0.998919 votes=1
587.11 671.45 587.75 594.05 631.81 594.41 631.17 671.81 basketballcourt 0 0.998824 votes=1
585.71 592.66 586.58 670.85 544.49 671.32 543.62 593.13 basketballcourt 0 0.998823 votes=1
707.50 52.00 708.43 576.74 473.05 577.16 472.12 52.42 groundtrackfield 0 0.998596 votes=1
214.33 583.23 236.16 582.32 236.46 589.52 214.64 590.43 vehicle 0 0.960537 votes=1
175.88 598.88 176.43 616.12 169.31 616.34 168.76 599.10 vehicle 0 0.912090 votes=1
269.37 736.70 283.26 736.27 283.45 742.39 269.56 742.82 vehicle 0 0.673880 votes=1
30.93 330.70 31.00 345.09 23.86 345.13 23.78 330.73 vehicle 0 0.619073 votes=1
28.79 467.34 29.83 481.81 23.61 482.26 22.57 467.78 vehicle 0 0.618926 votes=1
