438.46 137.23 458.83 109.84 468.60 117.11 448.23 144.50 ship 0 0.998224 votes=1
499.29 187.16 515.54 164.83 525.69 172.22 509.44 194.54 ship 0 0.997441 votes=1
199.73 664.05 209.96 638.42 220.76 642.73 210.53 668.36 ship 0 0.997392 votes=1
467.26 164.85 488.94 139.99 499.01 148.78 477.33 173.64 ship 0 0.997265 votes=1
69.68 57.05 86.41 79.05 77.46 85.86 60.73 63.85 vehicle 0 0.997265 votes=1
514.52 137.48 537.49 110.49 547.74 119.22 524.77 146.21 ship 0 0.997104 votes=1
557.19 174.06 581.20 155.86 588.42 165.39 564.41 183.59 ship 0 0.996900 votes=1
357.40 734.36 367.86 710.87 377.56 715.18 367.10 738.67 ship 0 0.995484 votes=1
511.08 198.58 530.11 177.77 539.38 186.24 520.35 207.05 ship 0 0.994599 votes=1
387.83 460.32 392.83 491.32 379.64 493.45 374.64 462.44 ship 0 0.994166 votes=1
182.08 653.71 190.07 620.17 203.93 623.47 195.94 657.01 ship 0 0.993887 votes=1
450.97 149.97 472.72 121.60 483.70 130.01 461.94 158.39 ship 0 0.993214 votes=1
270.10 692.27 282.10 665.61 293.65 670.81 281.65 697.47 ship 0 0.992965 votes=1
339.35 727.11 349.51 696.65 360.92 700.46 350.76 730.92 ship 0 0.991630 votes=1
321.62 425.40 329.97 451.26 317.85 455.18 309.50 429.31 ship 0 0.991360 votes=1
527.54 150.34 550.70 127.26 560.99 137.58 537.82 160.66 ship 0 0.989236 votes=1
212.83 671.29 226.11 643.94 237.37 649.40 224.08 676.75 ship 0 0.989189 votes=1
266.45 433.48 388.46 414.94 400.38 493.39 278.36 511.93 harbor 0 0.984857 votes=1
442.34 72.86 464.77 52.04 473.46 61.40 451.04 82.22 ship 0 0.981363 votes=1
481.10 175.94 501.98 150.11 512.29 158.44 491.41 184.27 ship 0 0.977594 votes=1
408.78 -10.24 610.63 177.88 552.55 240.20 350.70 52.07 harbor 0 0.960517 votes=1
274.71 187.32 361.00 257.99 335.59 289.02 249.30 218.34 harbor 0 0.934537 votes=1
189.89 613.67 387.74 712.53 354.46 779.14 156.60 680.28 harbor 0 0.932268 votes=1
525.08 211.19 543.65 192.78 551.80 201.00 533.23 219.41 ship 0 0.924927 votes=1
106.04 18.45 116.89 34.39 110.79 38.54 99.94 22.60 vehicle 0 0.796261 votes=1
534.19 227.23 557.25 199.33 567.74 208.00 544.67 235.90 ship 0 0.639678 votes=1
