541.06 615.53 609.62 637.86 604.62 653.20 536.06 630.88 ship 0 0.998878 votes=1
531.63 485.71 612.14 512.37 606.49 529.43 525.98 502.76 ship 0 0.998849 votes=1
555.02 665.95 608.74 685.89 603.69 699.52 549.96 679.59 ship 0 0.998801 votes=1
446.59 539.54 488.87 527.14 492.49 539.48 450.21 551.88 ship 0 0.998780 votes=1
349.22 690.60 383.29 739.37 371.35 747.71 337.28 698.93 ship 0 0.998668 votes=1
547.02 441.87 611.51 464.16 606.51 478.62 542.02 456.34 ship 0 0.998655 votes=1
334.76 346.27 394.00 364.63 389.79 378.23 330.55 359.88 ship 0 0.998194 votes=1
531.41 412.17 608.70 430.95 604.67 447.55 527.38 428.78 ship 0 0.997926 votes=1
518.97 463.24 611.52 482.40 607.87 500.05 515.31 480.90 ship 0 0.997835 votes=1
536.97 719.02 538.68 785.11 523.15 785.52 521.43 719.42 ship 0 0.997825 votes=1
529.63 511.18 612.13 535.81 606.75 553.83 524.25 529.20 ship 0 0.997579 votes=1
448.25 721.26 498.45 721.01 498.51 733.70 448.32 733.96 ship 0 0.997527 votes=1
348.74 718.88 350.07 786.02 335.12 786.32 333.80 719.18 ship 0 0.997254 votes=1
346.99 288.72 394.19 302.76 390.23 316.09 343.03 302.05 ship 0 0.997234 votes=1
445.26 600.36 478.63 588.91 481.96 598.59 448.58 610.04 ship 0 0.996849 votes=1
597.34 801.56 597.56 720.29 616.23 720.34 616.01 801.61 ship 0 0.996802 votes=1
572.62 799.94 572.90 715.82 590.98 715.88 590.70 800.00 ship 0 0.996378 votes=1
350.42 320.57 397.80 332.76 394.41 345.94 347.03 333.76 ship 0 0.996324 votes=1
447.27 614.56 483.29 602.01 486.93 612.45 450.90 624.99 ship 0 0.996051 votes=1
446.60 522.97 485.17 511.56 488.52 522.87 449.94 534.27 ship 0 0.995662 votes=1
308.49 714.60 308.99 775.97 294.06 776.10 293.56 714.73 ship 0 0.994640 votes=1
538.19 563.81 617.05 586.69 609.53 612.60 530.67 589.71 ship 0 0.994393 votes=1
344.84 608.20 346.19 658.44 333.28 658.79 331.93 608.54 ship 0 0.994208 votes=1
456.22 634.12 502.36 633.25 502.60 645.61 456.45 646.48 ship 0 0.993384 votes=1
319.83 604.16 320.54 527.51 335.63 527.65 334.92 604.30 ship 0 0.993268 votes=1
330.64 711.75 330.67 785.37 315.26 785.38 315.23 711.76 ship 0 0.992694 votes=1
547.36 595.78 612.79 619.64 607.80 633.32 542.37 609.46 ship 0 0.987269 votes=1
546.10 637.41 617.27 664.57 611.17 680.53 540.01 653.37 ship 0 0.986265 votes=1
178.42 35.72 179.53 85.24 164.94 85.57 163.84 36.04 ship 0 0.972297 votes=1
586.41 242.66 601.47 258.61 596.04 263.73 580.99 247.78 ship 0 0.968348 votes=1
179.41 86.94 181.01 130.31 170.02 130.72 168.42 87.34 ship 0 0.965616 votes=1
671.18 565.54 722.13 566.12 722.00 577.55 671.05 576.97 ship 0 0.962468 votes=1
585.51 385.33 587.12 285.29 613.42 285.72 611.81 385.75 ship 0 0.951519 votes=1
369.94 744.57 370.42 790.48 357.69 790.61 357.21 744.70 ship 0 0.949903 votes=1
447.44 577.54 470.08 569.19 472.81 576.58 450.17 584.93 ship 0 0.949202 votes=1
182.25 130.95 182.51 170.02 172.60 170.09 172.33 131.02 ship 0 0.914173 votes=1
447.18 555.38 467.69 551.56 469.80 562.86 449.29 566.68 ship 0 0.907953 votes=1
181.58 2.76 181.87 40.25 170.53 40.34 170.24 2.85 ship 0 0.904869 votes=1
368.95 680.64 414.59 680.43 414.65 693.17 369.01 693.38 ship 0 0.882333 votes=1
620.77 31.93 629.12 14.38 635.29 17.32 626.95 34.86 vehicle 0 0.858618 votes=1
280.58 783.65 286.30 239.94 520.83 242.41 515.11 786.12 harbor 0 0.765512 votes=1
163.14 161.68 163.31 130.93 171.64 130.97 171.47 161.73 ship 0 0.638031 votes=1
