98.60 494.01 163.42 491.04 164.25 509.17 99.44 512.15 ship 0 0.999223 votes=1
91.10 185.30 150.56 180.46 152.07 199.03 92.61 203.87 ship 0 0.999112 votes=1
98.46 227.48 147.51 227.35 147.56 244.86 98.50 244.98 ship 0 0.999066 votes=1
95.35 341.64 146.48 341.55 146.50 356.64 95.38 356.73 ship 0 0.999010 votes=1
96.05 317.62 146.70 316.95 146.93 333.90 96.27 334.57 ship 0 0.999007 votes=1
100.16 450.71 156.97 450.46 157.05 468.15 100.24 468.39 ship 0 0.998919 votes=1
98.51 274.86 138.15 274.82 138.16 289.59 98.53 289.63 ship 0 0.998332 votes=1
107.83 407.57 150.78 408.70 150.39 423.38 107.44 422.24 ship 0 0.998046 votes=1
102.35 207.43 137.18 207.96 137.01 218.91 102.18 218.38 ship 0 0.997884 votes=1
97.30 297.09 142.12 298.27 141.75 312.27 96.93 311.09 ship 0 0.997811 votes=1
44.21 544.06 85.94 544.05 85.94 559.55 44.21 559.55 ship 0 0.996453 votes=1
51.21 413.97 81.24 410.68 82.37 420.97 52.34 424.26 ship 0 0.996431 votes=1
57.08 518.48 84.08 518.29 84.17 530.84 57.16 531.02 ship 0 0.992128 votes=1
112.39 542.32 153.22 542.29 153.23 554.31 112.40 554.34 ship 0 0.984385 votes=1
146.82 119.13 157.34 577.56 47.33 580.09 36.81 121.66 harbor 0 0.962020 votes=1
