565.65 98.27 573.08 257.28 497.77 260.80 490.34 101.79 tenniscourt 0 0.999417 votes=1
464.45 349.46 470.95 509.65 396.45 512.68 389.95 352.49 tenniscourt 0 0.999347 votes=1
168.86 365.30 172.30 524.09 95.94 525.74 92.50 366.96 tenniscourt 0 0.999332 votes=1
454.25 104.22 459.07 263.80 383.58 266.08 378.76 106.50 tenniscourt 0 0.999295 votes=1
156.15 118.67 161.34 277.21 86.01 279.67 80.82 121.14 tenniscourt 0 0.999294 votes=1
579.58 346.25 584.56 503.40 508.92 505.80 503.94 348.65 tenniscourt 0 0.999288 votes=1
258.07 360.18 265.07 518.50 190.71 521.79 183.71 363.46 tenniscourt 0 0.999282 votes=1
247.03 114.68 252.26 272.95 177.01 275.44 171.77 117.17 tenniscourt 0 0.999273 votes=1
360.92 106.71 367.41 267.95 290.95 271.03 284.46 109.78 tenniscourt 0 0.999262 votes=1
659.21 93.42 666.44 254.13 590.29 257.56 583.05 96.85 tenniscourt 0 0.999237 votes=1
671.37 341.38 677.79 499.27 602.64 502.32 596.22 344.43 tenniscourt 0 0.999233 votes=1
371.38 354.69 378.03 512.51 303.09 515.67 296.44 357.85 tenniscourt 0 0.999206 votes=1
