480.07 655.71 482.81 611.38 498.44 612.35 495.71 656.67 ship 0 0.998937 votes=1
254.63 338.48 292.87 338.01 293.04 352.33 254.81 352.80 ship 0 0.998830 votes=1
262.70 576.43 308.60 573.35 309.62 588.58 263.72 591.66 ship 0 0.998783 votes=1
230.43 100.80 274.01 100.46 274.13 116.63 230.55 116.96 ship 0 0.998461 votes=1
232.93 126.60 273.55 124.70 274.28 140.23 233.66 142.12 ship 0 0.998296 votes=1
437.14 704.81 440.14 665.71 453.91 666.77 450.91 705.87 ship 0 0.997700 votes=1
253.50 317.25 290.91 313.23 292.34 326.48 254.92 330.50 ship 0 0.997549 votes=1
552.45 663.10 558.27 620.95 572.47 622.91 566.65 665.06 ship 0 0.997528 votes=1
266.61 483.73 302.87 483.74 302.86 495.96 266.60 495.96 ship 0 0.997525 votes=1
241.91 151.19 275.04 150.54 275.25 161.17 242.12 161.82 ship 0 0.997189 votes=1
244.07 504.75 306.08 502.08 306.82 519.38 244.81 522.05 ship 0 0.997177 votes=1
539.77 711.46 542.61 680.41 554.99 681.54 552.15 712.59 ship 0 0.996924 votes=1
473.52 704.24 475.06 671.74 487.35 672.32 485.81 704.82 ship 0 0.996657 votes=1
381.94 694.01 385.62 664.95 398.19 666.55 394.51 695.60 ship 0 0.996477 votes=1
505.31 709.85 509.33 674.99 522.23 676.48 518.21 711.33 ship 0 0.996315 votes=1
241.97 202.10 273.02 199.75 273.97 212.25 242.92 214.60 ship 0 0.996242 votes=1
282.48 551.86 308.80 550.65 309.35 562.66 283.03 563.87 ship 0 0.995502 votes=1
251.09 384.79 296.97 384.17 297.19 400.43 251.31 401.05 ship 0 0.995294 votes=1
419.51 697.73 423.02 667.79 435.89 669.30 432.38 699.24 ship 0 0.993968 votes=1
524.08 707.06 525.32 678.25 537.65 678.78 536.42 707.59 ship 0 0.992529 votes=1
303.82 688.86 306.47 657.26 319.47 658.35 316.81 689.96 ship 0 0.992325 votes=1
489.40 702.24 490.68 673.26 503.29 673.82 502.00 702.80 ship 0 0.991592 votes=1
575.35 712.39 578.17 681.98 590.28 683.11 587.46 713.51 ship 0 0.991582 votes=1
244.11 76.40 269.50 75.86 269.77 88.41 244.38 88.96 ship 0 0.991316 votes=1
342.62 690.64 343.98 661.29 357.56 661.93 356.20 691.27 ship 0 0.990592 votes=1
383.20 640.65 388.04 611.95 401.13 614.16 396.29 642.86 ship 0 0.988915 votes=1
557.25 709.91 559.55 685.08 570.31 686.08 568.02 710.91 ship 0 0.983841 votes=1
592.70 715.84 594.76 687.50 607.48 688.42 605.42 716.76 ship 0 0.983417 votes=1
264.78 681.30 268.92 646.34 282.25 647.91 278.11 682.88 ship 0 0.982206 votes=1
338.35 635.40 341.12 604.46 353.49 605.56 350.72 636.50 ship 0 0.981257 votes=1
324.86 684.39 325.13 661.51 336.45 661.64 336.18 684.52 ship 0 0.979597 votes=1
251.23 220.36 274.51 219.16 275.17 232.14 251.90 233.34 ship 0 0.972313 votes=1
273.19 597.78 625.52 632.36 616.83 720.95 264.50 686.37 harbor 0 0.925049 votes=1
293.56 20.68 342.11 653.09 273.34 658.37 224.80 25.96 harbor 0 0.903613 votes=1
