81.29 453.55 81.65 425.78 93.78 425.93 93.43 453.70 vehicle 0 0.999345 votes=1
621.80 436.43 622.76 279.50 696.21 279.96 695.25 436.88 tenniscourt 0 0.999316 votes=1
700.01 134.48 700.48 106.30 714.27 106.53 713.80 134.72 vehicle 0 0.999273 votes=1
526.91 436.52 528.82 277.82 601.73 278.70 599.82 437.40 tenniscourt 0 0.999228 votes=1
619.70 706.08 621.20 548.59 694.42 549.29 692.92 706.78 tenniscourt 0 0.999216 votes=1
525.53 705.26 526.92 548.32 599.38 548.96 598.00 705.90 tenniscourt 0 0.999175 votes=1
333.24 704.28 334.06 546.44 408.53 546.82 407.72 704.66 tenniscourt 0 0.999125 votes=1
236.76 702.86 237.55 544.47 311.55 544.83 310.76 703.23 tenniscourt 0 0.999106 votes=1
428.72 705.66 430.14 547.01 504.46 547.68 503.04 706.32 tenniscourt 0 0.999086 votes=1
334.14 434.24 335.49 276.86 410.88 277.51 409.53 434.89 tenniscourt 0 0.999062 votes=1
238.09 433.72 239.20 275.78 314.08 276.30 312.97 434.25 tenniscourt 0 0.999017 votes=1
432.13 435.23 433.37 277.30 506.95 277.87 505.71 435.80 tenniscourt 0 0.999003 votes=1
675.42 104.91 676.14 134.33 663.44 134.64 662.72 105.22 vehicle 0 0.998641 votes=1
503.05 101.02 503.22 133.70 487.97 133.78 487.80 101.10 vehicle 0 0.997603 votes=1
749.57 104.23 749.96 136.51 736.74 136.66 736.35 104.39 vehicle 0 0.996911 votes=1
573.98 137.64 574.07 105.61 586.56 105.65 586.46 137.68 vehicle 0 0.995521 votes=1
