418.86 529.82 461.83 480.90 481.08 497.82 438.11 546.73 ship 0 0.997787 votes=1
344.05 491.48 380.04 449.52 396.14 463.33 360.15 505.28 ship 0 0.996738 votes=1
382.44 520.59 408.42 473.77 428.25 484.77 402.26 531.59 ship 0 0.995146 votes=1
272.01 421.08 301.25 384.23 317.54 397.16 288.29 434.01 ship 0 0.993772 votes=1
291.20 357.42 323.08 316.54 340.49 330.11 308.61 371.00 ship 0 0.993735 votes=1
241.77 307.83 286.60 285.08 295.92 303.43 251.09 326.19 ship 0 0.992420 votes=1
391.31 440.01 418.69 405.00 434.52 417.38 407.14 452.39 ship 0 0.990161 votes=1
764.63 227.96 794.52 267.16 778.64 279.26 748.76 240.05 vehicle 0 0.984176 votes=1
271.48 256.84 500.27 440.00 414.05 547.70 185.26 364.54 harbor 0 0.946364 votes=1
363.61 407.06 389.68 375.09 405.47 387.97 379.41 419.93 ship 0 0.937476 votes=1
313.71 462.05 352.30 427.53 365.19 441.95 326.60 476.47 ship 0 0.927095 votes=1
