124.82 488.21 680.03 434.73 701.65 659.11 146.43 712.59 Expressway-Service-area 0 0.998279 votes=1
14.79 187.65 650.88 118.61 675.19 342.66 39.10 411.70 Expressway-Service-area 0 0.997869 votes=1
307.71 334.68 351.20 330.68 352.13 340.77 308.64 344.77 vehicle 0 0.993117 votes=1
356.87 329.63 388.20 327.97 388.64 336.24 357.31 337.90 vehicle 0 0.989383 votes=1
247.10 375.21 301.92 372.18 302.49 382.53 247.68 385.57 vehicle 0 0.986135 votes=1
287.86 475.02 327.74 474.36 327.91 485.27 288.03 485.92 vehicle 0 0.978882 votes=1
419.45 366.69 429.68 472.06 417.45 473.25 407.22 367.88 overpass 0 0.977996 votes=1
431.64 320.33 464.72 318.50 465.21 327.46 432.13 329.29 vehicle 0 0.971545 votes=1
193.68 485.77 245.76 485.07 245.90 495.13 193.82 495.82 vehicle 0 0.970742 votes=1
490.26 460.19 539.74 454.67 540.84 464.48 491.36 470.00 vehicle 0 0.963513 votes=1
245.50 365.12 296.12 359.35 297.38 370.39 246.76 376.16 vehicle 0 0.852341 votes=1
314.29 512.75 345.40 511.04 345.86 519.48 314.75 521.18 vehicle 0 0.815927 votes=1
195.15 474.50 248.73 475.64 248.48 487.00 194.91 485.85 vehicle 0 0.605318 votes=1
