566.13 715.24 570.67 674.44 584.47 675.98 579.93 716.78 ship 0 0.998978 votes=1
420.81 307.23 421.18 340.60 408.30 340.74 407.93 307.37 ship 0 0.998830 votes=1
577.93 390.99 610.27 385.79 611.99 396.53 579.66 401.73 ship 0 0.998735 votes=1
506.26 368.04 506.31 415.61 491.66 415.63 491.61 368.06 ship 0 0.998644 votes=1
216.50 602.58 251.66 600.27 252.60 614.56 217.44 616.87 ship 0 0.998515 votes=1
408.99 415.26 409.05 383.15 420.56 383.17 420.49 415.28 ship 0 0.997672 votes=1
612.89 578.65 639.92 574.83 641.42 585.42 614.39 589.25 ship 0 0.997569 votes=1
440.25 336.17 440.56 306.14 453.36 306.27 453.06 336.30 ship 0 0.997284 votes=1
358.85 455.12 358.89 428.53 369.50 428.54 369.46 455.14 ship 0 0.997111 votes=1
583.19 405.62 611.20 401.24 612.80 411.44 584.78 415.83 ship 0 0.993669 votes=1
485.13 388.40 485.16 413.36 475.35 413.38 475.32 388.42 ship 0 0.993613 votes=1
268.55 381.12 511.47 382.57 511.02 459.11 268.10 457.67 harbor 0 0.991358 votes=1
267.30 518.66 546.02 519.25 545.84 603.00 267.13 602.41 harbor 0 0.989946 votes=1
541.64 595.93 541.83 564.11 552.00 564.17 551.81 595.99 ship 0 0.988214 votes=1
306.95 332.42 307.26 308.56 317.19 308.69 316.87 332.55 ship 0 0.986366 votes=1
261.01 267.65 531.41 272.56 530.22 337.78 259.82 332.88 harbor 0 0.985717 votes=1
611.90 301.87 668.43 676.19 621.53 683.27 565.01 308.95 harbor 0 0.969279 votes=1
301.23 681.05 301.66 714.02 288.56 714.19 288.12 681.22 ship 0 0.958300 votes=1
463.39 601.93 464.58 568.43 475.12 568.81 473.92 602.30 ship 0 0.951869 votes=1
226.17 672.52 550.40 666.46 552.18 761.90 227.96 767.96 harbor 0 0.946464 votes=1
770.61 471.70 787.89 480.16 784.29 487.51 767.02 479.05 vehicle 0 0.807798 votes=1
102.13 169.04 107.78 134.54 118.19 136.24 112.54 170.75 ship 0 0.708399 votes=1
609.03 372.74 612.85 356.09 621.65 358.11 617.84 374.76 ship 0 0.656194 votes=1
252.69 434.99 252.83 410.83 264.05 410.90 263.90 435.06 ship 0 0.634765 votes=1
