452.29 636.53 535.41 634.57 536.06 662.17 452.94 664.12 ship 0 0.999445 votes=1
456.31 346.52 548.39 347.45 548.05 381.32 455.96 380.39 ship 0 0.999428 votes=1
286.60 650.09 416.79 652.86 415.84 697.50 285.65 694.73 ship 0 0.999418 votes=1
289.54 505.48 409.20 502.19 410.32 542.72 290.66 546.02 ship 0 0.999370 votes=1
657.30 706.56 755.41 706.84 755.31 739.39 657.21 739.11 ship 0 0.999338 votes=1
316.86 705.89 412.20 700.76 414.17 737.42 318.83 742.55 ship 0 0.999337 votes=1
672.95 430.80 752.01 429.53 752.46 457.43 673.40 458.69 ship 0 0.999327 votes=1
455.60 713.81 543.79 715.61 543.20 744.35 455.01 742.55 ship 0 0.999308 votes=1
664.56 604.70 752.06 606.34 751.55 633.70 664.05 632.06 ship 0 0.999303 votes=1
450.22 526.34 537.11 525.67 537.32 552.58 450.43 553.26 ship 0 0.999299 votes=1
666.91 565.91 747.52 564.29 748.13 594.60 667.51 596.22 ship 0 0.999299 votes=1
651.06 469.82 756.29 471.23 755.83 505.25 650.61 503.84 ship 0 0.999292 votes=1
289.72 453.15 409.58 449.10 410.94 489.48 291.08 493.53 ship 0 0.999277 votes=1
460.77 596.26 547.47 593.53 548.43 624.11 461.74 626.84 ship 0 0.999250 votes=1
450.40 393.39 556.11 393.89 555.97 425.23 450.26 424.74 ship 0 0.999216 votes=1
647.26 328.09 742.20 324.59 743.35 355.68 648.41 359.18 ship 0 0.999178 votes=1
448.92 286.41 539.87 284.74 540.45 316.47 449.50 318.14 ship 0 0.999125 votes=1
10.07 455.34 92.01 457.84 91.15 485.99 9.21 483.49 ship 0 0.999124 votes=1
298.51 606.24 406.16 606.89 405.94 642.39 298.30 641.73 ship 0 0.999090 votes=1
27.86 382.18 105.08 381.73 105.23 407.92 28.01 408.36 ship 0 0.999062 votes=1
458.94 674.99 543.93 674.01 544.30 705.83 459.30 706.81 ship 0 0.999052 votes=1
13.46 499.19 88.95 497.49 89.54 523.84 14.05 525.53 ship 0 0.999038 votes=1
653.88 380.27 743.83 380.95 743.61 410.11 653.66 409.43 ship 0 0.999003 votes=1
455.54 439.22 542.06 441.16 541.39 470.92 454.87 468.98 ship 0 0.998967 votes=1
461.34 753.40 526.80 752.52 527.15 778.36 461.69 779.24 ship 0 0.998878 votes=1
134.71 741.52 226.52 743.28 225.88 776.70 134.07 774.94 ship 0 0.998812 votes=1
448.19 488.02 530.28 486.29 530.86 513.74 448.77 515.47 ship 0 0.998785 votes=1
-3.19 716.41 80.85 714.03 81.67 743.13 -2.36 745.52 ship 0 0.998565 votes=1
2.04 747.63 96.77 746.23 97.20 775.18 2.47 776.58 ship 0 0.998548 votes=1
302.84 286.27 397.29 290.04 395.99 322.61 301.54 318.83 ship 0 0.998369 votes=1
12.75 655.18 71.35 654.38 71.65 676.87 13.05 677.67 ship 0 0.998255 votes=1
43.09 531.59 100.91 532.93 100.33 558.14 42.50 556.79 ship 0 0.996838 votes=1
672.06 523.51 752.51 520.71 753.47 548.54 673.03 551.33 ship 0 0.996753 votes=1
45.93 596.51 98.81 602.98 96.30 623.46 43.42 616.99 ship 0 0.995776 votes=1
300.20 797.73 301.64 300.13 545.46 300.84 544.02 798.44 harbor 0 0.963408 votes=1
650.33 807.14 659.39 290.37 783.11 292.54 774.06 809.31 harbor 0 0.949573 votes=1
10.39 779.84 20.75 369.02 130.77 371.80 120.40 782.62 harbor 0 0.918323 votes=1
23.62 686.22 24.59 714.12 -3.24 715.08 -4.20 687.18 ship 0 0.602737 votes=1
558.13 773.32 588.79 772.79 589.03 786.87 558.37 787.39 ship 0 0.600558 votes=1
