621.95 524.05 638.00 504.48 647.11 511.95 631.06 531.52 vehicle 0 0.996449 votes=1
421.34 364.42 435.48 334.43 448.02 340.35 433.88 370.34 ship 0 0.994313 votes=1
167.28 294.59 167.42 269.12 178.92 269.19 178.77 294.65 ship 0 0.987374 votes=1
492.04 358.07 502.87 333.53 513.90 338.40 503.06 362.93 ship 0 0.983589 votes=1
506.65 400.41 531.37 408.45 528.05 418.68 503.33 410.65 ship 0 0.976987 votes=1
219.32 316.24 220.39 255.65 243.14 256.05 242.07 316.64 ship 0 0.976680 votes=1
248.27 326.53 249.59 287.75 265.24 288.28 263.92 327.07 ship 0 0.967554 votes=1
178.68 236.20 549.44 341.08 523.78 431.78 153.02 326.90 harbor 0 0.967251 votes=1
636.65 534.60 659.07 510.05 668.10 518.29 645.67 542.84 vehicle 0 0.943116 votes=1
643.94 443.71 661.81 454.61 656.44 463.41 638.58 452.50 vehicle 0 0.927011 votes=1
