708.21 333.03 732.27 412.34 703.83 420.97 679.78 341.65 ship 0 0.999182 votes=1
459.34 216.66 538.12 183.31 549.58 210.38 470.79 243.72 ship 0 0.999064 votes=1
350.04 111.80 451.71 67.08 465.22 97.78 363.55 142.51 ship 0 0.999054 votes=1
642.83 359.64 664.66 434.68 638.57 442.27 616.74 367.23 ship 0 0.999001 votes=1
116.60 409.70 180.56 390.09 187.58 412.99 123.63 432.61 ship 0 0.998932 votes=1
770.79 327.59 789.63 384.90 766.91 392.37 748.06 335.06 ship 0 0.998876 votes=1
675.15 351.02 696.36 421.13 669.60 429.23 648.39 359.12 ship 0 0.998849 votes=1
417.30 389.79 486.62 355.91 497.30 377.75 427.97 411.63 ship 0 0.998753 votes=1
341.34 234.96 417.25 199.83 429.32 225.90 353.40 261.03 ship 0 0.998748 votes=1
460.49 519.14 540.85 481.85 551.83 505.50 471.47 542.79 ship 0 0.998671 votes=1
377.64 292.20 449.61 264.06 458.70 287.32 386.73 315.47 ship 0 0.998631 votes=1
491.33 285.47 553.41 257.87 561.32 275.66 499.24 303.26 ship 0 0.998617 votes=1
124.57 274.08 150.88 349.24 124.42 358.50 98.11 283.35 ship 0 0.998611 votes=1
554.34 423.19 571.67 462.19 555.99 469.16 538.65 430.16 ship 0 0.998421 votes=1
618.69 401.44 630.74 437.04 615.58 442.17 603.53 406.57 ship 0 0.998290 votes=1
394.01 361.15 475.52 322.26 487.09 346.51 405.58 385.40 ship 0 0.998249 votes=1
448.89 189.99 504.91 158.54 515.69 177.75 459.67 209.19 ship 0 0.998215 votes=1
328.09 203.01 401.75 167.42 413.64 192.03 339.98 227.62 ship 0 0.998080 votes=1
413.98 129.28 480.20 93.64 492.53 116.55 426.31 152.19 ship 0 0.997883 votes=1
430.02 161.52 497.32 128.82 507.21 149.16 439.91 181.86 ship 0 0.997378 votes=1
594.64 520.43 617.94 562.59 603.23 570.72 579.93 528.56 ship 0 0.997149 votes=1
325.32 143.32 349.23 134.27 353.59 145.78 329.68 154.83 ship 0 0.991892 votes=1
564.74 533.08 600.93 612.99 558.14 632.36 521.95 552.45 ship 0 0.987458 votes=1
486.84 81.68 690.43 530.90 512.57 611.50 308.98 162.28 harbor 0 0.944743 votes=1
111.36 378.72 170.59 354.86 179.83 377.80 120.59 401.66 ship 0 0.771190 votes=1
-25.98 497.38 77.26 283.09 158.93 322.44 55.69 536.73 harbor 0 0.644128 votes=1
