347.73 308.83 351.00 483.16 192.35 486.14 189.07 311.82 airplane 0 0.999456 votes=1
614.61 559.93 699.12 562.01 697.35 634.11 612.84 632.04 airplane 0 0.999434 votes=1
150.01 307.94 151.75 458.93 23.02 460.41 21.29 309.42 airplane 0 0.999271 votes=1
502.33 80.29 502.39 39.31 512.43 39.32 512.37 80.30 vehicle 0 0.989680 votes=1
675.53 40.38 675.67 80.18 662.65 80.23 662.51 40.43 vehicle 0 0.982749 votes=1
560.10 39.99 560.36 79.93 549.06 80.00 548.80 40.06 vehicle 0 0.965157 votes=1
629.87 43.83 630.07 75.98 621.18 76.03 620.98 43.89 vehicle 0 0.964072 votes=1
600.85 48.39 601.22 76.43 593.94 76.52 593.58 48.48 vehicle 0 0.934362 votes=1
485.83 80.19 486.05 61.31 495.05 61.42 494.83 80.29 vehicle 0 0.902565 votes=1
546.10 46.44 546.28 80.60 538.15 80.64 537.97 46.48 vehicle 0 0.886554 votes=1
484.11 48.16 484.63 81.44 474.95 81.59 474.44 48.31 vehicle 0 0.873435 votes=1
465.21 19.75 465.24 35.88 456.82 35.89 456.80 19.76 vehicle 0 0.850699 votes=1
582.88 62.36 582.91 81.23 574.60 81.25 574.57 62.38 vehicle 0 0.750094 votes=1
294.70 46.88 295.63 80.17 285.66 80.45 284.73 47.16 vehicle 0 0.744577 votes=1
584.64 80.74 584.75 52.24 595.36 52.28 595.25 80.79 vehicle 0 0.742079 votes=1
213.14 50.35 215.32 78.25 204.52 79.10 202.34 51.19 vehicle 0 0.696658 votes=1
322.18 46.17 323.73 80.20 312.68 80.70 311.14 46.67 vehicle 0 0.653527 votes=1
230.85 49.71 232.15 80.02 222.09 80.45 220.79 50.14 vehicle 0 0.612689 votes=1
