585.73 127.53 739.33 557.64 566.15 619.49 412.54 189.38 Expressway-Service-area 0 0.998055 votes=1
331.43 178.25 506.07 646.96 321.78 715.62 147.15 246.91 Expressway-Service-area 0 0.997590 votes=1
397.86 436.37 408.13 464.35 403.06 466.21 392.79 438.23 vehicle 0 0.987792 votes=1
495.09 308.52 516.35 301.59 518.63 308.60 497.37 315.52 vehicle 0 0.984199 votes=1
320.80 367.67 339.90 376.65 337.22 382.35 318.12 373.37 vehicle 0 0.971573 votes=1
531.06 368.51 550.60 377.18 547.99 383.06 528.45 374.40 vehicle 0 0.969115 votes=1
352.25 443.94 372.46 453.76 369.44 459.99 349.22 450.16 vehicle 0 0.966906 votes=1
385.93 447.25 391.66 467.83 386.13 469.38 380.39 448.79 vehicle 0 0.913000 votes=1
316.53 540.32 350.77 526.61 353.85 534.32 319.62 548.03 vehicle 0 0.910571 votes=1
360.22 472.93 382.23 481.74 379.51 488.52 357.51 479.71 vehicle 0 0.812179 votes=1
245.73 397.09 253.97 416.57 247.92 419.13 239.68 399.65 vehicle 0 0.781055 votes=1
279.29 333.52 286.76 360.39 279.95 362.29 272.48 335.41 vehicle 0 0.706168 votes=1
287.08 326.63 291.22 353.16 285.30 354.09 281.15 327.55 vehicle 0 0.687382 votes=1
362.46 465.70 383.67 475.08 380.82 481.52 359.61 472.13 vehicle 0 0.663242 votes=1
