180.12 167.27 223.64 167.89 223.44 181.48 179.93 180.86 ship 0 0.998589 votes=1
465.38 278.10 501.49 273.87 503.05 287.23 466.94 291.47 ship 0 0.998141 votes=1
482.70 515.16 525.61 512.12 526.58 525.75 483.67 528.79 ship 0 0.998004 votes=1
495.87 621.28 528.43 619.14 529.16 630.30 496.61 632.44 ship 0 0.997361 votes=1
487.92 534.07 522.96 532.52 523.50 544.83 488.46 546.38 ship 0 0.996983 votes=1
617.80 466.27 655.28 466.57 655.18 479.19 617.70 478.89 ship 0 0.996888 votes=1
609.43 551.01 642.51 551.09 642.49 562.75 609.40 562.67 ship 0 0.996456 votes=1
580.87 241.24 612.83 236.44 614.57 248.00 582.61 252.81 ship 0 0.996400 votes=1
613.62 567.62 644.77 568.57 644.41 580.17 613.26 579.22 ship 0 0.995991 votes=1
481.09 455.96 514.26 454.93 514.61 466.29 481.44 467.32 ship 0 0.995826 votes=1
616.84 534.82 650.36 534.72 650.40 546.64 616.88 546.75 ship 0 0.995685 votes=1
175.84 233.98 219.89 234.38 219.77 248.17 175.72 247.77 ship 0 0.995008 votes=1
491.70 587.40 520.50 585.03 521.40 596.03 492.61 598.40 ship 0 0.994374 votes=1
469.33 314.14 501.69 312.25 502.37 323.97 470.02 325.86 ship 0 0.992992 votes=1
571.12 222.34 601.64 217.79 603.31 229.03 572.80 233.58 ship 0 0.992717 votes=1
175.07 599.69 177.33 538.14 230.78 540.11 228.52 601.65 harbor 0 0.992093 votes=1
620.40 518.81 644.56 519.22 644.38 530.04 620.22 529.63 ship 0 0.991629 votes=1
501.18 637.20 527.61 636.75 527.78 646.75 501.35 647.20 ship 0 0.991176 votes=1
499.43 656.01 532.59 655.08 532.90 666.18 499.74 667.10 ship 0 0.991115 votes=1
501.49 672.56 532.86 672.06 533.03 683.04 501.67 683.53 ship 0 0.990725 votes=1
588.44 405.72 625.34 406.51 625.07 419.00 588.17 418.21 ship 0 0.990531 votes=1
580.59 286.87 612.31 284.81 613.24 299.20 581.52 301.26 ship 0 0.986862 votes=1
626.62 449.49 648.94 449.55 648.91 461.22 626.59 461.17 ship 0 0.985915 votes=1
224.64 671.68 225.21 710.46 211.55 710.66 210.98 671.88 ship 0 0.978044 votes=1
583.12 693.13 600.99 715.85 590.17 724.35 572.31 701.63 ship 0 0.975876 votes=1
616.73 587.69 644.42 587.78 644.39 599.19 616.70 599.10 ship 0 0.975516 votes=1
506.47 192.86 517.77 381.05 452.64 384.96 441.34 196.77 harbor 0 0.969926 votes=1
604.43 618.66 641.50 620.03 641.02 632.95 603.96 631.58 ship 0 0.963439 votes=1
514.89 440.34 546.53 728.44 495.39 734.06 463.75 445.96 harbor 0 0.962007 votes=1
149.85 425.54 209.45 431.14 206.09 466.91 146.49 461.32 harbor 0 0.960479 votes=1
597.61 333.26 616.38 327.89 619.01 337.08 600.24 342.45 ship 0 0.950930 votes=1
469.95 204.91 503.22 203.28 503.77 214.49 470.50 216.11 ship 0 0.947780 votes=1
168.26 657.85 229.70 662.39 225.82 714.81 164.39 710.27 harbor 0 0.943536 votes=1
472.40 260.50 491.83 259.00 492.73 270.66 473.29 272.16 ship 0 0.924433 votes=1
593.28 678.61 611.30 704.90 602.59 710.87 584.56 684.58 ship 0 0.907184 votes=1
470.21 297.31 492.36 296.87 492.58 307.91 470.43 308.36 ship 0 0.837378 votes=1
148.04 409.93 215.82 411.75 215.28 432.14 147.49 430.32 harbor 0 0.791913 votes=1
147.95 282.89 213.69 282.98 213.68 291.30 147.94 291.21 harbor 0 0.751224 votes=1
652.06 184.60 667.64 749.96 590.80 752.08 575.22 186.72 harbor 0 0.725561 votes=1
