636.84 257.02 720.29 328.81 661.48 397.18 578.02 325.39 airplane 0 0.999278 votes=1
551.81 362.50 627.67 449.00 552.84 514.62 476.98 428.12 airplane 0 0.998837 votes=1
27.12 162.49 40.85 141.95 49.81 147.94 36.08 168.48 vehicle 0 0.993666 votes=1
69.96 19.11 80.52 -0.03 87.45 3.79 76.89 22.93 vehicle 0 0.868472 votes=1
758.75 14.30 775.22 29.39 769.15 36.01 752.68 20.92 vehicle 0 0.853599 votes=1
690.81 279.66 733.20 285.26 731.58 297.49 689.19 291.89 vehicle 0 0.836256 votes=1
318.64 437.10 333.32 419.29 340.14 424.90 325.45 442.71 vehicle 0 0.833276 votes=1
80.92 191.87 93.03 201.58 88.43 207.32 76.32 197.60 vehicle 0 0.825736 votes=1
593.53 189.11 603.43 198.11 599.09 202.87 589.20 193.88 vehicle 0 0.767836 votes=1
418.33 159.18 435.51 135.80 446.13 143.60 428.96 166.98 vehicle 0 0.667774 votes=1
