569.38 712.97 570.76 747.01 555.24 747.64 553.86 713.59 vehicle 0 0.999466 votes=1
133.18 414.14 158.84 238.20 243.87 250.60 218.22 426.54 tenniscourt 0 0.999429 votes=1
41.75 402.64 66.16 225.62 147.60 236.84 123.20 413.86 tenniscourt 0 0.999376 votes=1
612.84 728.75 613.54 772.64 592.21 772.98 591.51 729.09 vehicle 0 0.999131 votes=1
642.89 439.06 643.04 397.72 662.15 397.78 662.00 439.12 vehicle 0 0.998731 votes=1
736.19 349.76 765.97 352.43 764.85 364.94 735.07 362.28 vehicle 0 0.998428 votes=1
719.16 507.09 721.91 538.16 708.26 539.37 705.51 508.30 vehicle 0 0.998202 votes=1
679.04 509.41 681.21 542.65 667.41 543.56 665.23 510.31 vehicle 0 0.997863 votes=1
523.78 354.46 523.92 320.87 539.52 320.94 539.38 354.52 vehicle 0 0.997157 votes=1
683.97 401.91 684.06 428.36 671.15 428.40 671.06 401.96 vehicle 0 0.996564 votes=1
