552.63 303.92 627.65 295.84 629.85 316.27 554.83 324.35 ship 0 0.999459 votes=1
152.83 161.63 192.15 161.85 192.07 175.56 152.75 175.34 ship 0 0.999355 votes=1
320.78 182.57 369.92 181.87 370.15 198.44 321.02 199.13 ship 0 0.999290 votes=1
326.40 136.57 377.27 136.77 377.21 152.97 326.33 152.77 ship 0 0.999289 votes=1
155.40 114.01 222.38 115.45 221.95 135.30 154.97 133.86 ship 0 0.999226 votes=1
148.25 404.29 191.59 404.21 191.62 418.91 148.27 419.00 ship 0 0.999119 votes=1
682.71 292.03 753.30 280.43 756.53 300.12 685.95 311.71 ship 0 0.999105 votes=1
320.25 226.50 370.63 226.69 370.56 243.86 320.19 243.67 ship 0 0.999069 votes=1
203.03 140.85 258.88 140.39 259.02 158.10 203.18 158.55 ship 0 0.999068 votes=1
322.43 313.39 368.35 313.79 368.21 329.29 322.30 328.89 ship 0 0.999067 votes=1
317.28 159.60 371.91 160.75 371.56 177.30 316.93 176.15 ship 0 0.999035 votes=1
203.97 453.71 248.91 453.43 249.00 469.47 204.07 469.74 ship 0 0.998991 votes=1
318.52 248.69 368.84 247.92 369.11 265.63 318.79 266.40 ship 0 0.998973 votes=1
380.12 168.36 431.75 167.59 432.00 184.31 380.37 185.09 ship 0 0.998949 votes=1
325.67 358.34 367.84 358.07 367.94 373.07 325.77 373.34 ship 0 0.998940 votes=1
382.00 301.14 442.22 300.09 442.53 317.85 382.31 318.89 ship 0 0.998932 votes=1
6.74 227.62 45.74 226.90 45.98 239.99 6.99 240.71 ship 0 0.998900 votes=1
680.21 336.63 715.75 335.43 716.22 349.17 680.68 350.38 ship 0 0.998867 votes=1
14.25 92.30 89.80 92.64 89.71 113.53 14.16 113.19 ship 0 0.998855 votes=1
209.81 407.27 259.83 406.15 260.18 421.76 210.16 422.88 ship 0 0.998849 votes=1
57.97 325.39 100.68 325.45 100.66 339.31 57.95 339.26 ship 0 0.998846 votes=1
203.48 384.21 254.08 384.08 254.12 401.27 203.52 401.40 ship 0 0.998835 votes=1
383.01 145.42 437.63 143.43 438.23 160.02 383.62 162.00 ship 0 0.998833 votes=1
323.75 204.85 369.42 204.44 369.58 221.76 323.91 222.17 ship 0 0.998809 votes=1
153.41 466.89 192.65 465.61 193.10 479.21 153.86 480.50 ship 0 0.998796 votes=1
154.28 342.55 193.66 341.79 193.92 355.23 154.54 355.98 ship 0 0.998796 votes=1
205.40 184.67 260.30 185.09 260.17 202.30 205.27 201.88 ship 0 0.998750 votes=1
57.18 468.30 99.35 468.09 99.42 482.07 57.25 482.28 ship 0 0.998748 votes=1
154.15 446.46 195.05 446.62 194.99 460.77 154.10 460.61 ship 0 0.998747 votes=1
752.35 614.43 787.45 611.36 788.58 624.20 753.47 627.28 ship 0 0.998736 votes=1
699.73 543.35 734.57 539.99 735.73 552.06 700.89 555.41 ship 0 0.998727 votes=1
379.07 255.56 434.31 255.46 434.34 273.20 379.10 273.30 ship 0 0.998722 votes=1
153.20 222.84 192.25 223.02 192.18 236.95 153.14 236.77 ship 0 0.998687 votes=1
208.53 362.50 257.67 362.63 257.62 379.55 208.49 379.42 ship 0 0.998665 votes=1
382.42 210.48 431.67 210.71 431.58 228.78 382.34 228.55 ship 0 0.998664 votes=1
206.24 340.43 252.40 340.49 252.37 356.60 206.22 356.54 ship 0 0.998637 votes=1
204.02 251.81 250.60 251.85 250.58 269.81 204.00 269.77 ship 0 0.998634 votes=1
730.14 386.44 761.67 383.85 762.74 396.91 731.21 399.50 ship 0 0.998593 votes=1
319.32 447.07 368.83 446.06 369.16 462.30 319.64 463.31 ship 0 0.998586 votes=1
323.50 378.43 367.51 379.49 367.12 395.69 323.11 394.64 ship 0 0.998578 votes=1
737.38 438.79 772.81 437.58 773.26 450.90 737.83 452.11 ship 0 0.998563 votes=1
625.73 609.26 660.12 606.74 661.06 619.43 626.67 621.96 ship 0 0.998562 votes=1
574.29 523.21 606.42 521.04 607.15 531.91 575.02 534.08 ship 0 0.998559 votes=1
54.93 203.56 95.66 203.38 95.72 216.96 54.99 217.14 ship 0 0.998550 votes=1
733.80 403.36 766.22 401.97 766.76 414.51 734.33 415.89 ship 0 0.998530 votes=1
556.87 438.10 597.93 436.97 598.29 450.27 557.23 451.40 ship 0 0.998520 votes=1
152.99 487.33 193.05 487.34 193.05 502.88 152.98 502.86 ship 0 0.998516 votes=1
581.28 603.90 614.56 603.22 614.81 615.58 581.53 616.25 ship 0 0.998482 votes=1
756.53 650.39 790.05 649.40 790.42 662.08 756.91 663.07 ship 0 0.998468 votes=1
9.19 209.39 45.04 208.48 45.38 221.80 9.53 222.70 ship 0 0.998463 votes=1
377.60 189.71 434.96 188.83 435.23 206.16 377.87 207.04 ship 0 0.998451 votes=1
11.32 245.41 45.86 244.94 46.04 258.01 11.50 258.48 ship 0 0.998423 votes=1
159.26 286.35 195.09 286.07 195.19 299.27 159.36 299.55 ship 0 0.998408 votes=1
54.51 142.30 99.23 142.98 99.02 156.90 54.30 156.21 ship 0 0.998376 votes=1
59.80 285.82 99.78 285.34 99.93 298.18 59.95 298.67 ship 0 0.998363 votes=1
552.56 349.64 589.45 346.83 590.56 361.38 553.67 364.19 ship 0 0.998358 votes=1
622.10 556.49 653.96 554.97 654.57 567.71 622.71 569.23 ship 0 0.998354 votes=1
10.48 263.69 45.84 263.67 45.85 276.89 10.48 276.90 ship 0 0.998340 votes=1
381.02 323.38 432.63 322.67 432.88 340.74 381.27 341.45 ship 0 0.998338 votes=1
745.85 543.42 779.77 542.53 780.08 554.12 746.16 555.00 ship 0 0.998318 votes=1
153.52 363.44 193.82 362.93 194.00 377.07 153.70 377.58 ship 0 0.998317 votes=1
325.89 272.38 367.71 272.12 367.81 288.17 325.99 288.43 ship 0 0.998315 votes=1
723.23 313.45 755.71 312.95 755.91 326.21 723.43 326.71 ship 0 0.998296 votes=1
379.60 278.41 429.47 278.24 429.53 295.15 379.65 295.32 ship 0 0.998294 votes=1
698.72 526.56 733.47 523.86 734.42 536.03 699.67 538.73 ship 0 0.998280 votes=1
57.24 225.98 97.01 225.59 97.13 237.90 57.36 238.30 ship 0 0.998264 votes=1
55.56 427.63 96.86 427.49 96.90 442.09 55.60 442.22 ship 0 0.998253 votes=1
54.96 365.94 94.86 365.85 94.89 380.26 55.00 380.35 ship 0 0.998227 votes=1
11.06 464.60 45.66 464.31 45.77 477.49 11.17 477.78 ship 0 0.998220 votes=1
58.80 344.82 102.61 344.64 102.67 360.38 58.87 360.57 ship 0 0.998214 votes=1
750.00 581.79 781.94 579.27 782.85 590.73 750.91 593.25 ship 0 0.998177 votes=1
378.23 440.95 427.85 439.85 428.22 456.53 378.60 457.62 ship 0 0.998171 votes=1
380.42 393.09 429.19 393.56 429.05 409.15 380.27 408.69 ship 0 0.998154 votes=1
7.43 138.21 46.03 138.12 46.07 153.37 7.46 153.46 ship 0 0.998109 votes=1
379.47 463.66 443.07 464.90 442.73 482.32 379.13 481.08 ship 0 0.998084 votes=1
10.94 411.19 44.01 410.83 44.14 422.87 11.07 423.23 ship 0 0.998068 votes=1
12.58 158.28 45.47 157.70 45.68 169.64 12.79 170.22 ship 0 0.998048 votes=1
150.33 324.58 189.77 324.15 189.92 337.60 150.48 338.03 ship 0 0.998041 votes=1
154.79 385.53 192.58 385.12 192.73 399.03 154.94 399.44 ship 0 0.998013 votes=1
552.83 367.87 590.62 366.37 591.14 379.45 553.35 380.96 ship 0 0.998011 votes=1
582.92 587.53 613.81 586.53 614.19 598.17 583.30 599.17 ship 0 0.997997 votes=1
682.47 375.18 717.09 373.38 717.66 384.53 683.05 386.33 ship 0 0.997994 votes=1
206.88 498.40 247.28 500.11 246.70 513.66 206.30 511.94 ship 0 0.997968 votes=1
575.09 538.12 608.30 535.83 609.17 548.45 575.96 550.74 ship 0 0.997965 votes=1
755.52 632.06 789.90 629.50 790.84 642.10 756.46 644.66 ship 0 0.997950 votes=1
378.22 233.91 435.70 233.78 435.73 250.94 378.26 251.07 ship 0 0.997917 votes=1
201.79 474.34 255.88 475.51 255.53 491.92 201.43 490.74 ship 0 0.997882 votes=1
156.47 304.01 194.53 304.11 194.49 317.62 156.43 317.52 ship 0 0.997870 votes=1
55.27 387.43 95.55 387.75 95.45 400.65 55.17 400.34 ship 0 0.997866 votes=1
604.57 401.13 636.51 397.44 637.85 409.04 605.91 412.73 ship 0 0.997826 votes=1
11.56 498.49 44.54 499.62 44.13 511.66 11.15 510.52 ship 0 0.997823 votes=1
575.38 555.38 610.78 552.73 611.68 564.80 576.29 567.45 ship 0 0.997789 votes=1
10.34 372.64 45.51 373.13 45.32 386.13 10.16 385.64 ship 0 0.997756 votes=1
728.63 369.87 763.09 368.10 763.70 380.00 729.25 381.78 ship 0 0.997736 votes=1
206.45 295.43 257.14 295.02 257.28 312.06 206.59 312.47 ship 0 0.997715 votes=1
623.07 575.52 655.19 572.04 656.51 584.28 624.40 587.76 ship 0 0.997696 votes=1
380.66 370.05 433.50 369.51 433.68 386.75 380.84 387.29 ship 0 0.997679 votes=1
727.52 334.03 763.28 332.10 763.97 344.93 728.21 346.86 ship 0 0.997662 votes=1
151.78 242.36 194.82 242.52 194.76 256.89 151.72 256.74 ship 0 0.997641 votes=1
9.02 317.82 45.77 318.63 45.50 330.78 8.75 329.97 ship 0 0.997636 votes=1
1.00 191.18 44.42 191.02 44.47 204.91 1.05 205.07 ship 0 0.997609 votes=1
2.97 283.36 43.44 282.56 43.69 295.21 3.22 296.01 ship 0 0.997580 votes=1
378.41 417.46 430.56 415.07 431.35 432.18 379.20 434.57 ship 0 0.997567 votes=1
618.97 540.73 654.51 537.55 655.64 550.18 620.10 553.36 ship 0 0.997548 votes=1
482.21 641.83 482.76 582.81 501.58 582.98 501.04 642.00 ship 0 0.997548 votes=1
561.83 419.88 597.18 419.07 597.49 432.72 562.14 433.53 ship 0 0.997530 votes=1
756.40 598.27 784.32 597.67 784.54 608.46 756.63 609.05 ship 0 0.997472 votes=1
624.76 592.73 657.94 590.07 658.91 602.18 625.73 604.85 ship 0 0.997460 votes=1
147.40 180.72 194.36 181.85 194.05 194.85 147.09 193.73 ship 0 0.997294 votes=1
205.58 273.59 256.37 273.96 256.24 291.22 205.45 290.85 ship 0 0.997286 votes=1
11.29 356.12 45.01 355.86 45.10 367.64 11.38 367.91 ship 0 0.997256 votes=1
319.78 423.66 366.44 423.73 366.42 439.49 319.76 439.43 ship 0 0.997210 votes=1
705.84 558.81 737.41 557.14 738.01 568.43 706.43 570.10 ship 0 0.997134 votes=1
581.22 571.44 612.60 570.18 613.04 581.18 581.66 582.44 ship 0 0.997105 votes=1
56.21 509.50 100.90 508.83 101.11 522.94 56.42 523.61 ship 0 0.997104 votes=1
55.26 242.53 102.93 242.56 102.91 259.93 55.25 259.89 ship 0 0.997094 votes=1
566.28 505.48 603.86 503.74 604.49 517.39 566.92 519.13 ship 0 0.997093 votes=1
150.79 508.50 193.89 509.01 193.72 523.88 150.62 523.37 ship 0 0.997071 votes=1
149.77 530.16 194.27 530.08 194.30 544.24 149.80 544.32 ship 0 0.997051 votes=1
727.20 351.98 760.26 350.05 760.97 362.22 727.91 364.14 ship 0 0.997002 votes=1
10.22 482.18 44.95 483.41 44.55 494.55 9.82 493.33 ship 0 0.996986 votes=1
9.55 429.26 45.41 428.66 45.62 440.80 9.76 441.40 ship 0 0.996971 votes=1
585.19 637.99 616.74 636.13 617.43 647.86 585.88 649.72 ship 0 0.996970 votes=1
555.04 330.56 588.43 328.43 589.27 341.55 555.88 343.68 ship 0 0.996903 votes=1
498.21 658.19 499.48 707.00 483.39 707.41 482.12 658.61 ship 0 0.996844 votes=1
381.56 347.49 428.31 347.56 428.29 363.32 381.53 363.25 ship 0 0.996785 votes=1
604.30 382.87 634.99 380.14 635.95 390.94 605.26 393.67 ship 0 0.996768 votes=1
613.50 468.94 649.50 468.01 649.83 481.03 613.83 481.95 ship 0 0.996744 votes=1
578.05 654.16 621.58 650.24 622.88 664.65 579.35 668.58 ship 0 0.996663 votes=1
154.27 424.34 195.03 423.96 195.18 440.14 154.42 440.51 ship 0 0.996656 votes=1
56.29 447.72 98.50 446.31 98.99 461.02 56.78 462.43 ship 0 0.996590 votes=1
681.08 316.56 714.26 317.60 713.85 330.65 680.67 329.61 ship 0 0.996589 votes=1
206.09 231.37 251.95 231.17 252.02 247.00 206.16 247.19 ship 0 0.996588 votes=1
54.27 182.06 96.74 182.35 96.63 198.37 54.16 198.09 ship 0 0.996517 votes=1
56.04 407.78 93.22 407.81 93.21 421.64 56.03 421.61 ship 0 0.996457 votes=1
614.61 487.23 647.71 486.56 647.96 499.17 614.87 499.84 ship 0 0.996324 votes=1
684.40 355.87 716.63 354.20 717.30 367.08 685.07 368.76 ship 0 0.996308 votes=1
56.43 530.63 99.61 530.72 99.58 545.17 56.40 545.08 ship 0 0.996231 votes=1
750.38 561.74 783.71 560.03 784.35 572.49 751.02 574.21 ship 0 0.996175 votes=1
55.49 161.21 100.53 161.58 100.41 177.22 55.36 176.85 ship 0 0.996077 votes=1
706.08 575.44 739.03 572.09 740.34 584.96 707.39 588.32 ship 0 0.996057 votes=1
738.19 455.89 774.41 454.51 774.91 467.43 738.68 468.82 ship 0 0.996033 votes=1
323.92 402.45 367.42 401.62 367.70 416.58 324.20 417.41 ship 0 0.996028 votes=1
203.31 319.28 247.51 318.17 247.92 334.40 203.71 335.50 ship 0 0.995917 votes=1
735.24 420.87 772.76 418.48 773.65 432.45 736.13 434.85 ship 0 0.995835 votes=1
742.71 510.70 774.27 509.49 774.72 521.25 743.16 522.46 ship 0 0.995798 votes=1
619.43 523.15 650.98 521.17 651.67 532.25 620.13 534.24 ship 0 0.995785 votes=1
571.55 455.26 600.86 454.23 601.30 466.84 572.00 467.87 ship 0 0.995749 votes=1
152.30 263.27 193.92 263.82 193.73 277.75 152.12 277.21 ship 0 0.995607 votes=1
681.50 390.82 720.31 388.24 721.27 402.54 682.45 405.12 ship 0 0.995100 votes=1
54.87 120.29 93.20 119.57 93.46 133.40 55.13 134.11 ship 0 0.995080 votes=1
693.83 442.73 724.59 441.93 724.91 454.19 694.14 454.98 ship 0 0.994962 votes=1
3.28 390.38 44.98 390.49 44.95 404.35 3.24 404.24 ship 0 0.994720 votes=1
9.70 533.68 39.80 533.28 39.95 545.33 9.86 545.73 ship 0 0.994568 votes=1
601.31 347.27 631.22 347.02 631.32 358.60 601.40 358.85 ship 0 0.994566 votes=1
12.07 446.76 44.54 445.61 44.97 457.66 12.50 458.81 ship 0 0.994278 votes=1
571.23 474.71 601.85 472.51 602.73 484.84 572.12 487.04 ship 0 0.994258 votes=1
562.73 385.68 594.05 384.03 594.75 397.24 563.42 398.89 ship 0 0.993956 votes=1
2.31 120.34 45.28 120.63 45.18 134.77 2.21 134.48 ship 0 0.993885 votes=1
207.18 517.21 240.43 517.63 240.28 529.64 207.03 529.22 ship 0 0.993848 votes=1
710.04 594.04 738.94 591.06 740.10 602.34 711.20 605.32 ship 0 0.992731 votes=1
323.79 293.11 364.96 294.01 364.65 308.40 323.48 307.50 ship 0 0.991663 votes=1
605.60 418.54 643.95 411.45 646.31 424.19 607.96 431.28 ship 0 0.991663 votes=1
148.64 142.15 194.70 142.25 194.67 155.55 148.61 155.45 ship 0 0.991594 votes=1
602.24 364.88 633.25 364.89 633.25 376.56 602.23 376.55 ship 0 0.991499 votes=1
212.07 531.46 239.17 532.24 238.84 543.64 211.74 542.86 ship 0 0.991298 votes=1
740.03 474.86 775.40 471.62 776.56 484.34 741.20 487.58 ship 0 0.990853 votes=1
15.03 335.83 44.99 336.00 44.92 348.78 14.96 348.62 ship 0 0.990799 votes=1
582.84 619.75 616.42 618.26 617.01 631.58 583.43 633.07 ship 0 0.990170 votes=1
693.93 461.08 725.01 458.35 726.12 471.07 695.05 473.80 ship 0 0.988465 votes=1
563.75 404.40 595.29 402.51 596.00 414.44 564.47 416.33 ship 0 0.987140 votes=1
757.66 667.86 791.24 667.31 791.44 679.48 757.86 680.03 ship 0 0.985091 votes=1
715.52 657.12 742.74 657.47 742.60 668.87 715.38 668.52 ship 0 0.983819 votes=1
430.86 150.98 433.03 479.23 324.76 479.95 322.58 151.69 harbor 0 0.982510 votes=1
95.03 111.20 96.04 561.24 11.24 561.43 10.23 111.39 harbor 0 0.979086 votes=1
14.96 517.44 41.15 517.96 40.93 529.15 14.74 528.63 ship 0 0.977869 votes=1
702.58 494.19 728.64 493.15 729.04 503.20 702.97 504.23 ship 0 0.976969 votes=1
153.95 555.96 154.27 126.02 250.77 126.09 250.44 556.03 harbor 0 0.976491 votes=1
630.95 629.97 656.10 628.58 656.67 638.97 631.53 640.37 ship 0 0.975649 votes=1
612.71 453.44 642.10 451.93 642.72 463.97 613.33 465.48 ship 0 0.969920 votes=1
629.48 315.27 668.82 704.19 591.96 711.97 552.62 323.04 harbor 0 0.961591 votes=1
753.68 304.42 793.51 691.04 717.75 698.85 677.91 312.23 harbor 0 0.960240 votes=1
699.32 478.61 723.94 478.30 724.08 489.68 699.46 489.98 ship 0 0.944030 votes=1
14.74 298.43 41.20 299.31 40.82 310.78 14.36 309.90 ship 0 0.943162 votes=1
744.10 528.22 770.51 527.16 770.94 537.89 744.53 538.95 ship 0 0.940865 votes=1
484.90 579.56 492.11 720.87 439.04 723.58 431.83 582.26 harbor 0 0.939313 votes=1
589.08 669.85 617.44 669.34 617.63 679.62 589.26 680.13 ship 0 0.908173 votes=1
765.06 684.18 789.70 682.58 790.32 692.14 765.69 693.74 ship 0 0.892211 votes=1
593.49 686.06 620.63 685.38 620.89 695.78 593.75 696.45 ship 0 0.747950 votes=1
466.48 616.59 466.98 594.03 475.82 594.22 475.32 616.78 ship 0 0.735999 votes=1
