566.80 717.84 567.10 642.87 588.17 642.96 587.87 717.93 ship 0 0.999138 votes=1
27.30 388.48 27.56 413.99 17.54 414.10 17.28 388.59 vehicle 0 0.988112 votes=1
231.12 650.92 231.88 593.39 267.90 593.87 267.14 651.40 harbor 0 0.987279 votes=1
214.07 356.21 588.49 359.41 588.21 392.61 213.78 389.42 bridge 0 0.986643 votes=1
584.17 432.56 585.29 453.47 575.35 454.01 574.22 433.10 ship 0 0.967618 votes=1
780.03 372.21 802.70 374.89 801.64 383.89 778.96 381.20 vehicle 0 0.962694 votes=1
190.32 109.06 239.90 108.87 240.06 152.18 190.49 152.37 harbor 0 0.953098 votes=1
72.58 386.56 95.78 386.40 95.84 394.82 72.64 394.99 vehicle 0 0.951587 votes=1
244.02 288.09 244.84 311.46 222.87 312.22 222.05 288.85 harbor 0 0.768597 votes=1
769.18 687.28 769.26 670.51 778.83 670.55 778.75 687.33 vehicle 0 0.729117 votes=1
