426.00 221.37 466.60 278.19 449.54 290.38 408.94 233.56 ship 0 0.998302 votes=1
472.13 213.70 513.14 280.18 492.18 293.11 451.17 226.63 ship 0 0.997952 votes=1
529.21 286.61 551.23 322.98 538.87 330.46 516.86 294.09 ship 0 0.997161 votes=1
585.52 329.53 609.15 406.32 585.66 413.55 562.02 336.77 ship 0 0.997153 votes=1
556.86 346.19 586.91 406.44 566.18 416.78 536.13 356.53 ship 0 0.996298 votes=1
566.28 431.19 595.45 491.24 572.14 502.56 542.98 442.50 ship 0 0.996110 votes=1
594.36 416.86 632.17 482.89 611.54 494.70 573.73 428.67 ship 0 0.995924 votes=1
613.61 332.74 631.42 408.06 608.97 413.37 591.16 338.05 ship 0 0.991419 votes=1
511.82 285.79 544.87 342.07 531.48 349.94 498.43 293.65 ship 0 0.987685 votes=1
294.10 392.08 325.54 373.73 332.27 385.25 300.83 403.60 vehicle 0 0.967507 votes=1
615.80 421.28 640.68 463.87 626.49 472.16 601.61 429.57 ship 0 0.946390 votes=1
606.16 479.34 620.56 503.63 610.24 509.75 595.85 485.46 ship 0 0.899727 votes=1
492.26 335.31 505.05 351.80 498.32 357.02 485.53 340.53 ship 0 0.824431 votes=1
287.85 336.29 589.50 247.80 657.12 478.33 355.47 566.81 harbor 0 0.753539 votes=1
611.44 407.36 628.28 401.65 631.49 411.10 614.65 416.81 ship 0 0.735545 votes=1
