590.26 129.97 689.01 119.52 692.79 155.21 594.04 165.67 ship 0 0.999351 votes=1
471.19 372.30 493.21 293.55 517.12 300.24 495.10 378.99 ship 0 0.999310 votes=1
620.13 264.71 706.96 283.74 699.85 316.15 613.03 297.12 ship 0 0.999288 votes=1
400.28 356.56 426.02 252.05 460.46 260.53 434.72 365.04 ship 0 0.999250 votes=1
186.17 355.52 304.28 371.52 299.40 407.54 181.30 391.54 ship 0 0.999192 votes=1
546.32 392.55 564.39 336.22 585.28 342.92 567.21 399.24 ship 0 0.999124 votes=1
344.48 364.59 399.29 384.11 391.92 404.79 337.12 385.27 ship 0 0.998870 votes=1
175.58 437.79 284.57 454.86 278.73 492.19 169.74 475.12 ship 0 0.998543 votes=1
325.84 410.10 386.41 413.83 385.20 433.52 324.62 429.79 ship 0 0.998333 votes=1
192.81 610.28 211.04 503.70 242.01 509.00 223.78 615.58 ship 0 0.998307 votes=1
438.12 365.19 461.36 291.05 486.27 298.86 463.04 373.00 ship 0 0.998165 votes=1
297.47 634.99 329.50 530.89 361.56 540.75 329.53 644.85 ship 0 0.998048 votes=1
182.12 618.10 204.52 200.61 433.92 212.92 411.52 630.40 harbor 0 0.865195 votes=1
