402.24 499.25 415.75 565.47 394.08 569.89 380.57 503.67 ship 0 0.999205 votes=1
281.95 550.41 295.53 610.60 274.06 615.45 260.48 555.26 ship 0 0.999195 votes=1
124.07 581.47 139.53 652.93 116.18 657.98 100.72 586.52 ship 0 0.999154 votes=1
175.93 571.06 194.90 635.64 173.49 641.93 154.52 577.35 ship 0 0.999149 votes=1
386.66 438.87 459.32 413.63 466.91 435.47 394.25 460.72 ship 0 0.998947 votes=1
599.07 71.17 658.15 11.56 678.94 32.17 619.86 91.77 ship 0 0.998753 votes=1
202.22 573.54 221.30 629.40 201.66 636.11 182.58 580.24 ship 0 0.998686 votes=1
44.66 625.78 57.73 685.82 39.20 689.85 26.14 629.81 ship 0 0.998623 votes=1
324.49 548.17 339.08 598.46 322.02 603.42 307.42 553.13 ship 0 0.998540 votes=1
341.77 529.78 362.22 589.87 343.11 596.37 322.66 536.28 ship 0 0.998426 votes=1
482.27 451.77 533.36 436.91 538.60 454.94 487.51 469.80 ship 0 0.998288 votes=1
339.46 616.58 398.84 599.57 403.54 615.98 344.17 632.99 ship 0 0.998279 votes=1
71.19 693.77 120.11 681.44 123.89 696.46 74.97 708.78 ship 0 0.998140 votes=1
157.59 602.35 168.61 647.19 149.50 651.88 138.48 607.04 ship 0 0.998054 votes=1
236.90 647.53 282.58 634.81 287.42 652.20 241.74 664.92 ship 0 0.997625 votes=1
416.72 472.50 451.79 462.28 455.77 475.95 420.70 486.18 ship 0 0.997471 votes=1
361.11 636.68 372.76 676.64 354.91 681.84 343.26 641.88 ship 0 0.997389 votes=1
453.80 582.48 498.31 569.70 503.17 586.62 458.66 599.40 ship 0 0.997315 votes=1
180.44 658.51 224.03 649.20 227.94 667.49 184.34 676.80 ship 0 0.996358 votes=1
255.38 572.33 265.76 614.41 247.51 618.91 237.13 576.83 ship 0 0.996273 votes=1
426.21 523.68 468.95 511.83 473.59 528.59 430.85 540.44 ship 0 0.994878 votes=1
588.27 386.40 631.85 371.93 637.08 387.70 593.51 402.17 ship 0 0.994586 votes=1
308.49 567.79 315.59 607.59 297.79 610.76 290.69 570.96 ship 0 0.994030 votes=1
617.96 414.64 653.61 406.76 656.58 420.18 620.93 428.07 ship 0 0.993955 votes=1
103.57 622.14 116.54 665.05 97.14 670.92 84.17 628.01 ship 0 0.993102 votes=1
435.52 555.28 470.26 541.18 476.01 555.35 441.27 569.45 ship 0 0.993099 votes=1
519.05 522.18 577.88 505.20 583.34 524.11 524.51 541.09 ship 0 0.988453 votes=1
407.11 452.24 638.82 380.96 646.27 405.17 414.56 476.46 harbor 0 0.798048 votes=1
32.75 630.04 543.72 476.72 569.68 563.25 58.72 716.57 harbor 0 0.746106 votes=1
