408.13 564.02 408.74 645.74 377.00 645.98 376.38 564.26 vehicle 0 0.999627 votes=1
223.21 475.16 223.22 553.58 188.37 553.59 188.35 475.16 vehicle 0 0.999622 votes=1
237.94 653.27 238.31 581.76 268.61 581.92 268.24 653.42 vehicle 0 0.999617 votes=1
375.16 554.90 375.17 478.16 408.33 478.16 408.31 554.90 vehicle 0 0.999575 votes=1
423.62 555.59 424.04 467.82 460.66 467.99 460.24 555.77 vehicle 0 0.999521 votes=1
658.71 285.88 678.60 214.50 709.82 223.20 689.93 294.57 vehicle 0 0.999390 votes=1
378.86 212.86 381.10 121.47 418.51 122.39 416.27 213.78 vehicle 0 0.999368 votes=1
356.77 137.59 357.94 219.57 325.21 220.04 324.04 138.06 vehicle 0 0.999331 votes=1
503.41 128.11 505.32 215.61 470.37 216.37 468.46 128.87 vehicle 0 0.999255 votes=1
136.38 565.54 136.89 646.83 103.73 647.04 103.22 565.75 vehicle 0 0.999236 votes=1
