491.20 526.67 492.15 467.83 511.55 468.14 510.60 526.98 ship 0 0.999388 votes=1
367.00 468.65 367.93 529.35 348.14 529.65 347.21 468.95 ship 0 0.999191 votes=1
486.40 468.66 486.55 520.26 468.97 520.31 468.82 468.71 ship 0 0.999140 votes=1
63.70 765.12 70.62 789.64 60.11 792.61 53.18 768.09 vehicle 0 0.999090 votes=1
509.54 317.92 512.79 272.59 529.57 273.79 526.32 319.12 ship 0 0.998748 votes=1
369.15 692.71 369.35 747.92 351.20 747.99 351.00 692.78 ship 0 0.998692 votes=1
561.76 275.29 562.67 316.72 548.29 317.03 547.38 275.60 ship 0 0.998419 votes=1
223.87 369.58 224.25 427.01 203.25 427.15 202.87 369.72 ship 0 0.998373 votes=1
289.23 177.51 329.42 176.80 329.68 191.49 289.49 192.21 ship 0 0.998359 votes=1
282.55 162.41 316.33 160.98 316.91 174.62 283.13 176.05 ship 0 0.998315 votes=1
643.16 10.39 669.35 8.81 669.99 19.50 643.80 21.07 vehicle 0 0.997580 votes=1
124.68 18.52 124.76 41.63 114.34 41.66 114.26 18.56 vehicle 0 0.997187 votes=1
375.39 307.20 411.87 305.62 412.50 319.90 376.01 321.49 ship 0 0.996986 votes=1
201.08 23.85 224.99 13.74 229.19 23.66 205.28 33.77 vehicle 0 0.996889 votes=1
454.75 432.32 512.13 432.49 512.07 452.85 454.69 452.68 ship 0 0.996864 votes=1
285.22 244.19 326.60 245.93 325.97 260.91 284.59 259.16 ship 0 0.996372 votes=1
756.70 626.82 781.20 632.17 779.13 641.66 754.63 636.31 vehicle 0 0.995592 votes=1
81.29 712.11 92.03 735.60 82.75 739.84 72.01 716.35 vehicle 0 0.995411 votes=1
8.54 448.38 31.23 433.45 37.51 443.00 14.81 457.93 vehicle 0 0.994782 votes=1
384.58 214.65 413.20 214.86 413.11 227.09 384.49 226.88 ship 0 0.994446 votes=1
754.63 439.59 778.37 445.19 776.12 454.76 752.37 449.16 vehicle 0 0.993775 votes=1
510.99 225.68 530.92 215.63 535.52 224.76 515.60 234.81 ship 0 0.992078 votes=1
513.32 615.50 546.91 595.01 555.67 609.37 522.08 629.86 ship 0 0.990685 votes=1
561.51 593.64 579.78 569.43 588.36 575.90 570.09 600.11 ship 0 0.990052 votes=1
749.36 55.00 784.12 56.45 783.53 70.66 748.77 69.20 ship 0 0.989432 votes=1
753.33 454.43 779.46 460.68 777.33 469.58 751.20 463.33 vehicle 0 0.988635 votes=1
92.95 740.95 99.24 763.45 88.94 766.33 82.66 743.83 vehicle 0 0.987301 votes=1
6.58 594.56 20.16 613.85 12.67 619.12 -0.91 599.83 vehicle 0 0.984834 votes=1
160.63 8.38 187.83 21.75 183.04 31.49 155.84 18.12 vehicle 0 0.972841 votes=1
764.82 743.80 772.31 718.32 783.81 721.70 776.31 747.18 vehicle 0 0.967807 votes=1
134.66 696.62 148.39 712.31 142.41 717.55 128.67 701.86 vehicle 0 0.961307 votes=1
325.71 159.32 326.64 266.02 271.81 266.50 270.87 159.80 harbor 0 0.939064 votes=1
510.45 308.47 513.04 169.44 565.69 170.42 563.10 309.45 harbor 0 0.938026 votes=1
511.51 242.36 529.99 231.86 534.66 240.08 516.18 250.59 ship 0 0.937734 votes=1
371.26 453.39 375.12 166.33 462.68 167.51 458.82 454.57 harbor 0 0.893172 votes=1
217.65 524.68 234.80 556.12 224.72 561.62 207.57 530.18 ship 0 0.890974 votes=1
547.90 196.00 566.40 207.97 560.73 216.72 542.24 204.75 ship 0 0.878872 votes=1
705.80 777.67 733.36 782.05 731.78 792.02 704.21 787.64 vehicle 0 0.736794 votes=1
481.65 772.34 487.14 691.52 530.75 694.49 525.26 775.31 harbor 0 0.729462 votes=1
611.77 586.10 625.08 730.95 510.13 741.51 496.82 596.66 harbor 0 0.705091 votes=1
