91.37 65.81 92.36 101.43 76.83 101.86 75.85 66.24 vehicle 0 0.999464 votes=1
389.99 438.28 392.77 609.71 311.31 611.03 308.54 439.60 tenniscourt 0 0.999454 votes=1
385.61 155.45 388.18 327.02 306.77 328.23 304.20 156.66 tenniscourt 0 0.999452 votes=1
282.73 156.89 283.70 328.82 202.29 329.28 201.32 157.35 tenniscourt 0 0.999450 votes=1
615.21 433.56 617.20 605.63 536.54 606.56 534.55 434.49 tenniscourt 0 0.999426 votes=1
611.22 152.05 613.87 323.96 532.50 325.21 529.85 153.31 tenniscourt 0 0.999414 votes=1
716.59 150.84 718.16 322.74 635.54 323.49 633.96 151.60 tenniscourt 0 0.999408 votes=1
489.42 153.56 492.51 326.29 410.82 327.75 407.73 155.02 tenniscourt 0 0.999402 votes=1
594.90 737.93 594.97 771.85 579.55 771.88 579.48 737.96 vehicle 0 0.999375 votes=1
494.20 436.19 496.46 607.62 415.37 608.69 413.12 437.26 tenniscourt 0 0.999366 votes=1
719.33 432.60 721.31 603.30 639.62 604.24 637.64 433.55 tenniscourt 0 0.999354 votes=1
285.82 439.46 288.20 612.09 208.04 613.20 205.67 440.56 tenniscourt 0 0.999344 votes=1
380.31 754.02 391.63 786.29 378.80 790.79 367.48 758.53 vehicle 0 0.999184 votes=1
526.32 775.91 526.72 739.28 542.51 739.45 542.11 776.09 vehicle 0 0.998513 votes=1
112.96 18.09 140.34 19.87 139.51 32.81 112.12 31.04 vehicle 0 0.997892 votes=1
750.26 699.99 794.42 699.83 794.48 716.54 750.31 716.69 vehicle 0 0.996766 votes=1
415.19 775.18 415.55 737.99 430.57 738.14 430.21 775.32 vehicle 0 0.995571 votes=1
