110.14 531.47 266.68 529.40 268.73 684.95 112.19 687.01 baseballfield 0 0.999423 votes=1
574.77 194.57 616.76 123.66 650.92 143.88 608.93 214.79 tenniscourt 0 0.998988 votes=1
380.51 247.21 421.23 176.09 456.74 196.43 416.02 267.54 tenniscourt 0 0.998973 votes=1
535.84 394.07 608.65 304.32 698.20 376.96 625.39 466.71 baseballfield 0 0.998856 votes=1
327.54 216.56 369.21 145.11 402.75 164.67 361.08 236.13 tenniscourt 0 0.998782 votes=1
521.90 163.33 563.85 91.42 597.63 111.13 555.68 183.04 tenniscourt 0 0.998725 votes=1
164.46 124.42 206.77 53.43 241.22 73.96 198.91 144.95 tenniscourt 0 0.998656 votes=1
216.63 156.46 260.90 85.68 293.93 106.35 249.66 177.12 tenniscourt 0 0.998517 votes=1
274.05 184.35 315.35 112.94 349.23 132.53 307.94 203.94 tenniscourt 0 0.998469 votes=1
468.73 131.38 510.30 60.38 545.10 80.76 503.53 151.76 tenniscourt 0 0.998210 votes=1
111.91 93.71 153.16 22.00 187.03 41.48 145.78 113.20 tenniscourt 0 0.997958 votes=1
736.52 324.37 775.00 389.10 748.42 404.90 709.94 340.17 ship 0 0.792710 votes=1
