216.35 634.07 219.04 529.67 318.34 532.23 315.64 636.64 baseballfield 0 0.999246 votes=1
654.20 319.33 654.84 434.44 541.57 435.07 540.94 319.95 baseballfield 0 0.999164 votes=1
93.26 297.72 93.48 378.17 56.49 378.27 56.27 297.82 tenniscourt 0 0.999031 votes=1
103.45 377.90 104.26 298.74 141.49 299.12 140.68 378.28 tenniscourt 0 0.998941 votes=1
27.35 252.48 28.32 173.90 65.47 174.35 64.50 252.93 tenniscourt 0 0.998830 votes=1
75.21 252.81 75.73 175.24 112.61 175.49 112.09 253.06 tenniscourt 0 0.998745 votes=1
93.29 417.42 93.62 496.07 56.36 496.22 56.03 417.57 tenniscourt 0 0.998709 votes=1
103.91 496.27 104.53 417.00 141.42 417.28 140.80 496.56 tenniscourt 0 0.998703 votes=1
133.36 52.59 732.27 51.53 732.73 309.64 133.82 310.70 groundtrackfield 0 0.997852 votes=1
114.39 537.41 114.40 519.23 122.16 519.24 122.14 537.41 vehicle 0 0.965981 votes=1
60.72 535.95 61.01 519.18 68.59 519.31 68.30 536.08 vehicle 0 0.945951 votes=1
96.44 584.68 97.01 601.47 89.13 601.73 88.57 584.94 vehicle 0 0.939642 votes=1
141.27 586.06 141.64 603.39 134.15 603.55 133.78 586.22 vehicle 0 0.891908 votes=1
26.00 647.36 26.09 631.62 34.30 631.67 34.21 647.40 vehicle 0 0.795332 votes=1
113.39 583.41 113.87 602.54 104.47 602.78 103.98 583.65 vehicle 0 0.788862 votes=1
152.43 507.17 168.68 507.14 168.69 516.13 152.44 516.16 vehicle 0 0.743894 votes=1
153.06 447.32 153.59 430.86 168.21 431.33 167.68 447.79 vehicle 0 0.724268 votes=1
592.29 6.94 608.24 8.07 607.81 14.26 591.85 13.13 vehicle 0 0.690593 votes=1
105.86 580.08 106.68 564.79 113.96 565.18 113.14 580.47 vehicle 0 0.680066 votes=1
163.96 552.70 185.04 552.94 184.95 561.20 163.86 560.97 vehicle 0 0.605545 votes=1
