458.98 474.53 459.09 341.81 523.56 341.86 523.45 474.58 tenniscourt 0 0.998500 votes=1
279.68 474.46 280.37 341.84 342.72 342.16 342.03 474.79 tenniscourt 0 0.998184 votes=1
117.44 475.56 117.97 341.19 181.31 341.44 180.78 475.81 tenniscourt 0 0.998069 votes=1
198.74 474.69 199.25 342.18 261.63 342.42 261.12 474.93 tenniscourt 0 0.997799 votes=1
621.05 474.73 621.49 342.31 684.95 342.52 684.51 474.94 tenniscourt 0 0.997796 votes=1
37.58 474.33 38.44 341.67 100.20 342.07 99.34 474.73 tenniscourt 0 0.997593 votes=1
765.40 342.53 765.61 474.82 702.27 474.92 702.06 342.63 tenniscourt 0 0.997511 votes=1
540.92 474.59 541.63 341.61 604.52 341.94 603.81 474.92 tenniscourt 0 0.996809 votes=1
162.50 683.06 162.83 656.27 174.09 656.41 173.76 683.19 vehicle 0 0.987997 votes=1
139.43 672.75 143.72 647.33 155.62 649.34 151.33 674.76 vehicle 0 0.980348 votes=1
