571.39 326.07 573.39 244.81 599.01 245.44 597.02 326.69 ship 0 0.999469 votes=1
134.61 177.15 135.38 263.77 108.89 264.01 108.12 177.39 ship 0 0.999424 votes=1
363.03 541.17 364.90 469.81 387.50 470.40 385.62 541.76 ship 0 0.999417 votes=1
249.87 259.24 250.23 161.64 278.48 161.74 278.12 259.34 ship 0 0.999389 votes=1
707.06 588.98 763.25 583.71 765.09 603.33 708.90 608.60 ship 0 0.999316 votes=1
371.98 605.56 372.36 558.30 389.02 558.44 388.64 605.69 ship 0 0.999274 votes=1
692.48 315.65 767.00 314.19 767.49 339.33 692.97 340.80 ship 0 0.999270 votes=1
212.81 263.38 216.68 164.17 241.33 165.14 237.46 264.34 ship 0 0.999229 votes=1
408.85 328.04 411.11 249.86 437.08 250.61 434.82 328.79 ship 0 0.999173 votes=1
63.04 318.92 132.25 319.84 131.95 342.41 62.74 341.48 ship 0 0.999163 votes=1
470.51 536.43 473.27 483.92 491.90 484.90 489.14 537.41 ship 0 0.999151 votes=1
369.26 323.76 378.23 221.52 408.32 224.16 399.35 326.40 ship 0 0.999136 votes=1
161.25 442.62 234.94 446.31 233.67 471.57 159.98 467.88 ship 0 0.999118 votes=1
169.16 178.69 170.06 271.51 141.26 271.78 140.37 178.97 ship 0 0.998999 votes=1
402.38 347.38 403.21 405.00 381.58 405.31 380.75 347.69 ship 0 0.998930 votes=1
74.53 265.84 75.46 170.46 103.82 170.74 102.89 266.12 ship 0 0.998880 votes=1
437.04 319.25 445.11 235.26 472.01 237.84 463.93 321.83 ship 0 0.998802 votes=1
56.19 291.67 133.58 290.36 134.04 317.28 56.65 318.59 ship 0 0.998774 votes=1
472.65 322.97 479.68 245.95 505.66 248.33 498.64 325.34 ship 0 0.998744 votes=1
492.40 412.51 494.02 350.25 516.88 350.85 515.27 413.11 ship 0 0.998643 votes=1
539.83 324.97 545.32 246.81 568.52 248.44 563.03 326.60 ship 0 0.998633 votes=1
509.69 325.66 511.05 237.72 537.14 238.12 535.78 326.06 ship 0 0.998603 votes=1
68.35 375.72 136.07 377.57 135.42 401.41 67.70 399.57 ship 0 0.998595 votes=1
165.07 505.03 222.76 503.69 223.26 525.09 165.57 526.43 ship 0 0.998517 votes=1
85.89 553.93 141.13 552.99 141.48 573.61 86.25 574.55 ship 0 0.998396 votes=1
76.87 527.72 134.71 528.56 134.43 548.08 76.59 547.25 ship 0 0.998315 votes=1
66.69 348.97 134.61 350.62 134.05 373.65 66.13 372.00 ship 0 0.998184 votes=1
456.76 347.17 458.53 409.36 439.30 409.91 437.52 347.72 ship 0 0.998163 votes=1
671.32 194.35 674.94 324.12 639.60 325.10 635.99 195.34 ship 0 0.997999 votes=1
161.82 359.56 231.51 356.02 232.76 380.49 163.06 384.03 ship 0 0.997247 votes=1
605.12 329.87 605.18 230.27 631.47 230.29 631.41 329.89 ship 0 0.966040 votes=1
49.62 705.57 52.20 189.58 264.79 190.64 262.21 706.63 harbor 0 0.922218 votes=1
204.18 170.48 204.82 272.64 172.21 272.85 171.57 170.69 ship 0 0.858831 votes=1
382.63 219.41 720.71 204.54 729.26 398.92 391.18 413.79 harbor 0 0.846417 votes=1
