695.12 517.21 697.23 663.88 628.74 664.86 626.63 518.19 tenniscourt 0 0.999080 votes=1
782.57 517.81 783.56 663.06 715.49 663.52 714.50 518.27 tenniscourt 0 0.999037 votes=1
780.30 222.35 781.49 368.62 713.92 369.17 712.73 222.90 tenniscourt 0 0.998992 votes=1
173.51 228.44 174.48 372.86 105.93 373.32 104.96 228.90 tenniscourt 0 0.998950 votes=1
692.72 222.28 694.31 369.28 626.57 370.01 624.98 223.01 tenniscourt 0 0.998912 votes=1
604.81 224.32 606.17 369.36 539.05 369.99 537.69 224.95 tenniscourt 0 0.998886 votes=1
346.06 227.05 347.37 371.05 278.88 371.67 277.57 227.67 tenniscourt 0 0.998764 votes=1
84.82 229.36 86.36 374.20 19.54 374.91 18.00 230.07 tenniscourt 0 0.998741 votes=1
174.08 521.63 175.09 666.33 107.71 666.80 106.70 522.10 tenniscourt 0 0.998636 votes=1
348.32 520.81 349.75 665.81 280.99 666.48 279.56 521.49 tenniscourt 0 0.998606 votes=1
516.97 223.92 519.08 369.50 452.02 370.47 449.92 224.90 tenniscourt 0 0.998582 votes=1
258.80 227.99 260.61 371.99 193.75 372.83 191.95 228.83 tenniscourt 0 0.998541 votes=1
519.79 519.49 520.82 664.35 452.78 664.83 451.75 519.97 tenniscourt 0 0.998534 votes=1
607.46 519.26 608.45 664.03 540.39 664.50 539.41 519.72 tenniscourt 0 0.998465 votes=1
260.42 521.27 261.64 665.70 193.83 666.28 192.61 521.85 tenniscourt 0 0.998260 votes=1
87.13 521.82 88.40 666.47 19.99 667.07 18.72 522.42 tenniscourt 0 0.998258 votes=1
