589.48 483.31 641.07 490.01 635.46 533.22 583.86 526.52 storagetank 0 0.999044 votes=1
430.22 212.93 482.00 213.91 481.14 259.46 429.35 258.47 storagetank 0 0.998951 votes=1
326.71 235.19 384.83 235.41 384.61 290.36 326.50 290.13 storagetank 0 0.998760 votes=1
536.44 521.11 586.95 527.24 581.80 569.67 531.29 563.54 storagetank 0 0.998510 votes=1
388.17 201.85 429.42 206.27 425.37 244.18 384.12 239.77 storagetank 0 0.998464 votes=1
641.14 447.23 694.14 451.67 690.47 495.53 637.47 491.10 storagetank 0 0.998038 votes=1
489.35 129.12 532.33 130.62 531.10 165.76 488.13 164.26 storagetank 0 0.997161 votes=1
629.92 415.90 661.28 416.01 661.19 440.08 629.83 439.96 storagetank 0 0.996287 votes=1
457.16 158.94 490.60 159.76 489.95 186.35 456.50 185.53 storagetank 0 0.993767 votes=1
609.79 385.59 640.92 387.10 639.73 411.55 608.60 410.03 storagetank 0 0.992979 votes=1
425.50 177.06 458.53 177.83 457.88 205.60 424.85 204.83 storagetank 0 0.992345 votes=1
580.24 412.24 605.45 413.52 604.44 433.41 579.23 432.13 storagetank 0 0.971895 votes=1
600.61 441.12 625.35 441.51 625.04 461.24 600.30 460.85 storagetank 0 0.971547 votes=1
487.06 192.63 507.97 193.60 507.35 207.23 486.43 206.27 storagetank 0 0.963534 votes=1
505.16 179.42 525.35 180.69 524.48 194.77 504.28 193.51 storagetank 0 0.963480 votes=1
500.76 211.00 522.07 212.91 520.85 226.44 499.54 224.52 storagetank 0 0.961251 votes=1
484.35 223.10 502.68 225.43 500.94 239.10 482.61 236.77 storagetank 0 0.951466 votes=1
518.38 198.30 536.86 198.53 536.68 213.23 518.20 213.00 storagetank 0 0.949706 votes=1
343.96 653.66 461.69 573.58 470.34 586.29 352.60 666.36 harbor 0 0.927868 votes=1
202.87 420.14 276.90 364.08 282.06 370.90 208.04 426.96 harbor 0 0.878849 votes=1
660.89 49.38 672.50 40.50 676.13 45.26 664.52 54.13 vehicle 0 0.722974 votes=1
