300.82 71.03 359.44 71.37 359.32 91.89 300.70 91.55 ship 0 0.999376 votes=1
444.32 397.52 552.09 398.45 551.85 426.61 444.08 425.68 ship 0 0.999350 votes=1
698.74 113.45 761.30 114.45 761.01 132.33 698.45 131.32 ship 0 0.999334 votes=1
640.79 455.98 693.76 456.56 693.58 473.65 640.60 473.07 ship 0 0.999330 votes=1
720.77 534.07 783.05 531.90 783.73 551.37 721.45 553.54 ship 0 0.999274 votes=1
248.23 313.07 369.03 309.63 369.81 337.06 249.01 340.50 ship 0 0.999255 votes=1
306.36 97.75 353.64 97.19 353.86 115.35 306.58 115.92 ship 0 0.999246 votes=1
721.40 610.87 786.70 609.45 787.14 629.29 721.83 630.71 ship 0 0.999236 votes=1
642.47 301.14 751.93 299.42 752.37 327.25 642.91 328.98 ship 0 0.999234 votes=1
516.31 436.07 576.35 434.49 576.86 454.01 516.82 455.59 ship 0 0.999226 votes=1
446.34 565.58 503.36 565.15 503.51 584.83 446.49 585.26 ship 0 0.999189 votes=1
524.26 563.35 583.34 561.22 584.06 581.15 524.98 583.28 ship 0 0.999178 votes=1
502.61 198.93 562.86 197.67 563.23 215.46 502.98 216.72 ship 0 0.999155 votes=1
525.96 616.69 582.66 615.89 582.90 632.83 526.20 633.63 ship 0 0.999150 votes=1
430.88 224.12 481.56 224.84 481.33 241.22 430.65 240.50 ship 0 0.999129 votes=1
617.92 245.93 679.20 246.07 679.16 263.35 617.88 263.21 ship 0 0.999121 votes=1
625.86 217.67 679.07 218.74 678.68 238.16 625.47 237.09 ship 0 0.999119 votes=1
504.11 121.93 551.10 121.42 551.25 135.69 504.27 136.20 ship 0 0.999112 votes=1
327.23 519.91 380.38 519.05 380.64 535.11 327.49 535.97 ship 0 0.999101 votes=1
242.39 622.44 307.56 622.56 307.52 641.46 242.36 641.34 ship 0 0.999096 votes=1
251.93 520.17 303.02 519.03 303.43 537.20 252.33 538.33 ship 0 0.999075 votes=1
226.04 100.31 281.87 100.11 281.95 120.50 226.12 120.70 ship 0 0.999067 votes=1
323.80 463.01 388.76 462.51 388.92 484.04 323.96 484.54 ship 0 0.999044 votes=1
698.34 166.07 752.65 165.50 752.84 183.66 698.53 184.24 ship 0 0.999030 votes=1
453.11 645.75 504.50 643.17 505.27 658.47 453.88 661.05 ship 0 0.999010 votes=1
699.20 140.91 752.44 140.03 752.75 158.77 699.51 159.66 ship 0 0.999004 votes=1
304.07 203.21 350.88 202.36 351.17 218.35 304.36 219.21 ship 0 0.998987 votes=1
499.26 168.64 561.19 168.18 561.34 187.98 499.41 188.44 ship 0 0.998981 votes=1
305.76 175.27 352.61 174.82 352.78 192.28 305.92 192.73 ship 0 0.998952 votes=1
701.20 215.61 766.50 214.24 766.96 236.34 701.66 237.71 ship 0 0.998937 votes=1
234.31 494.60 303.16 494.00 303.33 513.79 234.48 514.40 ship 0 0.998915 votes=1
250.79 600.05 302.41 598.31 302.90 613.13 251.29 614.87 ship 0 0.998909 votes=1
528.99 592.16 583.45 588.40 584.59 604.88 530.13 608.64 ship 0 0.998898 votes=1
621.84 91.68 670.90 89.70 671.51 104.92 622.46 106.90 ship 0 0.998896 votes=1
497.50 94.22 553.89 91.47 554.86 111.45 498.48 114.19 ship 0 0.998890 votes=1
531.62 642.79 581.62 642.33 581.76 658.52 531.77 658.98 ship 0 0.998871 votes=1
645.61 612.64 703.32 612.20 703.46 630.84 645.75 631.27 ship 0 0.998818 votes=1
440.33 488.38 501.59 488.41 501.58 509.13 440.31 509.09 ship 0 0.998805 votes=1
228.54 179.68 280.98 179.71 280.97 195.64 228.53 195.61 ship 0 0.998798 votes=1
446.06 513.12 501.05 511.92 501.45 530.39 446.47 531.59 ship 0 0.998758 votes=1
386.94 691.59 386.99 717.82 376.52 717.84 376.46 691.61 vehicle 0 0.998748 votes=1
420.01 272.42 482.11 272.26 482.17 293.22 420.07 293.38 ship 0 0.998738 votes=1
703.25 244.82 750.45 242.14 751.26 256.40 704.06 259.08 ship 0 0.998720 votes=1
645.51 558.41 699.21 560.06 698.68 577.43 644.97 575.79 ship 0 0.998698 votes=1
431.48 122.24 476.59 121.44 476.85 135.70 431.74 136.51 ship 0 0.998692 votes=1
445.83 438.25 497.17 438.36 497.13 455.95 445.79 455.84 ship 0 0.998685 votes=1
235.40 465.98 302.87 463.22 303.75 484.83 236.28 487.59 ship 0 0.998685 votes=1
648.29 513.59 694.91 513.54 694.92 527.13 648.30 527.18 ship 0 0.998683 votes=1
239.01 231.57 285.08 231.45 285.12 245.70 239.05 245.83 ship 0 0.998683 votes=1
328.70 571.32 377.23 569.80 377.68 584.43 329.16 585.95 ship 0 0.998682 votes=1
728.27 638.69 774.39 638.31 774.51 652.88 728.39 653.26 ship 0 0.998674 votes=1
231.35 257.96 283.18 255.90 283.96 275.51 232.13 277.57 ship 0 0.998637 votes=1
722.31 460.20 767.02 459.10 767.36 473.13 722.66 474.23 ship 0 0.998631 votes=1
426.11 174.78 479.92 174.55 479.99 189.64 426.17 189.87 ship 0 0.998593 votes=1
425.70 253.11 479.83 251.45 480.33 267.85 426.20 269.51 ship 0 0.998577 votes=1
698.11 90.86 745.97 89.08 746.55 104.55 698.69 106.33 ship 0 0.998572 votes=1
237.20 568.95 304.85 569.03 304.83 590.12 237.17 590.05 ship 0 0.998564 votes=1
324.43 491.67 388.23 489.96 388.80 511.39 325.00 513.09 ship 0 0.998531 votes=1
720.81 484.08 767.01 483.52 767.21 499.61 721.01 500.18 ship 0 0.998531 votes=1
643.10 484.92 695.49 483.14 696.07 500.12 643.67 501.90 ship 0 0.998523 votes=1
245.72 547.00 304.36 546.65 304.48 566.49 245.84 566.85 ship 0 0.998470 votes=1
699.39 193.93 757.67 192.11 758.19 208.61 699.90 210.43 ship 0 0.998409 votes=1
636.14 588.25 701.66 586.18 702.33 607.59 636.82 609.65 ship 0 0.998370 votes=1
307.03 255.58 368.64 254.08 369.12 273.91 307.52 275.41 ship 0 0.998366 votes=1
621.97 142.28 677.29 141.91 677.43 162.58 622.10 162.94 ship 0 0.998357 votes=1
216.21 152.55 281.01 150.77 281.60 172.36 216.80 174.14 ship 0 0.998343 votes=1
332.73 648.09 379.96 647.85 380.04 663.05 332.81 663.29 ship 0 0.998337 votes=1
455.72 621.79 500.73 619.97 501.32 634.57 456.31 636.40 ship 0 0.998330 votes=1
230.11 78.39 278.14 77.65 278.37 92.74 230.35 93.48 ship 0 0.998298 votes=1
308.80 232.17 341.27 230.17 342.02 242.33 309.55 244.33 ship 0 0.998269 votes=1
624.94 195.34 678.75 194.43 679.08 214.33 625.28 215.24 ship 0 0.998269 votes=1
500.90 148.00 549.75 146.94 550.08 162.36 501.23 163.42 ship 0 0.998246 votes=1
507.19 251.28 550.96 250.77 551.13 265.00 507.36 265.51 ship 0 0.998194 votes=1
230.84 285.53 278.62 281.79 279.82 297.04 232.04 300.79 ship 0 0.998171 votes=1
500.48 70.31 552.74 70.20 552.77 85.97 500.51 86.08 ship 0 0.998158 votes=1
428.19 147.79 475.21 148.05 475.14 162.22 428.11 161.96 ship 0 0.998134 votes=1
407.37 538.41 407.41 485.62 424.40 485.63 424.37 538.42 ship 0 0.998122 votes=1
716.80 431.88 770.83 430.93 771.13 447.65 717.10 448.60 ship 0 0.998008 votes=1
321.55 440.81 382.02 439.52 382.46 459.65 321.98 460.95 ship 0 0.997957 votes=1
432.80 74.28 476.77 74.20 476.79 86.96 432.82 87.04 ship 0 0.997860 votes=1
627.89 68.65 672.44 66.84 673.02 80.96 628.46 82.78 ship 0 0.997634 votes=1
454.79 591.79 502.48 592.52 502.21 610.43 454.51 609.70 ship 0 0.997528 votes=1
651.44 644.23 697.68 640.19 698.91 654.27 652.67 658.31 ship 0 0.997451 votes=1
642.60 535.80 695.09 534.97 695.36 552.04 642.87 552.87 ship 0 0.997446 votes=1
438.52 202.48 475.85 200.36 476.68 215.00 439.35 217.12 ship 0 0.997417 votes=1
431.65 94.94 476.57 95.09 476.52 109.80 431.60 109.65 ship 0 0.997366 votes=1
503.37 224.91 549.59 223.34 550.12 239.12 503.91 240.70 ship 0 0.997303 votes=1
306.42 150.99 359.16 148.83 359.96 168.43 307.22 170.60 ship 0 0.997281 votes=1
508.74 275.91 558.41 276.00 558.38 291.42 508.71 291.33 ship 0 0.997138 votes=1
465.50 544.01 499.11 543.14 499.44 555.81 465.83 556.68 ship 0 0.996873 votes=1
702.58 268.49 758.52 266.58 759.22 287.09 703.27 288.99 ship 0 0.996859 votes=1
647.14 433.05 696.34 433.51 696.20 448.89 647.00 448.43 ship 0 0.996660 votes=1
523.80 488.06 584.49 486.77 584.91 506.43 524.22 507.72 ship 0 0.996229 votes=1
524.92 516.26 574.05 513.99 574.72 528.32 525.58 530.59 ship 0 0.994022 votes=1
349.76 716.84 349.82 692.27 360.70 692.30 360.63 716.87 vehicle 0 0.990082 votes=1
539.48 49.54 544.20 299.96 443.02 301.87 438.30 51.45 harbor 0 0.989116 votes=1
757.48 422.22 761.44 688.43 661.14 689.92 657.18 423.71 harbor 0 0.986344 votes=1
365.11 433.82 367.60 696.82 266.46 697.78 263.98 434.78 harbor 0 0.984000 votes=1
559.87 423.23 563.87 703.02 466.54 704.41 462.54 424.62 harbor 0 0.980125 votes=1
737.00 52.89 738.33 301.12 639.06 301.65 637.72 53.43 harbor 0 0.977397 votes=1
342.63 61.85 345.16 308.73 244.79 309.76 242.27 62.88 harbor 0 0.975408 votes=1
337.86 747.86 339.38 772.30 330.24 772.86 328.72 748.43 vehicle 0 0.896516 votes=1
365.22 750.65 365.32 772.17 356.53 772.21 356.43 750.69 vehicle 0 0.825869 votes=1
