80.20 342.22 126.48 338.18 129.60 373.85 83.31 377.89 airplane 0 0.999556 votes=1
19.04 531.35 74.27 527.75 76.77 566.12 21.54 569.72 airplane 0 0.999480 votes=1
19.70 339.91 67.08 338.71 68.03 375.90 20.64 377.11 airplane 0 0.999468 votes=1
783.01 497.72 785.11 548.29 747.79 549.84 745.69 499.27 airplane 0 0.999467 votes=1
173.06 370.55 226.40 369.03 227.61 411.59 174.27 413.11 airplane 0 0.999440 votes=1
375.25 559.44 418.97 563.71 415.45 599.79 371.73 595.52 airplane 0 0.999430 votes=1
530.75 524.18 574.20 526.58 572.30 560.98 528.86 558.59 airplane 0 0.999417 votes=1
493.85 368.05 547.10 373.58 543.22 410.91 489.97 405.37 airplane 0 0.999347 votes=1
51.89 377.83 95.71 376.28 97.03 413.35 53.21 414.91 airplane 0 0.999339 votes=1
431.16 367.43 483.58 371.67 480.54 409.29 428.12 405.05 airplane 0 0.999304 votes=1
