289.76 490.17 405.87 505.36 390.81 620.54 274.70 605.35 baseballfield 0 0.999384 votes=1
82.69 604.43 175.85 559.37 220.27 651.22 127.11 696.27 baseballfield 0 0.999317 votes=1
644.34 758.37 645.00 635.14 765.78 635.78 765.13 759.01 baseballfield 0 0.999031 votes=1
93.63 265.70 113.11 207.49 140.47 216.64 120.99 274.86 tenniscourt 0 0.998990 votes=1
735.56 395.17 757.57 478.43 674.54 500.38 652.53 417.12 baseballfield 0 0.998955 votes=1
50.30 250.74 70.46 192.19 97.65 201.55 77.49 260.10 tenniscourt 0 0.998805 votes=1
18.91 341.87 38.67 284.82 65.83 294.23 46.07 351.28 tenniscourt 0 0.998775 votes=1
82.58 159.38 101.67 101.74 128.35 110.58 109.27 168.21 tenniscourt 0 0.998658 votes=1
61.65 356.30 82.35 299.08 109.45 308.88 88.75 366.11 tenniscourt 0 0.998613 votes=1
124.76 173.80 144.53 115.84 171.62 125.08 151.85 183.04 tenniscourt 0 0.998343 votes=1
188.96 150.46 626.19 296.14 559.68 495.76 122.45 350.08 groundtrackfield 0 0.997788 votes=1
