508.97 245.68 546.37 142.00 572.57 151.45 535.16 255.13 ship 0 0.998385 votes=1
202.68 83.23 241.79 71.60 245.49 84.05 206.38 95.68 ship 0 0.996816 votes=1
256.36 643.12 282.45 621.33 290.19 630.60 264.10 652.38 ship 0 0.995803 votes=1
161.23 51.77 190.45 47.27 192.25 58.96 163.03 63.46 ship 0 0.994233 votes=1
161.23 92.71 187.15 88.03 189.03 98.47 163.12 103.16 ship 0 0.993846 votes=1
206.12 657.22 228.51 635.09 235.98 642.64 213.59 664.77 ship 0 0.992489 votes=1
257.90 610.25 282.28 587.76 289.88 595.99 265.50 618.49 ship 0 0.992432 votes=1
357.80 502.89 376.87 471.44 388.95 478.77 369.88 510.21 ship 0 0.987608 votes=1
589.98 91.90 615.07 32.57 631.17 39.37 606.08 98.71 ship 0 0.986977 votes=1
232.37 669.29 251.44 646.70 259.76 653.72 240.68 676.31 ship 0 0.979482 votes=1
205.77 695.29 225.21 673.31 233.86 680.96 214.43 702.94 ship 0 0.908152 votes=1
176.35 684.59 201.99 657.65 209.74 665.02 184.10 691.96 ship 0 0.875017 votes=1
502.45 307.85 648.48 -13.55 716.26 17.25 570.24 338.65 harbor 0 0.858108 votes=1
548.02 677.13 563.71 654.75 574.21 662.10 558.51 684.48 vehicle 0 0.799001 votes=1
272.98 617.06 294.68 600.94 300.15 608.31 278.46 624.43 ship 0 0.793994 votes=1
2.57 105.95 277.04 24.78 287.41 59.86 12.94 141.03 harbor 0 0.702618 votes=1
141.38 620.54 380.37 473.19 454.80 593.92 215.81 741.27 harbor 0 0.651854 votes=1
590.89 484.54 612.22 466.01 619.00 473.81 597.67 492.35 ship 0 0.615451 votes=1
