465.05 168.91 475.40 246.44 438.24 251.40 427.89 173.87 tenniscourt 0 0.999191 votes=1
361.76 48.66 369.71 127.00 332.30 130.80 324.34 52.46 tenniscourt 0 0.998927 votes=1
315.15 53.30 324.40 130.78 286.48 135.30 277.24 57.83 tenniscourt 0 0.998921 votes=1
330.57 188.43 337.93 256.45 301.60 260.38 294.24 192.36 tenniscourt 0 0.998850 votes=1
326.68 543.53 356.99 433.89 386.49 442.05 356.18 551.69 ship 0 0.998702 votes=1
419.13 548.33 431.12 503.67 445.37 507.49 433.37 552.16 ship 0 0.998501 votes=1
513.70 160.00 527.94 238.69 491.24 245.34 476.99 166.65 tenniscourt 0 0.998420 votes=1
380.31 594.60 446.92 612.25 441.68 632.04 375.07 614.40 ship 0 0.998252 votes=1
542.04 579.81 550.94 542.24 563.01 545.10 554.10 582.67 ship 0 0.997521 votes=1
574.63 583.29 584.44 550.23 595.92 553.63 586.11 586.70 ship 0 0.997487 votes=1
586.55 591.13 600.96 553.34 612.14 557.61 597.73 595.40 ship 0 0.997473 votes=1
392.88 635.81 491.21 664.96 484.49 687.64 386.16 658.49 ship 0 0.997412 votes=1
372.19 545.69 387.51 492.11 405.45 497.24 390.13 550.82 ship 0 0.997076 votes=1
394.46 545.23 410.66 498.29 425.61 503.45 409.41 550.39 ship 0 0.996864 votes=1
559.64 577.88 568.50 546.44 579.57 549.56 570.71 581.00 ship 0 0.996438 votes=1
450.55 588.87 470.44 516.37 491.14 522.05 471.25 594.55 ship 0 0.995797 votes=1
380.74 183.12 385.07 258.39 349.05 260.46 344.72 185.19 tenniscourt 0 0.995046 votes=1
163.34 369.19 172.78 341.13 181.77 344.15 172.33 372.22 ship 0 0.994664 votes=1
605.43 586.88 613.97 560.30 624.62 563.71 616.08 590.30 ship 0 0.993604 votes=1
631.01 593.09 636.66 565.87 646.85 567.99 641.21 595.21 ship 0 0.989359 votes=1
450.39 493.58 456.67 468.86 466.07 471.25 459.80 495.96 ship 0 0.988836 votes=1
472.78 642.24 499.46 649.16 497.01 658.62 470.33 651.70 ship 0 0.988036 votes=1
514.57 500.50 535.73 503.59 534.30 513.38 513.14 510.28 ship 0 0.985523 votes=1
640.74 595.93 648.24 570.22 657.65 572.96 650.15 598.68 ship 0 0.984925 votes=1
365.63 660.99 377.66 619.67 395.22 624.78 383.20 666.10 ship 0 0.982413 votes=1
548.81 509.79 569.91 516.51 567.01 525.62 545.91 518.90 ship 0 0.980584 votes=1
438.65 489.80 444.15 467.19 452.49 469.22 446.99 491.82 ship 0 0.977652 votes=1
426.64 486.15 433.87 464.16 442.25 466.91 435.01 488.91 ship 0 0.975206 votes=1
666.16 601.49 671.95 577.22 681.12 579.41 675.33 603.68 ship 0 0.974649 votes=1
414.75 482.62 421.14 459.68 429.74 462.07 423.34 485.02 ship 0 0.965631 votes=1
336.67 543.38 357.55 550.17 354.68 558.99 333.80 552.19 ship 0 0.961697 votes=1
405.45 479.71 411.98 457.60 421.58 460.44 415.05 482.54 ship 0 0.957923 votes=1
461.14 496.02 468.31 476.08 475.79 478.77 468.61 498.71 ship 0 0.954823 votes=1
654.49 600.55 660.94 575.53 670.28 577.94 663.83 602.96 ship 0 0.954700 votes=1
473.53 499.55 480.03 482.13 486.95 484.71 480.46 502.13 ship 0 0.949808 votes=1
391.71 475.95 400.08 451.27 409.01 454.29 400.64 478.98 ship 0 0.939711 votes=1
619.36 587.94 625.36 563.32 634.07 565.44 628.06 590.07 ship 0 0.900058 votes=1
172.61 373.04 196.56 308.61 217.30 316.32 193.34 380.76 harbor 0 0.851730 votes=1
374.22 441.75 684.96 464.00 669.30 682.76 358.55 660.51 harbor 0 0.843892 votes=1
704.07 673.59 722.98 674.13 722.73 682.78 703.82 682.24 ship 0 0.839885 votes=1
536.39 134.60 537.06 117.27 546.06 117.62 545.39 134.95 vehicle 0 0.827625 votes=1
575.99 68.58 593.92 68.41 593.99 75.92 576.06 76.09 vehicle 0 0.678797 votes=1
523.05 89.00 524.37 77.01 534.29 78.11 532.97 90.10 vehicle 0 0.660082 votes=1
