462.19 182.40 462.90 254.63 438.49 254.88 437.77 182.65 ship 0 0.998817 votes=1
554.61 106.53 554.83 168.36 532.07 168.44 531.85 106.61 ship 0 0.998778 votes=1
460.72 600.79 461.38 514.24 488.16 514.44 487.50 600.99 ship 0 0.998682 votes=1
595.17 649.60 599.54 522.64 638.18 523.97 633.80 650.93 ship 0 0.998573 votes=1
573.96 483.55 575.51 393.25 605.42 393.77 603.86 484.07 ship 0 0.998567 votes=1
575.58 127.05 575.62 173.14 558.69 173.16 558.65 127.07 ship 0 0.998538 votes=1
586.38 175.16 586.86 124.20 605.25 124.37 604.77 175.33 ship 0 0.998310 votes=1
494.00 612.12 497.17 516.98 525.83 517.93 522.67 613.08 ship 0 0.998280 votes=1
502.12 168.62 503.79 102.88 527.75 103.49 526.08 169.23 ship 0 0.998186 votes=1
638.04 176.65 640.50 121.71 660.02 122.58 657.56 177.52 ship 0 0.997951 votes=1
561.78 617.84 564.10 517.48 597.02 518.24 594.70 618.60 ship 0 0.997815 votes=1
551.31 255.95 551.49 193.31 574.65 193.38 574.47 256.02 ship 0 0.997594 votes=1
424.86 472.97 427.15 392.06 454.87 392.84 452.58 473.75 ship 0 0.997425 votes=1
583.25 243.49 583.66 190.54 601.07 190.67 600.66 243.63 ship 0 0.997049 votes=1
652.56 192.63 653.90 248.45 635.99 248.88 634.66 193.06 ship 0 0.996852 votes=1
638.34 547.02 643.49 397.81 684.64 399.23 679.49 548.44 ship 0 0.996662 votes=1
553.99 515.20 557.94 601.26 529.41 602.57 525.46 516.51 ship 0 0.996606 votes=1
458.23 511.99 459.58 591.64 432.25 592.11 430.89 512.46 ship 0 0.996572 votes=1
742.57 528.56 744.27 497.55 757.94 498.29 756.24 529.31 ship 0 0.995165 votes=1
445.91 166.49 447.21 111.29 464.10 111.69 462.80 166.89 ship 0 0.994649 votes=1
663.57 179.19 664.03 135.45 679.00 135.61 678.54 179.35 ship 0 0.994471 votes=1
438.96 88.17 705.25 102.54 696.02 273.72 429.73 259.35 harbor 0 0.994034 votes=1
412.57 630.68 416.53 373.40 667.98 377.27 664.02 634.55 harbor 0 0.981046 votes=1
675.41 193.53 675.98 234.01 660.89 234.22 660.32 193.75 ship 0 0.978145 votes=1
687.15 406.98 692.84 426.12 683.68 428.84 678.00 409.70 ship 0 0.849666 votes=1
