311.87 243.36 313.67 310.85 292.86 311.41 291.06 243.91 ship 0 0.999345 votes=1
383.09 215.97 397.85 334.13 366.27 338.07 351.51 219.91 ship 0 0.999305 votes=1
159.66 794.47 161.90 709.93 185.02 710.54 182.78 795.08 ship 0 0.999258 votes=1
173.47 508.53 176.25 444.72 197.09 445.62 194.32 509.43 ship 0 0.999231 votes=1
136.86 509.21 143.77 417.87 167.25 419.65 160.34 510.99 ship 0 0.999101 votes=1
189.94 245.58 190.98 303.49 171.27 303.84 170.23 245.93 ship 0 0.999085 votes=1
197.37 514.43 207.22 417.37 233.48 420.03 223.62 517.09 ship 0 0.998998 votes=1
163.62 246.50 165.93 302.96 146.62 303.75 144.31 247.29 ship 0 0.998860 votes=1
342.25 234.95 349.68 310.84 328.77 312.89 321.34 237.00 ship 0 0.998849 votes=1
248.52 245.51 250.90 303.54 231.05 304.35 228.67 246.32 ship 0 0.998824 votes=1
296.51 168.08 340.56 165.57 341.38 180.09 297.34 182.60 ship 0 0.998801 votes=1
284.21 242.57 285.54 311.91 262.04 312.36 260.71 243.02 ship 0 0.998711 votes=1
113.48 493.64 121.00 441.22 136.84 443.49 129.32 495.91 ship 0 0.998449 votes=1
250.33 564.65 255.01 525.58 268.53 527.20 263.85 566.27 ship 0 0.998421 votes=1
223.47 246.54 223.49 305.98 202.61 305.98 202.60 246.54 ship 0 0.998288 votes=1
232.21 504.50 258.08 436.61 280.08 444.99 254.21 512.88 ship 0 0.998268 votes=1
173.80 686.47 198.85 636.61 214.76 644.61 189.71 694.46 ship 0 0.997653 votes=1
249.20 144.77 286.41 143.36 286.94 157.36 249.73 158.77 ship 0 0.997575 votes=1
252.53 168.78 291.19 170.50 290.49 186.28 251.83 184.57 ship 0 0.997425 votes=1
227.19 66.98 241.84 23.89 256.40 28.84 241.75 71.93 ship 0 0.997274 votes=1
296.49 141.97 337.01 141.94 337.02 155.56 296.50 155.59 ship 0 0.997133 votes=1
212.26 170.68 243.58 170.58 243.61 181.11 212.30 181.22 ship 0 0.996489 votes=1
150.56 709.64 150.99 754.51 136.22 754.65 135.79 709.78 ship 0 0.995588 votes=1
208.17 151.94 233.39 151.54 233.56 162.01 208.33 162.42 ship 0 0.995071 votes=1
174.13 174.09 205.87 172.88 206.30 184.07 174.55 185.28 ship 0 0.994831 votes=1
164.85 149.38 204.56 150.35 204.28 161.83 164.57 160.86 ship 0 0.988513 votes=1
167.45 140.11 196.62 139.24 196.93 149.41 167.75 150.28 ship 0 0.972574 votes=1
131.34 31.50 311.72 32.46 311.30 111.45 130.93 110.49 harbor 0 0.958215 votes=1
98.27 217.89 373.49 215.10 374.52 316.95 99.30 319.75 harbor 0 0.925607 votes=1
77.78 748.04 93.77 601.98 207.48 614.42 191.49 760.48 harbor 0 0.923461 votes=1
81.18 424.24 268.56 441.57 253.93 599.77 66.54 582.43 harbor 0 0.898462 votes=1
142.95 173.83 161.19 175.43 160.31 185.45 142.08 183.85 ship 0 0.629133 votes=1
