440.79 32.08 592.14 29.68 592.82 72.40 441.46 74.80 ship 0 0.998954 votes=1
531.19 290.70 574.98 289.13 575.44 301.95 531.65 303.52 ship 0 0.998448 votes=1
647.99 466.55 687.25 463.99 688.04 476.20 648.78 478.76 ship 0 0.998344 votes=1
406.81 312.26 440.73 305.74 443.10 318.08 409.19 324.60 ship 0 0.998301 votes=1
666.94 325.98 704.75 323.29 705.71 336.84 667.91 339.53 ship 0 0.998086 votes=1
719.10 322.82 765.23 328.77 763.36 343.24 717.23 337.29 ship 0 0.997997 votes=1
210.37 345.46 234.94 378.39 223.74 386.75 199.17 353.82 ship 0 0.997979 votes=1
664.05 343.45 702.04 340.60 703.03 353.68 665.04 356.54 ship 0 0.997966 votes=1
350.43 174.20 402.55 203.89 393.75 219.33 341.64 189.64 ship 0 0.997872 votes=1
672.45 288.68 710.89 287.96 711.16 302.04 672.71 302.77 ship 0 0.997656 votes=1
641.74 519.01 689.05 527.55 686.30 542.80 638.99 534.25 ship 0 0.997439 votes=1
404.53 97.71 453.84 138.41 441.79 153.02 392.47 112.31 ship 0 0.997256 votes=1
410.73 446.95 463.18 459.12 459.66 474.29 407.21 462.11 ship 0 0.997251 votes=1
584.88 302.30 621.31 310.14 618.81 321.75 582.38 313.91 ship 0 0.996998 votes=1
527.41 328.34 570.67 324.41 571.94 338.41 528.68 342.34 ship 0 0.996952 votes=1
629.63 259.68 633.78 233.04 643.70 234.59 639.55 261.23 ship 0 0.996790 votes=1
538.21 480.35 593.45 483.05 592.68 498.75 537.44 496.05 ship 0 0.996717 votes=1
399.45 265.19 411.47 235.93 421.81 240.17 409.78 269.44 ship 0 0.996654 votes=1
646.96 481.83 685.05 480.62 685.47 493.82 647.38 495.03 ship 0 0.996647 votes=1
577.71 386.40 611.17 394.32 608.37 406.18 574.90 398.26 ship 0 0.996603 votes=1
198.54 363.69 225.95 396.96 216.80 404.50 189.39 371.23 ship 0 0.996571 votes=1
722.02 284.36 768.71 291.35 766.56 305.71 719.87 298.72 ship 0 0.996181 votes=1
382.23 261.92 395.46 233.15 405.28 237.67 392.05 266.44 ship 0 0.996100 votes=1
577.86 369.52 613.94 377.77 611.32 389.24 575.23 380.99 ship 0 0.996010 votes=1
451.06 341.63 481.30 356.38 476.04 367.17 445.80 352.42 ship 0 0.995760 votes=1
671.71 269.24 709.44 269.24 709.44 283.05 671.71 283.05 ship 0 0.995666 votes=1
657.78 430.28 692.09 427.97 693.01 441.62 658.70 443.94 ship 0 0.995577 votes=1
724.77 267.32 772.53 270.32 771.69 283.80 723.92 280.80 ship 0 0.995539 votes=1
712.79 363.88 757.37 368.61 755.66 384.69 711.09 379.97 ship 0 0.995483 votes=1
710.53 403.52 753.25 409.52 751.13 424.62 708.41 418.62 ship 0 0.995377 votes=1
186.98 373.52 207.21 404.22 197.30 410.75 177.08 380.04 ship 0 0.994850 votes=1
502.59 259.92 506.61 229.53 516.90 230.90 512.88 261.28 ship 0 0.994805 votes=1
547.95 261.63 554.71 233.00 565.10 235.45 558.34 264.08 ship 0 0.994478 votes=1
661.85 260.13 666.19 231.06 676.05 232.53 671.72 261.60 ship 0 0.994438 votes=1
707.50 446.96 746.99 450.41 745.72 464.94 706.23 461.49 ship 0 0.994413 votes=1
445.59 379.01 478.56 392.02 473.91 403.79 440.94 390.78 ship 0 0.994368 votes=1
459.66 270.45 500.19 278.67 497.06 294.07 456.54 285.85 ship 0 0.994224 votes=1
519.04 260.55 522.16 233.48 531.94 234.61 528.82 261.68 ship 0 0.993964 votes=1
539.08 345.54 562.36 343.33 563.37 353.98 540.09 356.19 ship 0 0.993958 votes=1
395.62 400.38 429.16 393.33 431.77 405.75 398.24 412.80 ship 0 0.993843 votes=1
582.64 335.40 615.53 344.27 612.57 355.25 579.68 346.38 ship 0 0.993674 votes=1
392.16 121.98 441.34 157.75 431.40 171.42 382.22 135.65 ship 0 0.993607 votes=1
308.09 291.46 334.60 291.25 334.68 300.99 308.17 301.20 ship 0 0.993595 votes=1
587.38 284.95 621.65 292.62 618.94 304.72 584.67 297.04 ship 0 0.993592 votes=1
572.94 420.59 606.37 431.31 602.82 442.39 569.39 431.67 ship 0 0.993337 votes=1
288.53 371.77 318.62 371.57 318.69 382.27 288.60 382.47 ship 0 0.993246 votes=1
407.13 293.48 441.40 289.06 443.05 301.87 408.78 306.28 ship 0 0.993145 votes=1
755.30 260.89 759.81 227.24 772.67 228.97 768.17 262.61 ship 0 0.993122 votes=1
275.11 389.09 315.88 386.09 316.78 398.39 276.01 401.38 ship 0 0.992866 votes=1
585.99 319.26 623.36 329.44 619.95 341.98 582.57 331.79 ship 0 0.992752 votes=1
702.78 466.25 746.36 469.74 745.28 483.18 701.71 479.68 ship 0 0.992691 votes=1
658.83 412.39 695.30 413.06 695.06 426.00 658.60 425.33 ship 0 0.992411 votes=1
691.85 257.75 698.75 225.90 709.69 228.27 702.78 260.12 ship 0 0.992347 votes=1
579.60 349.58 615.15 360.36 611.12 373.64 575.57 362.86 ship 0 0.992265 votes=1
456.92 309.24 483.21 319.77 479.46 329.14 453.17 318.60 ship 0 0.991974 votes=1
521.73 414.83 561.20 410.31 562.79 424.18 523.32 428.70 ship 0 0.991942 votes=1
663.75 362.15 699.09 359.36 700.10 372.23 664.77 375.02 ship 0 0.991896 votes=1
723.30 258.65 729.24 227.22 741.33 229.51 735.39 260.94 ship 0 0.991882 votes=1
284.98 259.17 308.62 233.14 316.42 240.22 292.78 266.25 ship 0 0.991782 votes=1
646.48 500.41 683.40 499.70 683.64 512.08 646.72 512.80 ship 0 0.991752 votes=1
646.45 261.22 647.97 231.28 658.85 231.83 657.33 261.77 ship 0 0.991713 votes=1
596.06 264.38 596.49 234.20 610.27 234.40 609.84 264.58 ship 0 0.991674 votes=1
221.79 328.87 240.76 359.54 230.68 365.78 211.71 335.11 ship 0 0.991606 votes=1
363.58 155.69 412.47 185.69 403.76 199.89 354.87 169.90 ship 0 0.991540 votes=1
454.10 263.79 458.44 233.52 469.19 235.06 464.84 265.33 ship 0 0.991483 votes=1
708.70 260.11 713.10 229.48 724.55 231.13 720.16 261.75 ship 0 0.991332 votes=1
344.30 310.32 372.15 321.61 368.32 331.05 340.47 319.76 ship 0 0.990725 votes=1
397.67 418.82 427.06 410.16 430.45 421.68 401.06 430.34 ship 0 0.990663 votes=1
442.04 412.13 472.03 428.57 466.35 438.94 436.36 422.50 ship 0 0.990562 votes=1
519.81 465.32 551.57 463.99 552.10 476.64 520.34 477.97 ship 0 0.990354 votes=1
398.63 367.34 433.10 358.21 436.16 369.75 401.69 378.89 ship 0 0.990316 votes=1
301.56 263.76 323.07 237.08 331.52 243.89 310.01 270.57 ship 0 0.989931 votes=1
323.76 263.91 337.99 242.11 346.50 247.67 332.27 269.46 ship 0 0.989927 votes=1
334.95 354.57 361.98 363.53 358.44 374.23 331.41 365.26 ship 0 0.989913 votes=1
677.57 257.80 683.18 228.99 693.41 230.99 687.80 259.79 ship 0 0.989829 votes=1
532.72 261.95 537.25 231.66 548.70 233.37 544.17 263.66 ship 0 0.989451 votes=1
445.38 396.72 475.31 409.98 470.37 421.13 440.44 407.87 ship 0 0.988594 votes=1
712.20 384.82 752.98 391.58 751.02 403.40 710.24 396.64 ship 0 0.988216 votes=1
532.39 309.04 572.24 306.28 573.24 320.81 533.39 323.57 ship 0 0.988215 votes=1
449.12 359.66 480.47 375.18 474.87 386.49 443.52 370.97 ship 0 0.987981 votes=1
571.12 437.55 605.12 448.75 601.31 460.31 567.31 449.11 ship 0 0.987953 votes=1
699.04 501.81 733.47 504.64 732.45 517.06 698.02 514.22 ship 0 0.987457 votes=1
417.99 263.44 427.81 236.01 437.32 239.42 427.51 266.85 ship 0 0.987175 votes=1
740.56 259.58 745.85 231.48 755.81 233.35 750.52 261.46 ship 0 0.986656 votes=1
652.15 448.98 690.65 447.14 691.23 459.25 652.73 461.09 ship 0 0.986555 votes=1
718.02 342.44 764.62 348.93 762.54 363.88 715.94 357.39 ship 0 0.986528 votes=1
173.29 422.99 196.56 455.30 187.23 462.02 163.96 429.71 ship 0 0.986096 votes=1
353.01 276.93 387.29 288.02 383.36 300.15 349.09 289.05 ship 0 0.984757 votes=1
298.57 343.31 324.28 341.13 325.14 351.23 299.43 353.41 ship 0 0.984715 votes=1
484.43 266.45 488.06 235.12 500.30 236.54 496.67 267.87 ship 0 0.984417 votes=1
574.53 402.26 610.69 414.53 606.42 427.11 570.26 414.83 ship 0 0.984129 votes=1
404.42 330.78 437.90 325.16 439.71 335.90 406.23 341.52 ship 0 0.984119 votes=1
395.76 433.81 424.79 428.06 427.21 440.24 398.17 446.00 ship 0 0.983927 votes=1
589.22 270.08 622.51 271.07 622.16 282.97 588.86 281.98 ship 0 0.981893 votes=1
659.62 377.80 698.55 376.21 699.14 390.83 660.22 392.42 ship 0 0.981784 votes=1
770.58 258.38 776.50 230.85 786.78 233.06 780.86 260.59 ship 0 0.981642 votes=1
241.64 301.59 258.26 325.87 249.37 331.95 232.76 307.67 ship 0 0.980762 votes=1
721.07 303.13 770.25 310.48 768.03 325.36 718.84 318.01 ship 0 0.979688 votes=1
523.87 361.34 568.14 359.08 568.97 375.32 524.70 377.58 ship 0 0.979321 votes=1
434.94 264.63 442.89 233.14 453.82 235.90 445.86 267.39 ship 0 0.979252 votes=1
346.20 292.62 378.09 305.55 373.63 316.55 341.74 303.62 ship 0 0.978085 votes=1
328.72 386.80 357.84 399.85 352.97 410.72 323.85 397.67 ship 0 0.978037 votes=1
646.65 517.48 671.37 246.22 770.41 255.24 745.69 526.50 harbor 0 0.976428 votes=1
469.52 263.66 472.97 237.41 483.35 238.77 479.91 265.02 ship 0 0.975863 votes=1
233.07 314.12 250.82 346.08 241.13 351.46 223.38 319.51 ship 0 0.975114 votes=1
563.50 261.77 569.16 233.50 579.91 235.65 574.25 263.92 ship 0 0.975096 votes=1
547.78 274.39 577.62 274.99 577.41 285.50 547.57 284.90 ship 0 0.974454 votes=1
104.92 446.37 166.60 485.25 151.47 509.25 89.79 470.37 ship 0 0.973209 votes=1
376.67 137.11 422.14 173.24 412.90 184.87 367.43 148.74 ship 0 0.971012 votes=1
519.37 432.92 560.10 430.44 560.79 441.78 520.06 444.25 ship 0 0.970840 votes=1
401.24 348.28 435.08 341.78 437.23 352.99 403.39 359.49 ship 0 0.970559 votes=1
340.48 325.47 368.07 337.07 363.93 346.90 336.34 335.30 ship 0 0.969942 votes=1
289.50 357.33 320.63 356.69 320.85 367.49 289.72 368.13 ship 0 0.969354 votes=1
399.30 384.28 430.99 376.23 433.52 386.21 401.83 394.26 ship 0 0.969178 votes=1
331.18 371.00 361.19 383.73 356.72 394.27 326.71 381.53 ship 0 0.966218 votes=1
526.64 450.95 551.55 446.37 553.59 457.45 528.68 462.04 ship 0 0.966055 votes=1
453.02 324.58 481.89 339.52 476.69 349.57 447.82 334.63 ship 0 0.965838 votes=1
708.26 426.90 750.57 432.36 748.78 446.23 706.47 440.77 ship 0 0.962230 votes=1
519.61 476.44 538.20 263.87 621.45 271.15 602.85 483.72 harbor 0 0.962167 votes=1
396.25 448.90 413.52 273.02 487.71 280.31 470.44 456.18 harbor 0 0.956231 votes=1
343.00 263.60 358.35 239.17 366.96 244.58 351.60 269.01 ship 0 0.951887 votes=1
311.61 276.87 334.78 276.19 335.07 286.14 311.91 286.82 ship 0 0.951708 votes=1
363.23 266.16 372.55 242.41 382.59 246.35 373.27 270.10 ship 0 0.944975 votes=1
304.66 321.61 331.11 321.67 331.09 333.26 304.63 333.20 ship 0 0.909099 votes=1
412.55 277.29 437.59 277.64 437.45 287.23 412.42 286.87 ship 0 0.893295 votes=1
283.60 398.22 312.84 257.41 384.58 272.31 355.34 413.11 harbor 0 0.893113 votes=1
98.17 457.82 232.89 257.45 289.21 295.32 154.49 495.69 harbor 0 0.879373 votes=1
308.71 305.87 332.36 305.57 332.48 315.02 308.83 315.31 ship 0 0.867570 votes=1
698.90 483.81 734.00 488.99 732.24 500.94 697.13 495.76 ship 0 0.813383 votes=1
472.56 94.33 727.77 103.89 725.13 174.32 469.92 164.76 ship 0 0.796405 votes=1
170.12 398.91 201.22 411.64 194.19 428.80 163.09 416.07 ship 0 0.762052 votes=1
437.81 426.65 468.97 447.45 462.84 456.62 431.68 435.82 ship 0 0.722789 votes=1
