281.24 432.57 464.74 429.09 467.91 596.10 284.41 599.58 chimney 0 0.999173 votes=1
233.53 230.77 414.63 227.10 417.79 383.63 236.70 387.30 chimney 0 0.998440 votes=1
55.67 96.65 95.29 85.61 97.97 95.25 58.36 106.28 vehicle 0 0.993403 votes=1
601.22 317.37 615.27 368.39 604.76 371.28 590.70 320.27 vehicle 0 0.993060 votes=1
772.50 449.58 779.42 484.21 770.62 485.96 763.71 451.34 vehicle 0 0.984476 votes=1
287.45 10.82 303.91 6.43 305.72 13.23 289.26 17.61 vehicle 0 0.983939 votes=1
671.00 230.26 680.61 268.34 673.92 270.03 664.31 231.94 vehicle 0 0.969684 votes=1
687.89 585.98 702.95 581.94 704.57 587.98 689.52 592.03 vehicle 0 0.888901 votes=1
232.03 424.67 243.68 424.82 243.54 436.01 231.89 435.86 storagetank 0 0.788900 votes=1
640.67 246.39 646.74 276.63 639.49 278.09 633.41 247.84 vehicle 0 0.786389 votes=1
270.25 46.37 283.03 40.22 285.94 46.29 273.16 52.43 vehicle 0 0.781359 votes=1
72.93 66.27 85.80 61.41 88.38 68.25 75.51 73.11 vehicle 0 0.675641 votes=1
