214.81 535.38 714.80 351.28 806.60 600.61 306.61 784.70 Expressway-Service-area 0 0.997845 votes=1
10.44 269.16 570.27 83.82 641.99 300.42 82.15 485.77 Expressway-Service-area 0 0.997299 votes=1
456.75 498.11 465.84 475.70 472.56 478.43 463.47 500.84 vehicle 0 0.992560 votes=1
484.05 532.87 508.80 524.91 510.82 531.19 486.07 539.15 vehicle 0 0.988604 votes=1
460.58 212.12 477.61 273.10 471.39 274.83 454.36 213.86 vehicle 0 0.987417 votes=1
394.72 540.40 405.53 517.67 411.94 520.71 401.12 543.45 vehicle 0 0.971491 votes=1
407.10 542.74 417.80 520.00 423.84 522.85 413.14 545.58 vehicle 0 0.969679 votes=1
434.00 270.68 447.82 279.17 444.71 284.23 430.89 275.74 vehicle 0 0.961984 votes=1
379.40 524.48 381.38 497.33 388.62 497.85 386.64 525.01 vehicle 0 0.959658 votes=1
387.95 521.23 394.04 493.90 400.32 495.30 394.22 522.63 vehicle 0 0.911820 votes=1
666.94 286.57 764.50 244.62 793.24 311.46 695.67 353.41 overpass 0 0.910621 votes=1
