474.66 115.03 475.64 255.39 410.93 255.84 409.95 115.48 tenniscourt 0 0.999038 votes=1
133.51 256.57 133.91 115.68 200.69 115.87 200.29 256.76 tenniscourt 0 0.998953 votes=1
284.76 115.35 286.28 257.07 220.67 257.77 219.16 116.05 tenniscourt 0 0.998919 votes=1
390.67 113.93 391.30 256.27 325.60 256.56 324.97 114.22 tenniscourt 0 0.998892 votes=1
688.08 412.48 712.69 434.35 703.86 444.29 679.25 422.42 vehicle 0 0.998793 votes=1
389.96 499.19 390.12 350.76 478.30 350.85 478.15 499.28 basketballcourt 0 0.998253 votes=1
740.65 575.29 757.74 554.10 766.98 561.55 749.90 582.74 vehicle 0 0.998216 votes=1
585.75 279.95 601.95 259.91 611.43 267.58 595.24 287.61 vehicle 0 0.997891 votes=1
373.53 351.14 374.62 499.98 285.36 500.63 284.27 351.80 basketballcourt 0 0.997772 votes=1
580.90 336.83 601.70 320.39 609.53 330.29 588.72 346.73 vehicle 0 0.997513 votes=1
179.63 499.36 179.74 353.05 268.89 353.12 268.78 499.43 basketballcourt 0 0.997492 votes=1
754.51 211.92 769.13 178.65 782.51 184.53 767.90 217.80 vehicle 0 0.997125 votes=1
20.38 715.36 41.85 733.51 34.60 742.10 13.12 723.95 vehicle 0 0.995219 votes=1
744.10 492.58 763.29 477.64 770.79 487.27 751.60 502.21 vehicle 0 0.994279 votes=1
743.39 104.27 749.06 121.65 740.66 124.39 735.00 107.01 vehicle 0 0.800471 votes=1
