258.29 254.67 299.95 246.05 302.64 259.06 260.98 267.69 ship 0 0.999323 votes=1
288.51 407.51 330.20 399.27 332.76 412.22 291.07 420.46 ship 0 0.999234 votes=1
147.85 328.89 159.20 398.69 139.72 401.86 128.37 332.05 ship 0 0.999198 votes=1
272.48 321.92 313.39 313.98 315.76 326.20 274.85 334.14 ship 0 0.999187 votes=1
518.82 486.91 564.89 478.97 567.29 492.94 521.23 500.88 ship 0 0.999149 votes=1
240.70 187.60 284.65 178.01 287.56 191.37 243.61 200.95 ship 0 0.999121 votes=1
295.21 440.23 338.16 432.61 340.50 445.79 297.54 453.41 ship 0 0.999087 votes=1
169.58 384.36 214.63 373.82 217.88 387.71 172.83 398.26 ship 0 0.999032 votes=1
237.38 90.94 302.87 110.41 298.13 126.35 232.64 106.87 ship 0 0.999019 votes=1
303.44 192.53 338.37 186.11 340.56 198.01 305.63 204.43 ship 0 0.998967 votes=1
320.14 276.12 359.64 267.27 362.44 279.77 322.94 288.62 ship 0 0.998965 votes=1
342.96 378.37 379.31 370.35 381.93 382.22 345.58 390.24 ship 0 0.998958 votes=1
164.10 349.25 209.11 337.03 212.76 350.46 167.74 362.68 ship 0 0.998955 votes=1
194.35 492.41 243.54 480.32 247.19 495.16 198.00 507.25 ship 0 0.998919 votes=1
279.57 356.33 320.35 347.51 323.05 360.02 282.27 368.83 ship 0 0.998905 votes=1
128.99 89.91 170.67 81.42 173.27 94.24 131.60 102.72 ship 0 0.998894 votes=1
241.67 151.58 277.34 146.97 278.92 159.21 243.25 163.82 ship 0 0.998888 votes=1
254.16 220.11 293.17 212.60 295.50 224.66 256.48 232.17 ship 0 0.998884 votes=1
163.81 407.07 183.91 500.61 162.68 505.17 142.58 411.63 ship 0 0.998822 votes=1
115.99 131.61 172.13 119.51 175.63 135.72 119.49 147.83 ship 0 0.998822 votes=1
255.07 237.70 296.65 230.82 298.93 244.54 257.34 251.43 ship 0 0.998792 votes=1
269.75 307.73 310.65 298.19 313.45 310.20 272.55 319.73 ship 0 0.998792 votes=1
68.25 40.25 151.23 61.29 146.31 80.67 63.33 59.63 ship 0 0.998752 votes=1
346.27 396.04 387.96 386.14 390.97 398.79 349.28 408.70 ship 0 0.998749 votes=1
235.97 137.29 275.78 130.22 277.92 142.26 238.11 149.34 ship 0 0.998737 votes=1
248.05 204.75 291.64 195.71 294.26 208.31 250.67 217.35 ship 0 0.998734 votes=1
375.87 517.54 434.79 504.53 438.10 519.52 379.18 532.53 ship 0 0.998697 votes=1
351.30 429.22 388.14 419.65 391.38 432.09 354.53 441.66 ship 0 0.998681 votes=1
281.56 338.49 317.02 330.74 319.68 342.92 284.22 350.67 ship 0 0.998653 votes=1
303.91 211.22 343.83 201.18 347.05 214.01 307.13 224.04 ship 0 0.998572 votes=1
305.03 473.99 346.04 465.01 349.09 478.91 308.07 487.90 ship 0 0.998526 votes=1
298.06 456.62 341.96 449.05 344.17 461.87 300.28 469.44 ship 0 0.998470 votes=1
322.85 291.87 362.18 287.97 363.46 300.89 324.13 304.79 ship 0 0.998463 votes=1
296.67 175.63 343.25 164.43 346.67 178.64 300.09 189.84 ship 0 0.998452 votes=1
112.30 110.02 165.22 101.02 167.76 115.99 114.85 124.99 ship 0 0.998443 votes=1
181.33 419.64 230.22 408.87 233.28 422.75 184.39 433.52 ship 0 0.998390 votes=1
158.06 328.94 214.26 316.12 217.92 332.15 161.72 344.98 ship 0 0.998388 votes=1
281.60 374.26 325.35 364.99 327.95 377.26 284.20 386.53 ship 0 0.998320 votes=1
434.20 354.25 469.49 348.62 471.45 360.88 436.15 366.50 ship 0 0.998302 votes=1
312.43 244.23 349.54 235.63 352.28 247.43 315.17 256.03 ship 0 0.998225 votes=1
177.05 401.64 212.86 393.69 215.67 406.36 179.86 414.30 ship 0 0.998196 votes=1
433.77 338.92 465.22 332.60 467.45 343.69 436.00 350.01 ship 0 0.998095 votes=1
450.44 431.51 484.20 425.53 486.22 436.92 452.46 442.90 ship 0 0.997973 votes=1
134.19 203.28 183.74 192.38 187.01 207.27 137.46 218.17 ship 0 0.997912 votes=1
133.73 220.56 189.23 208.77 192.42 223.79 136.92 235.58 ship 0 0.997898 votes=1
347.08 411.89 389.36 403.32 391.97 416.18 349.69 424.75 ship 0 0.997841 votes=1
315.73 261.47 365.02 249.98 367.93 262.47 318.64 273.96 ship 0 0.997822 votes=1
165.03 365.14 213.40 353.80 216.79 368.26 168.42 379.60 ship 0 0.997809 votes=1
443.24 370.50 471.31 363.59 473.85 373.94 445.79 380.85 ship 0 0.997725 votes=1
412.77 263.60 449.58 257.39 451.62 269.47 414.81 275.68 ship 0 0.997708 votes=1
237.01 546.58 300.54 532.44 304.57 550.52 241.04 564.66 ship 0 0.997703 votes=1
418.38 277.59 452.83 270.47 455.23 282.05 420.78 289.18 ship 0 0.997675 votes=1
470.99 285.49 499.30 278.63 501.70 288.49 473.38 295.36 ship 0 0.997651 votes=1
577.88 476.91 608.49 469.71 610.88 479.84 580.26 487.05 ship 0 0.997649 votes=1
429.08 324.51 461.84 318.42 463.87 329.32 431.11 335.41 ship 0 0.997471 votes=1
125.16 168.88 168.99 159.51 171.97 173.43 128.14 182.81 ship 0 0.997087 votes=1
156.10 312.54 200.01 302.13 203.26 315.84 159.35 326.24 ship 0 0.997067 votes=1
128.39 185.53 173.62 175.50 176.67 189.27 131.44 199.30 ship 0 0.997014 votes=1
463.55 252.76 492.12 247.97 493.93 258.80 465.36 263.60 ship 0 0.996879 votes=1
309.84 508.00 356.20 498.96 358.73 511.95 312.37 520.99 ship 0 0.996741 votes=1
450.43 415.29 484.44 410.01 486.11 420.80 452.10 426.07 ship 0 0.996608 votes=1
153.08 293.53 207.55 281.29 210.75 295.53 156.28 307.76 ship 0 0.996379 votes=1
149.18 276.43 199.42 264.42 202.91 278.99 152.67 291.00 ship 0 0.996321 votes=1
136.57 280.90 140.16 308.94 130.41 310.19 126.81 282.15 ship 0 0.996105 votes=1
451.03 399.09 479.38 395.83 480.58 406.21 452.22 409.47 ship 0 0.995850 votes=1
361.31 463.82 396.38 458.05 398.22 469.22 363.15 475.00 ship 0 0.995830 votes=1
417.60 246.26 447.77 241.62 449.38 252.09 419.21 256.72 ship 0 0.995134 votes=1
355.98 446.80 388.48 439.70 390.90 450.76 358.39 457.86 ship 0 0.994038 votes=1
407.89 207.69 434.57 216.44 431.43 225.98 404.76 217.23 ship 0 0.992863 votes=1
453.97 461.29 493.87 453.64 496.24 466.01 456.34 473.67 ship 0 0.992697 votes=1
491.54 392.96 520.22 387.57 521.97 396.88 493.29 402.27 ship 0 0.992221 votes=1
365.53 496.65 408.58 488.05 411.17 501.00 368.12 509.60 ship 0 0.990928 votes=1
498.95 422.29 525.51 418.45 526.91 428.09 500.34 431.93 ship 0 0.989031 votes=1
410.26 227.08 439.12 234.40 436.78 243.62 407.92 236.30 ship 0 0.987510 votes=1
436.76 218.21 462.90 225.88 460.36 234.53 434.22 226.86 ship 0 0.986881 votes=1
478.83 328.94 505.94 323.32 507.87 332.62 480.76 338.24 ship 0 0.985756 votes=1
298.02 157.74 322.47 154.31 323.83 163.98 299.38 167.41 ship 0 0.978314 votes=1
482.26 221.06 537.31 478.10 466.89 493.18 411.84 236.14 harbor 0 0.972893 votes=1
318.51 109.96 406.81 507.00 319.73 526.37 231.43 129.33 harbor 0 0.970931 votes=1
472.10 475.77 497.51 471.01 499.29 480.47 473.88 485.24 ship 0 0.970890 votes=1
488.68 361.98 509.67 357.74 511.24 365.50 490.25 369.75 ship 0 0.970813 votes=1
232.96 115.95 252.36 120.22 250.69 127.82 231.29 123.55 ship 0 0.967079 votes=1
466.41 269.91 486.27 266.92 487.62 275.90 467.77 278.89 ship 0 0.964775 votes=1
675.45 440.00 692.97 435.66 694.62 442.35 677.10 446.68 ship 0 0.958336 votes=1
496.87 405.76 518.95 403.28 519.86 411.39 497.78 413.87 ship 0 0.948056 votes=1
506.17 467.80 525.15 465.07 526.53 474.68 507.55 477.41 ship 0 0.929288 votes=1
157.74 69.49 249.04 508.21 173.07 524.02 81.77 85.30 harbor 0 0.918051 votes=1
624.88 439.99 624.90 457.70 616.75 457.71 616.73 440.00 ship 0 0.893731 votes=1
585.14 446.35 586.69 464.88 577.79 465.63 576.24 447.09 ship 0 0.857164 votes=1
206.62 507.26 223.76 503.11 225.82 511.62 208.68 515.77 ship 0 0.841611 votes=1
575.82 445.70 577.97 464.96 568.37 466.03 566.21 446.78 ship 0 0.838038 votes=1
314.25 422.02 336.05 417.50 337.94 426.63 316.14 431.15 ship 0 0.836418 votes=1
504.42 455.25 522.39 451.74 523.86 459.22 505.89 462.74 ship 0 0.829921 votes=1
499.79 468.43 753.39 418.05 760.43 453.51 506.84 503.89 harbor 0 0.650847 votes=1
722.50 470.35 745.93 466.21 747.67 476.06 724.24 480.20 ship 0 0.632933 votes=1
