324.63 249.44 351.10 285.19 325.89 303.86 299.42 268.11 airplane 0 0.996962 votes=1
322.88 538.11 349.59 576.13 323.44 594.49 296.74 556.47 airplane 0 0.996484 votes=1
326.34 308.95 348.22 342.89 322.36 359.56 300.48 325.62 airplane 0 0.995700 votes=1
323.00 423.54 351.04 460.09 326.32 479.06 298.28 442.50 airplane 0 0.995646 votes=1
179.17 595.72 200.51 631.47 173.81 647.41 152.47 611.66 airplane 0 0.995306 votes=1
323.95 705.50 348.48 740.05 324.69 756.94 300.16 722.39 airplane 0 0.995280 votes=1
180.29 73.05 207.10 111.00 179.96 130.17 153.15 92.22 airplane 0 0.995270 votes=1
326.47 365.01 350.67 402.62 323.20 420.30 299.00 382.69 airplane 0 0.995127 votes=1
180.56 306.09 201.76 341.94 174.45 358.09 153.25 322.24 airplane 0 0.995065 votes=1
328.61 132.25 347.11 169.92 317.80 184.32 299.30 146.65 airplane 0 0.995011 votes=1
180.68 365.80 203.68 401.72 175.67 419.65 152.68 383.73 airplane 0 0.994510 votes=1
181.67 131.33 202.24 167.71 172.97 184.25 152.41 147.87 airplane 0 0.994283 votes=1
181.68 423.51 201.89 463.51 173.23 477.99 153.02 437.98 airplane 0 0.994083 votes=1
178.27 537.10 203.29 574.04 175.23 593.05 150.21 556.10 airplane 0 0.993949 votes=1
324.53 190.34 351.52 225.44 325.76 245.24 298.78 210.13 airplane 0 0.993810 votes=1
324.16 597.28 347.09 632.85 321.64 649.25 298.71 613.68 airplane 0 0.993189 votes=1
179.92 247.08 202.59 285.95 174.23 302.50 151.56 263.62 airplane 0 0.992558 votes=1
179.78 480.52 200.60 516.02 172.81 532.32 151.98 496.83 airplane 0 0.992444 votes=1
325.08 481.64 346.35 517.62 319.95 533.23 298.67 497.24 airplane 0 0.990697 votes=1
181.22 189.05 205.09 226.24 176.86 244.36 153.00 207.17 airplane 0 0.990448 votes=1
179.20 653.43 203.14 690.11 174.52 708.80 150.57 672.12 airplane 0 0.990205 votes=1
178.10 703.30 200.94 739.73 175.07 755.95 152.23 719.52 airplane 0 0.986765 votes=1
