728.38 235.29 778.36 681.12 493.29 713.08 443.30 267.25 Expressway-Service-area 0 0.997398 votes=1
558.57 467.09 563.02 497.75 554.09 499.05 549.64 468.39 vehicle 0 0.996630 votes=1
305.19 155.15 394.03 619.06 237.67 649.01 148.83 185.09 Expressway-Service-area 0 0.996374 votes=1
566.45 512.67 571.05 542.77 562.72 544.04 558.12 513.94 vehicle 0 0.988807 votes=1
512.41 386.00 528.13 420.29 520.57 423.76 504.85 389.47 vehicle 0 0.986658 votes=1
535.24 507.74 540.23 538.94 532.19 540.23 527.20 509.03 vehicle 0 0.972829 votes=1
587.24 526.78 590.25 556.63 582.34 557.43 579.32 527.58 vehicle 0 0.963964 votes=1
357.21 66.19 368.65 99.13 361.35 101.67 349.90 68.73 vehicle 0 0.961858 votes=1
498.07 313.91 518.99 330.72 513.55 337.48 492.64 320.68 vehicle 0 0.952221 votes=1
578.75 473.14 586.35 512.27 577.48 513.99 569.88 474.86 vehicle 0 0.946200 votes=1
527.10 456.35 530.16 495.78 522.15 496.40 519.09 456.97 vehicle 0 0.817616 votes=1
