766.78 200.44 767.97 246.64 723.81 247.78 722.61 201.59 airplane 0 0.999369 votes=1
160.15 196.80 160.77 240.35 120.61 240.92 119.99 197.38 airplane 0 0.999316 votes=1
688.96 353.27 690.03 397.95 648.72 398.94 647.65 354.26 airplane 0 0.999307 votes=1
636.07 353.87 636.81 399.26 594.95 399.94 594.21 354.55 airplane 0 0.999296 votes=1
370.94 398.04 371.66 352.09 413.95 352.75 413.23 398.70 airplane 0 0.999290 votes=1
491.68 200.25 492.31 244.22 449.78 244.82 449.16 200.85 airplane 0 0.999281 votes=1
227.04 242.63 227.51 196.86 269.83 197.30 269.36 243.07 airplane 0 0.999274 votes=1
668.44 504.66 670.24 552.28 625.39 553.97 623.59 506.36 airplane 0 0.999270 votes=1
655.08 200.53 656.52 245.93 615.12 247.23 613.69 201.83 airplane 0 0.999257 votes=1
61.24 195.39 105.93 194.74 106.57 239.08 61.89 239.73 airplane 0 0.999253 votes=1
395.05 243.97 395.41 199.40 435.73 199.73 435.37 244.29 airplane 0 0.999236 votes=1
700.59 354.16 745.70 352.78 747.07 397.53 701.96 398.91 airplane 0 0.999226 votes=1
207.21 396.30 207.34 351.02 251.36 351.15 251.23 396.43 airplane 0 0.999195 votes=1
49.49 197.33 50.05 238.86 8.85 239.42 8.29 197.88 airplane 0 0.999185 votes=1
505.89 241.01 506.65 198.50 546.23 199.21 545.47 241.72 airplane 0 0.999147 votes=1
82.17 349.38 82.68 392.40 41.31 392.90 40.79 349.87 airplane 0 0.999130 votes=1
381.38 197.60 382.42 243.73 339.55 244.69 338.51 198.57 airplane 0 0.999117 votes=1
192.62 348.32 192.72 393.45 150.20 393.55 150.10 348.41 airplane 0 0.999110 votes=1
301.86 349.81 303.59 395.94 264.25 397.42 262.52 351.29 airplane 0 0.999092 votes=1
358.71 351.12 360.16 395.64 318.12 397.02 316.66 352.49 airplane 0 0.999002 votes=1
469.45 349.74 471.91 393.21 429.02 395.64 426.56 352.17 airplane 0 0.998997 votes=1
94.62 350.72 138.54 350.62 138.63 391.16 94.70 391.25 airplane 0 0.998952 votes=1
523.51 353.74 523.89 397.80 482.49 398.16 482.12 354.10 airplane 0 0.998849 votes=1
577.75 352.54 579.44 399.30 539.48 400.74 537.79 353.98 airplane 0 0.998823 votes=1
723.82 507.60 724.59 552.61 683.98 553.31 683.21 508.30 airplane 0 0.998786 votes=1
758.32 398.17 758.84 354.25 797.98 354.70 797.46 398.63 airplane 0 0.998763 votes=1
780.26 505.55 781.33 551.46 737.61 552.48 736.54 506.57 airplane 0 0.998398 votes=1
