123.40 485.16 124.34 562.41 99.27 562.72 98.32 485.47 ship 0 0.999438 votes=1
624.21 475.25 624.63 548.01 596.58 548.18 596.16 475.42 ship 0 0.999436 votes=1
434.86 82.79 436.99 173.63 406.18 174.35 404.04 83.52 ship 0 0.999328 votes=1
181.00 296.44 182.31 209.72 208.47 210.12 207.16 296.84 ship 0 0.999322 votes=1
179.25 581.21 179.98 692.03 145.38 692.26 144.65 581.44 ship 0 0.999296 votes=1
236.91 558.30 237.39 476.16 266.39 476.33 265.91 558.47 ship 0 0.999290 votes=1
738.86 196.60 740.85 300.42 711.69 300.98 709.70 197.16 ship 0 0.999258 votes=1
295.12 96.66 295.33 178.54 269.57 178.61 269.36 96.73 ship 0 0.999245 votes=1
139.59 562.09 141.10 483.31 171.09 483.89 169.58 562.67 ship 0 0.999158 votes=1
450.28 577.84 451.78 689.21 417.70 689.67 416.19 578.30 ship 0 0.999154 votes=1
619.98 181.02 620.62 92.42 649.06 92.62 648.43 181.23 ship 0 0.999137 votes=1
361.51 579.56 362.12 690.61 328.66 690.79 328.05 579.75 ship 0 0.999135 votes=1
390.25 84.93 390.37 182.85 359.73 182.89 359.60 84.96 ship 0 0.999102 votes=1
532.86 157.59 533.22 88.59 556.46 88.71 556.11 157.71 ship 0 0.999058 votes=1
654.81 202.69 655.78 302.08 626.86 302.36 625.89 202.97 ship 0 0.999053 votes=1
444.73 184.12 446.46 88.18 476.49 88.72 474.75 184.67 ship 0 0.998998 votes=1
398.41 581.04 402.24 681.02 373.22 682.13 369.39 582.15 ship 0 0.998903 votes=1
392.43 208.81 393.08 311.81 359.68 312.02 359.03 209.02 ship 0 0.998898 votes=1
249.30 90.28 251.63 176.40 225.85 177.10 223.52 90.98 ship 0 0.998777 votes=1
278.64 693.84 281.23 576.57 316.29 577.35 313.70 694.62 ship 0 0.998751 votes=1
86.98 97.43 87.57 186.26 55.53 186.47 54.94 97.64 ship 0 0.998591 votes=1
88.86 586.47 89.98 699.33 56.28 699.66 55.15 586.81 ship 0 0.998538 votes=1
493.68 571.87 497.01 669.93 468.13 670.91 464.79 572.85 ship 0 0.998487 votes=1
166.90 207.57 170.83 286.39 146.02 287.63 142.08 208.80 ship 0 0.998354 votes=1
97.12 185.00 97.53 86.34 130.19 86.48 129.78 185.14 ship 0 0.998325 votes=1
712.72 477.66 713.70 545.04 690.96 545.37 689.98 477.99 ship 0 0.998201 votes=1
346.95 477.15 348.19 554.75 322.18 555.16 320.94 477.56 ship 0 0.997959 votes=1
494.79 476.08 497.17 552.73 474.88 553.42 472.50 476.77 ship 0 0.997835 votes=1
699.64 214.07 701.36 288.14 677.50 288.69 675.78 214.62 ship 0 0.997556 votes=1
84.91 486.63 85.95 557.52 63.23 557.85 62.19 486.96 ship 0 0.996902 votes=1
130.44 582.25 131.10 696.72 102.74 696.89 102.08 582.42 ship 0 0.994438 votes=1
83.35 214.25 86.02 292.34 49.57 293.59 46.91 215.49 ship 0 0.990180 votes=1
54.22 90.27 757.35 81.00 760.16 294.53 57.03 303.80 harbor 0 0.984782 votes=1
71.11 478.45 709.88 463.49 714.86 676.29 76.09 691.24 harbor 0 0.970118 votes=1
