260.62 343.25 315.66 341.69 316.12 358.25 261.09 359.80 ship 0 0.999468 votes=1
197.22 346.83 197.50 307.87 210.52 307.96 210.23 346.93 ship 0 0.999127 votes=1
120.54 305.05 121.00 349.09 106.30 349.24 105.85 305.21 ship 0 0.999054 votes=1
330.18 225.69 335.31 269.20 321.33 270.84 316.20 227.34 ship 0 0.998805 votes=1
371.19 202.10 412.05 192.16 415.77 207.44 374.90 217.39 ship 0 0.998762 votes=1
185.93 253.80 190.57 213.80 203.09 215.25 198.44 255.26 ship 0 0.998726 votes=1
101.92 315.18 102.08 350.02 90.46 350.07 90.31 315.23 ship 0 0.998692 votes=1
345.33 153.67 357.34 199.83 341.68 203.91 329.67 157.74 ship 0 0.998619 votes=1
157.67 195.76 158.28 156.39 172.05 156.60 171.45 195.97 ship 0 0.998482 votes=1
324.31 155.78 336.07 205.36 321.95 208.71 310.19 159.13 ship 0 0.998471 votes=1
264.09 209.48 266.60 169.99 280.94 170.90 278.43 210.39 ship 0 0.998256 votes=1
285.61 264.31 286.84 227.09 299.86 227.53 298.63 264.74 ship 0 0.998249 votes=1
155.77 319.55 156.28 349.97 144.37 350.17 143.86 319.75 ship 0 0.998200 votes=1
230.33 297.06 231.16 348.54 216.17 348.78 215.34 297.30 ship 0 0.998186 votes=1
250.83 260.99 255.10 222.77 267.81 224.19 263.54 262.41 ship 0 0.998110 votes=1
346.94 225.95 351.59 262.46 339.17 264.04 334.52 227.53 ship 0 0.998102 votes=1
229.29 205.91 230.01 165.61 242.47 165.83 241.75 206.13 ship 0 0.998072 votes=1
305.87 165.13 317.63 210.53 303.47 214.20 291.71 168.79 ship 0 0.998029 votes=1
70.06 183.04 70.51 148.01 82.73 148.16 82.28 183.20 ship 0 0.997585 votes=1
257.12 319.57 299.38 319.84 299.28 335.16 257.02 334.89 ship 0 0.997529 votes=1
218.97 254.90 222.69 219.55 234.71 220.81 230.99 256.17 ship 0 0.997428 votes=1
104.82 189.95 105.22 149.58 118.12 149.70 117.73 190.08 ship 0 0.997297 votes=1
121.94 194.59 122.48 156.33 134.92 156.51 134.38 194.76 ship 0 0.997283 votes=1
176.50 200.07 177.40 159.43 190.07 159.71 189.17 200.35 ship 0 0.997264 votes=1
268.54 259.39 271.48 226.68 283.64 227.77 280.70 260.49 ship 0 0.997222 votes=1
247.26 207.44 247.52 169.00 260.50 169.08 260.25 207.53 ship 0 0.997158 votes=1
203.30 252.03 207.80 217.27 219.58 218.80 215.09 253.55 ship 0 0.997015 votes=1
212.00 204.48 212.50 165.48 225.64 165.65 225.14 204.65 ship 0 0.996977 votes=1
139.10 240.43 141.80 207.59 152.86 208.50 150.15 241.34 ship 0 0.996928 votes=1
171.10 243.47 175.24 213.18 186.38 214.70 182.24 244.99 ship 0 0.996785 votes=1
114.02 366.48 114.27 394.70 103.93 394.79 103.68 366.57 ship 0 0.996692 votes=1
35.40 185.25 35.65 160.10 45.96 160.20 45.70 185.35 ship 0 0.996596 votes=1
192.64 205.25 194.78 159.92 207.35 160.52 205.21 205.84 ship 0 0.996311 votes=1
85.78 184.20 86.96 148.32 98.31 148.70 97.12 184.58 ship 0 0.996307 votes=1
122.47 238.25 124.24 206.13 135.51 206.75 133.75 238.87 ship 0 0.995784 votes=1
84.06 396.95 84.41 365.88 95.11 366.00 94.75 397.07 ship 0 0.995364 votes=1
360.13 183.07 413.22 168.76 417.79 185.70 364.69 200.01 ship 0 0.995161 votes=1
130.47 368.73 130.63 395.14 120.18 395.20 120.03 368.80 ship 0 0.995086 votes=1
204.43 572.65 214.30 595.64 204.92 599.67 195.05 576.68 ship 0 0.994628 votes=1
52.90 185.23 53.27 155.37 64.41 155.51 64.04 185.37 ship 0 0.994365 votes=1
138.76 321.61 138.88 351.51 126.80 351.56 126.68 321.65 ship 0 0.994287 votes=1
89.21 230.57 91.35 204.34 102.10 205.21 99.97 231.44 ship 0 0.993776 votes=1
141.47 558.74 150.69 581.53 141.54 585.23 132.32 562.44 ship 0 0.993152 votes=1
235.31 256.12 238.84 226.01 249.96 227.31 246.43 257.42 ship 0 0.992237 votes=1
155.68 239.85 157.94 213.08 168.34 213.96 166.08 240.73 ship 0 0.989225 votes=1
107.03 232.91 108.58 205.73 119.32 206.34 117.77 233.52 ship 0 0.988757 votes=1
235.58 516.80 242.17 544.69 230.77 547.38 224.18 519.49 ship 0 0.987100 votes=1
76.53 371.98 79.16 396.28 69.43 397.34 66.79 373.04 ship 0 0.985772 votes=1
245.93 362.87 246.25 398.91 233.86 399.02 233.54 362.98 ship 0 0.983481 votes=1
152.40 391.07 152.50 365.98 162.88 366.03 162.78 391.11 ship 0 0.982378 votes=1
154.22 553.41 161.93 574.69 152.30 578.18 144.59 556.90 ship 0 0.980481 votes=1
39.90 314.86 290.99 314.28 291.18 394.20 40.09 394.78 harbor 0 0.979035 votes=1
179.46 548.29 186.54 566.41 177.93 569.77 170.86 551.65 ship 0 0.975384 votes=1
-1.47 361.01 25.61 346.88 30.59 356.41 3.50 370.54 ship 0 0.957947 votes=1
65.10 345.28 88.36 345.47 88.29 353.92 65.03 353.73 ship 0 0.943743 votes=1
81.72 587.14 252.36 519.57 270.60 565.63 99.96 633.20 harbor 0 0.942763 votes=1
222.54 567.61 229.50 590.74 218.35 594.10 211.39 570.97 ship 0 0.941612 votes=1
36.25 143.88 381.74 175.04 373.32 268.37 27.83 237.22 harbor 0 0.933114 votes=1
3.04 393.50 36.58 403.31 33.39 414.19 -0.14 404.38 ship 0 0.931321 votes=1
0.82 371.95 28.02 371.70 28.13 382.92 0.92 383.18 ship 0 0.726115 votes=1
1.80 415.46 28.64 429.06 23.85 438.49 -2.98 424.89 ship 0 0.670743 votes=1
-2.94 305.85 16.74 303.77 17.86 314.38 -1.82 316.46 ship 0 0.654719 votes=1
22.04 168.29 22.54 143.70 31.17 143.88 30.68 168.46 ship 0 0.653080 votes=1
