532.08 631.33 568.56 629.68 569.23 644.38 532.74 646.04 ship 0 0.998752 votes=1
101.17 102.46 104.30 137.69 91.14 138.86 88.01 103.63 ship 0 0.998065 votes=1
86.10 83.85 113.90 58.61 123.15 68.80 95.34 94.03 ship 0 0.997903 votes=1
645.46 623.87 696.91 614.61 700.56 634.91 649.11 644.17 ship 0 0.997892 votes=1
274.12 238.33 367.92 243.60 365.72 282.68 271.92 277.40 ship 0 0.996559 votes=1
376.01 239.32 437.74 239.06 437.83 259.73 376.09 260.00 ship 0 0.994683 votes=1
576.82 646.77 579.07 789.39 508.53 790.50 506.28 647.88 harbor 0 0.979376 votes=1
411.34 792.53 412.09 635.80 471.48 636.08 470.73 792.81 harbor 0 0.975931 votes=1
328.44 66.97 328.87 192.44 239.10 192.75 238.67 67.27 harbor 0 0.973480 votes=1
487.26 22.14 493.95 135.27 447.43 138.02 440.74 24.90 harbor 0 0.970805 votes=1
724.50 79.61 728.94 126.98 708.08 128.93 703.64 81.57 harbor 0 0.957913 votes=1
663.51 601.69 685.89 749.40 639.45 756.44 617.07 608.73 harbor 0 0.900581 votes=1
259.77 733.26 296.98 616.16 305.71 618.93 268.50 736.04 harbor 0 0.868968 votes=1
676.14 689.67 683.18 713.92 673.24 716.80 666.21 692.55 ship 0 0.862738 votes=1
654.38 704.95 660.75 741.22 646.84 743.66 640.47 707.39 ship 0 0.773507 votes=1
528.42 1.02 534.32 80.42 523.61 81.21 517.71 1.82 harbor 0 0.756959 votes=1
