230.11 506.83 246.37 477.25 252.59 480.66 236.33 510.24 vehicle 0 0.997723 votes=1
202.94 690.24 543.64 113.97 762.86 243.57 422.17 819.84 Expressway-Service-area 0 0.997481 votes=1
171.56 611.37 186.30 584.09 192.39 587.38 177.65 614.66 vehicle 0 0.996982 votes=1
279.04 593.10 292.75 566.36 299.59 569.86 285.87 596.61 vehicle 0 0.995075 votes=1
548.06 508.61 562.27 480.40 568.53 483.55 554.32 511.77 vehicle 0 0.994599 votes=1
559.12 385.03 571.97 355.16 578.24 357.85 565.39 387.73 vehicle 0 0.993728 votes=1
297.10 620.19 312.06 589.99 318.59 593.22 303.63 623.43 vehicle 0 0.993499 votes=1
493.96 573.55 514.54 537.95 522.09 542.31 501.51 577.91 vehicle 0 0.993416 votes=1
329.20 507.81 338.33 486.06 343.51 488.23 334.38 509.99 vehicle 0 0.991205 votes=1
255.69 632.95 270.19 606.69 276.28 610.05 261.78 636.31 vehicle 0 0.990155 votes=1
386.46 433.92 398.37 409.99 404.47 413.02 392.56 436.96 vehicle 0 0.988701 votes=1
519.22 558.19 536.70 524.43 544.03 528.22 526.55 561.98 vehicle 0 0.986095 votes=1
358.07 507.92 367.87 491.75 373.91 495.41 364.10 511.58 vehicle 0 0.984937 votes=1
301.85 553.62 312.47 532.49 318.94 535.74 308.31 556.87 vehicle 0 0.984273 votes=1
509.21 501.71 522.15 476.13 528.64 479.41 515.70 504.99 vehicle 0 0.982720 votes=1
185.86 682.48 197.29 659.41 202.57 662.02 191.13 685.09 vehicle 0 0.934312 votes=1
296.82 475.88 308.94 453.69 314.14 456.53 302.03 478.72 vehicle 0 0.907694 votes=1
340.94 603.04 350.81 586.70 355.36 589.44 345.49 605.78 vehicle 0 0.852233 votes=1
