727.38 107.19 729.57 186.17 693.56 187.17 691.38 108.18 tenniscourt 0 0.999336 votes=1
671.46 106.85 672.40 187.62 635.65 188.04 634.72 107.27 tenniscourt 0 0.999325 votes=1
613.17 107.56 613.90 189.36 577.92 189.68 577.19 107.88 tenniscourt 0 0.999192 votes=1
584.74 232.89 585.46 310.53 548.97 310.87 548.25 233.23 tenniscourt 0 0.999167 votes=1
735.37 468.58 736.05 546.13 701.22 546.44 700.55 468.88 tenniscourt 0 0.999154 votes=1
691.49 468.76 692.03 546.70 655.37 546.96 654.84 469.02 tenniscourt 0 0.999096 votes=1
644.24 469.30 645.07 547.02 609.87 547.40 609.04 469.67 tenniscourt 0 0.999068 votes=1
732.18 351.36 732.53 428.16 695.79 428.32 695.45 351.53 tenniscourt 0 0.999032 votes=1
121.75 469.19 210.42 471.53 208.13 558.62 119.45 556.28 storagetank 0 0.998986 votes=1
555.58 111.50 556.48 188.91 519.91 189.33 519.02 111.92 tenniscourt 0 0.998937 votes=1
576.34 362.65 576.92 445.26 537.64 445.53 537.06 362.92 tenniscourt 0 0.998824 votes=1
121.99 564.41 210.95 563.64 211.70 649.89 122.73 650.66 storagetank 0 0.998798 votes=1
237.24 657.01 327.91 655.92 328.96 743.30 238.29 744.39 storagetank 0 0.998776 votes=1
645.04 353.11 645.87 429.54 610.86 429.92 610.03 353.49 tenniscourt 0 0.998760 votes=1
279.31 572.62 289.89 410.68 450.85 421.19 440.27 583.14 storagetank 0 0.998689 votes=1
653.30 428.88 653.31 351.74 689.67 351.75 689.66 428.89 tenniscourt 0 0.998658 votes=1
408.18 536.45 568.76 535.19 570.01 694.72 409.43 695.99 storagetank 0 0.998035 votes=1
381.05 739.93 405.89 741.12 404.93 761.04 380.09 759.84 storagetank 0 0.782461 votes=1
761.31 48.66 773.61 41.12 777.12 46.86 764.82 54.40 vehicle 0 0.686377 votes=1
69.37 657.56 71.40 671.94 64.29 672.94 62.26 658.56 vehicle 0 0.676972 votes=1
