256.80 361.23 270.20 319.92 278.94 322.75 265.53 364.06 vehicle 0 0.997379 votes=1
275.51 297.23 288.07 253.57 296.17 255.90 283.61 299.56 vehicle 0 0.996552 votes=1
240.69 424.21 248.50 391.88 256.06 393.71 248.25 426.04 vehicle 0 0.995619 votes=1
20.65 594.66 179.12 -0.07 429.06 66.53 270.59 661.26 Expressway-Service-area 0 0.993888 votes=1
245.41 335.27 256.40 291.92 265.45 294.21 254.47 337.56 vehicle 0 0.991717 votes=1
402.65 744.93 546.94 111.38 794.67 167.80 650.37 801.35 Expressway-Service-area 0 0.990976 votes=1
227.72 399.72 240.23 358.09 249.08 360.75 236.57 402.38 vehicle 0 0.966432 votes=1
555.90 463.38 562.86 432.93 569.97 434.55 563.00 465.00 vehicle 0 0.961887 votes=1
432.71 659.14 438.33 631.38 444.47 632.62 438.84 660.38 vehicle 0 0.917097 votes=1
569.14 406.66 577.35 377.25 583.46 378.95 575.24 408.36 vehicle 0 0.887557 votes=1
110.03 261.08 114.65 245.04 121.07 246.89 116.45 262.92 vehicle 0 0.784461 votes=1
425.72 644.53 433.11 613.38 441.74 615.43 434.35 646.58 vehicle 0 0.701855 votes=1
