161.97 561.74 165.28 605.03 149.46 606.24 146.15 562.95 ship 0 0.999339 votes=1
139.34 330.39 143.35 375.55 126.96 377.00 122.96 331.84 ship 0 0.999314 votes=1
232.52 499.71 233.68 545.08 219.31 545.45 218.15 500.08 ship 0 0.999292 votes=1
286.61 733.43 286.77 768.97 275.20 769.02 275.03 733.48 ship 0 0.999256 votes=1
287.45 667.12 289.30 715.43 270.94 716.13 269.09 667.82 ship 0 0.999226 votes=1
162.37 103.28 165.06 153.45 147.44 154.40 144.75 104.22 ship 0 0.999208 votes=1
235.32 381.77 235.87 424.33 220.65 424.53 220.10 381.97 ship 0 0.999126 votes=1
142.33 560.68 142.56 606.92 126.41 607.00 126.18 560.76 ship 0 0.999117 votes=1
175.14 333.90 175.58 371.19 162.35 371.35 161.91 334.06 ship 0 0.999107 votes=1
321.76 672.98 322.87 713.69 309.20 714.07 308.09 673.36 ship 0 0.999081 votes=1
236.01 555.71 240.27 597.52 224.48 599.13 220.21 557.32 ship 0 0.999079 votes=1
60.44 113.32 63.81 158.56 45.40 159.93 42.03 114.69 ship 0 0.999053 votes=1
349.09 488.22 349.56 537.98 330.49 538.16 330.03 488.40 ship 0 0.998989 votes=1
188.79 678.59 189.99 719.77 174.90 720.21 173.69 679.03 ship 0 0.998956 votes=1
248.01 729.83 253.12 773.26 240.33 774.76 235.22 731.33 ship 0 0.998951 votes=1
244.54 104.65 247.93 160.86 230.33 161.92 226.94 105.71 ship 0 0.998902 votes=1
210.53 168.47 210.91 218.06 195.58 218.17 195.20 168.59 ship 0 0.998874 votes=1
198.78 557.40 201.99 601.49 187.27 602.55 184.06 558.47 ship 0 0.998737 votes=1
191.61 332.40 196.35 371.65 183.41 373.22 178.67 333.96 ship 0 0.998696 votes=1
287.36 498.04 288.98 538.48 274.83 539.05 273.20 498.61 ship 0 0.998653 votes=1
104.37 389.80 108.28 434.71 94.42 435.92 90.51 391.01 ship 0 0.998648 votes=1
275.28 554.28 275.40 599.69 261.21 599.73 261.08 554.32 ship 0 0.998632 votes=1
360.13 668.66 360.81 708.68 347.17 708.92 346.49 668.89 ship 0 0.998610 votes=1
192.24 738.36 197.71 782.61 183.18 784.41 177.70 740.16 ship 0 0.998606 votes=1
234.29 218.38 234.33 163.71 251.44 163.72 251.40 218.39 ship 0 0.998574 votes=1
266.53 501.49 272.14 540.56 257.54 542.65 251.93 503.59 ship 0 0.998564 votes=1
105.67 778.04 106.56 742.64 119.52 742.97 118.63 778.37 ship 0 0.998534 votes=1
254.26 379.44 258.25 422.37 243.30 423.76 239.31 380.83 ship 0 0.998515 votes=1
325.03 726.19 326.28 768.77 313.00 769.16 311.74 726.58 ship 0 0.998477 votes=1
174.15 505.01 176.64 548.13 162.58 548.94 160.09 505.82 ship 0 0.998465 votes=1
177.32 386.79 182.09 425.86 168.78 427.48 164.01 388.41 ship 0 0.998452 votes=1
119.41 511.06 121.15 551.47 106.51 552.10 104.77 511.69 ship 0 0.998447 votes=1
231.04 325.08 231.13 369.54 217.19 369.56 217.11 325.11 ship 0 0.998426 votes=1
142.72 389.15 144.36 432.79 129.55 433.35 127.91 389.71 ship 0 0.998402 votes=1
168.71 682.80 172.82 716.01 160.17 717.58 156.05 684.37 ship 0 0.998400 votes=1
269.91 726.36 270.52 771.43 254.54 771.65 253.92 726.58 ship 0 0.998396 votes=1
348.16 549.22 348.71 594.79 335.00 594.96 334.44 549.39 ship 0 0.998355 votes=1
213.02 505.98 213.77 542.79 199.63 543.08 198.88 506.27 ship 0 0.998152 votes=1
304.79 498.79 306.75 537.29 294.16 537.93 292.20 499.43 ship 0 0.998150 votes=1
99.46 115.20 105.73 163.25 90.56 165.23 84.28 117.18 ship 0 0.998086 votes=1
245.13 676.23 249.14 716.64 235.60 717.98 231.59 677.57 ship 0 0.998063 votes=1
120.77 389.52 124.24 429.59 110.25 430.80 106.79 390.73 ship 0 0.997938 votes=1
153.96 336.46 156.54 371.60 145.65 372.40 143.07 337.26 ship 0 0.997881 votes=1
179.52 559.94 180.79 606.75 167.37 607.11 166.10 560.31 ship 0 0.997864 votes=1
324.41 318.10 326.79 356.40 311.59 357.34 309.21 319.05 ship 0 0.997798 votes=1
220.55 90.08 225.87 149.90 207.04 151.58 201.72 91.76 ship 0 0.997784 votes=1
100.98 339.17 101.44 375.81 87.08 375.99 86.62 339.35 ship 0 0.997727 votes=1
366.79 716.95 367.26 768.30 350.27 768.45 349.80 717.11 ship 0 0.997709 votes=1
339.89 670.19 341.63 709.73 326.91 710.38 325.17 670.84 ship 0 0.997628 votes=1
285.53 323.28 288.53 361.78 274.73 362.86 271.73 324.36 ship 0 0.997560 votes=1
292.31 557.84 292.64 592.68 279.32 592.81 278.99 557.97 ship 0 0.997536 votes=1
225.08 678.78 228.34 714.30 216.19 715.41 212.94 679.90 ship 0 0.997536 votes=1
138.04 101.21 143.69 162.03 126.11 163.66 120.46 102.84 ship 0 0.997511 votes=1
120.87 123.46 121.94 159.39 110.07 159.74 109.00 123.81 ship 0 0.997495 votes=1
106.56 180.05 109.22 229.23 92.03 230.17 89.37 180.98 ship 0 0.997494 votes=1
255.63 558.48 256.05 597.34 241.99 597.50 241.56 558.63 ship 0 0.997479 votes=1
121.81 567.43 123.82 603.96 110.98 604.67 108.97 568.14 ship 0 0.997393 votes=1
289.57 777.02 289.59 726.54 306.15 726.55 306.13 777.02 ship 0 0.997389 votes=1
290.17 376.62 291.45 414.33 279.07 414.75 277.79 377.04 ship 0 0.997303 votes=1
134.45 687.50 134.68 727.10 120.85 727.18 120.62 687.58 ship 0 0.997271 votes=1
86.35 189.03 90.89 230.18 76.87 231.73 72.33 190.58 ship 0 0.997266 votes=1
248.25 500.90 252.98 540.75 238.14 542.51 233.41 502.66 ship 0 0.997085 votes=1
52.08 223.66 52.36 181.10 68.18 181.20 67.89 223.77 ship 0 0.997056 votes=1
215.10 387.39 215.55 420.86 203.87 421.02 203.42 387.55 ship 0 0.996930 votes=1
328.02 549.40 328.84 596.42 313.28 596.69 312.46 549.67 ship 0 0.996892 votes=1
265.57 319.52 267.63 364.83 253.69 365.46 251.63 320.15 ship 0 0.996790 votes=1
302.05 317.00 304.66 360.45 290.31 361.31 287.71 317.86 ship 0 0.996715 votes=1
201.28 103.68 205.57 149.40 191.49 150.71 187.21 105.00 ship 0 0.996590 votes=1
250.28 319.71 252.19 365.37 237.81 365.97 235.90 320.31 ship 0 0.996552 votes=1
212.42 333.57 213.75 370.39 200.35 370.87 199.02 334.05 ship 0 0.996528 votes=1
310.72 534.52 311.02 494.50 326.09 494.62 325.78 534.64 ship 0 0.996480 votes=1
212.29 738.44 213.13 772.47 200.78 772.77 199.94 738.74 ship 0 0.996418 votes=1
343.12 725.10 343.94 767.91 329.33 768.20 328.50 725.38 ship 0 0.996391 votes=1
150.94 689.13 155.91 722.47 142.86 724.42 137.89 691.07 ship 0 0.996281 votes=1
88.03 611.31 89.97 566.02 105.21 566.68 103.27 611.96 ship 0 0.996217 votes=1
78.07 338.25 83.33 378.43 68.05 380.43 62.79 340.25 ship 0 0.996075 votes=1
198.23 386.94 198.58 423.37 185.38 423.50 185.02 387.07 ship 0 0.996042 votes=1
308.45 550.51 311.73 595.63 299.39 596.53 296.11 551.41 ship 0 0.995944 votes=1
113.87 686.75 116.25 726.14 102.45 726.98 100.07 687.58 ship 0 0.995867 votes=1
216.63 557.12 217.15 597.40 203.74 597.58 203.21 557.29 ship 0 0.995598 votes=1
301.59 671.62 304.61 711.82 291.46 712.80 288.45 672.61 ship 0 0.995592 votes=1
136.89 512.11 139.69 548.51 126.16 549.55 123.36 513.15 ship 0 0.995500 votes=1
214.85 213.48 215.19 175.51 228.60 175.63 228.26 213.60 ship 0 0.995492 votes=1
179.38 101.87 181.13 151.45 166.93 151.95 165.19 102.37 ship 0 0.995272 votes=1
262.67 672.66 265.88 711.46 251.26 712.66 248.05 673.87 ship 0 0.995171 votes=1
212.13 671.79 214.58 720.18 197.33 721.05 194.89 672.66 ship 0 0.995007 votes=1
99.72 511.82 100.80 549.60 86.00 550.02 84.93 512.24 ship 0 0.994857 votes=1
129.31 172.94 137.76 238.46 118.87 240.90 110.42 175.37 ship 0 0.994330 votes=1
160.29 387.08 160.38 428.18 146.17 428.21 146.08 387.12 ship 0 0.994094 votes=1
269.40 378.65 272.64 415.11 260.10 416.22 256.85 379.77 ship 0 0.993986 votes=1
329.96 369.01 335.34 414.21 319.06 416.15 313.68 370.95 ship 0 0.992270 votes=1
116.83 338.63 120.47 375.79 107.32 377.08 103.68 339.91 ship 0 0.992184 votes=1
168.87 171.06 171.58 231.24 156.42 231.92 153.71 171.75 ship 0 0.990677 votes=1
140.61 738.95 142.25 785.70 127.37 786.23 125.73 739.48 ship 0 0.988158 votes=1
35.96 343.20 311.42 316.97 320.58 413.11 45.12 439.35 harbor 0 0.987163 votes=1
308.20 378.22 312.78 416.48 299.72 418.04 295.13 379.79 ship 0 0.986741 votes=1
144.53 173.57 148.55 227.70 134.65 228.73 130.63 174.60 ship 0 0.981913 votes=1
72.70 686.73 349.72 665.08 357.46 764.18 80.45 785.82 harbor 0 0.979440 votes=1
187.06 173.95 191.13 225.18 173.91 226.55 169.84 175.32 ship 0 0.977346 votes=1
60.99 510.89 334.20 494.71 340.09 594.18 66.88 610.36 harbor 0 0.977226 votes=1
17.87 114.55 231.14 94.92 242.72 220.78 29.45 240.41 harbor 0 0.975622 votes=1
