47.93 431.61 170.61 492.00 158.24 517.12 35.56 456.73 ship 0 0.998359 votes=1
283.52 111.38 372.26 108.89 372.87 130.52 284.12 133.01 ship 0 0.998042 votes=1
58.54 388.09 125.93 431.27 114.39 449.29 47.00 406.11 ship 0 0.997710 votes=1
57.12 135.43 126.48 102.82 134.53 119.95 65.17 152.55 ship 0 0.996577 votes=1
292.90 140.42 356.32 140.32 356.35 160.68 292.93 160.78 ship 0 0.995395 votes=1
92.67 249.15 135.74 294.43 122.95 306.59 79.88 261.31 ship 0 0.995386 votes=1
58.18 327.79 207.51 412.82 185.35 451.74 36.02 366.71 ship 0 0.994421 votes=1
380.65 108.57 471.19 106.10 471.77 127.50 381.23 129.97 ship 0 0.994127 votes=1
102.18 321.44 148.04 351.73 140.05 363.83 94.18 333.54 ship 0 0.993607 votes=1
167.97 267.93 181.93 291.05 172.94 296.48 158.97 273.36 ship 0 0.988855 votes=1
407.87 137.14 496.24 136.94 496.29 158.77 407.92 158.97 ship 0 0.986412 votes=1
39.54 773.14 69.59 775.81 68.65 786.40 38.60 783.73 ship 0 0.984563 votes=1
320.85 392.85 339.28 389.54 340.66 397.25 322.24 400.56 vehicle 0 0.984539 votes=1
107.12 216.48 201.77 213.96 202.30 233.73 107.65 236.26 ship 0 0.974625 votes=1
155.32 117.52 169.29 106.48 173.86 112.27 159.89 123.30 vehicle 0 0.967491 votes=1
323.90 564.80 343.34 575.67 339.31 582.88 319.87 572.00 vehicle 0 0.950749 votes=1
41.46 785.61 64.33 787.89 63.39 797.40 40.51 795.12 ship 0 0.948801 votes=1
324.99 451.95 339.61 457.10 337.28 463.71 322.66 458.56 vehicle 0 0.926526 votes=1
165.87 123.98 176.99 114.96 181.39 120.38 170.26 129.40 vehicle 0 0.907382 votes=1
509.16 716.73 531.59 711.59 533.98 722.03 511.56 727.17 ship 0 0.906533 votes=1
146.81 262.03 170.16 288.21 161.37 296.04 138.03 269.87 ship 0 0.897530 votes=1
23.03 784.23 23.83 479.55 90.23 479.72 89.43 784.40 ship 0 0.887093 votes=1
363.99 138.41 406.12 139.11 405.74 161.79 363.61 161.09 ship 0 0.886687 votes=1
343.56 346.03 344.16 366.15 336.21 366.38 335.61 346.26 vehicle 0 0.862585 votes=1
321.98 548.14 339.74 553.70 337.56 560.66 319.80 555.11 vehicle 0 0.826927 votes=1
320.58 478.80 340.38 488.26 337.28 494.75 317.48 485.29 vehicle 0 0.787937 votes=1
18.51 120.87 21.64 95.96 31.22 97.16 28.10 122.08 vehicle 0 0.745113 votes=1
323.71 468.78 339.24 478.70 335.85 484.01 320.33 474.09 vehicle 0 0.709912 votes=1
320.17 434.75 340.11 434.19 340.41 445.02 320.47 445.58 vehicle 0 0.674268 votes=1
319.88 412.27 338.39 412.20 338.42 421.77 319.91 421.83 vehicle 0 0.633137 votes=1
315.68 738.57 316.09 238.49 461.90 238.61 461.50 738.69 ship 0 0.621020 votes=1
