484.55 314.29 554.48 313.98 554.75 376.72 484.82 377.02 storagetank 0 0.998341 votes=1
571.91 329.07 628.00 331.55 625.78 381.78 569.69 379.30 storagetank 0 0.997918 votes=1
158.97 266.63 207.53 266.60 207.56 312.85 159.00 312.88 storagetank 0 0.993380 votes=1
277.42 279.46 345.54 280.90 344.18 344.97 276.07 343.53 storagetank 0 0.992232 votes=1
384.69 292.73 414.10 292.68 414.14 314.10 384.73 314.15 storagetank 0 0.984419 votes=1
648.04 379.76 675.91 379.29 676.29 402.02 648.42 402.48 storagetank 0 0.982601 votes=1
212.43 268.70 273.00 270.94 270.88 328.25 210.31 326.01 storagetank 0 0.982533 votes=1
378.16 393.53 402.32 392.98 402.74 411.25 378.58 411.80 storagetank 0 0.982237 votes=1
405.27 395.72 430.85 395.90 430.73 413.21 405.15 413.03 storagetank 0 0.981523 votes=1
417.86 294.74 446.93 295.39 446.46 316.50 417.39 315.84 storagetank 0 0.979262 votes=1
382.99 318.21 411.01 318.89 410.53 338.22 382.52 337.53 storagetank 0 0.975610 votes=1
658.32 405.15 687.48 405.35 687.33 427.38 658.17 427.18 storagetank 0 0.974917 votes=1
416.39 319.50 444.83 319.69 444.69 341.33 416.25 341.14 storagetank 0 0.971787 votes=1
381.41 340.83 413.00 340.15 413.54 365.31 381.95 365.99 storagetank 0 0.971076 votes=1
156.74 254.39 157.23 300.94 110.82 301.43 110.32 254.88 storagetank 0 0.970619 votes=1
416.57 342.39 442.85 342.80 442.50 365.81 416.22 365.40 storagetank 0 0.961116 votes=1
406.27 416.26 429.05 416.60 428.78 434.54 406.00 434.20 storagetank 0 0.949341 votes=1
677.07 378.91 704.33 379.33 703.97 403.38 676.70 402.97 storagetank 0 0.944742 votes=1
602.29 764.69 630.35 765.79 629.33 792.06 601.26 790.97 storagetank 0 0.930894 votes=1
379.76 415.04 403.79 415.40 403.53 432.67 379.50 432.31 storagetank 0 0.922856 votes=1
144.25 230.77 171.26 231.42 170.71 254.65 143.70 254.00 storagetank 0 0.854665 votes=1
632.27 785.32 670.45 785.99 670.12 804.84 631.94 804.17 storagetank 0 0.675144 votes=1
