203.04 240.20 204.02 307.00 178.77 307.37 177.79 240.57 ship 0 0.999454 votes=1
586.08 521.05 662.83 511.78 665.67 535.24 588.91 544.51 ship 0 0.999331 votes=1
413.09 223.23 413.47 289.57 389.92 289.71 389.53 223.37 ship 0 0.999254 votes=1
566.80 361.52 624.20 353.66 626.74 372.20 569.34 380.07 ship 0 0.999196 votes=1
259.17 226.99 265.04 308.20 238.66 310.10 232.79 228.90 ship 0 0.999142 votes=1
492.00 301.59 538.58 293.90 541.35 310.72 494.77 318.41 ship 0 0.999076 votes=1
319.29 222.87 329.68 295.71 309.32 298.61 298.93 225.78 ship 0 0.998954 votes=1
290.95 227.43 294.11 300.17 269.74 301.22 266.58 228.48 ship 0 0.998833 votes=1
584.37 462.19 648.24 456.57 650.24 479.36 586.38 484.98 ship 0 0.998506 votes=1
514.66 443.82 548.56 442.20 549.21 455.76 515.31 457.38 ship 0 0.998447 votes=1
92.70 252.47 96.20 311.47 73.95 312.79 70.45 253.78 ship 0 0.998279 votes=1
572.82 383.68 624.73 380.74 625.80 399.72 573.90 402.66 ship 0 0.998203 votes=1
381.14 488.47 415.38 480.84 418.73 495.90 384.49 503.53 ship 0 0.997137 votes=1
557.12 215.57 560.00 271.23 539.19 272.30 536.31 216.65 ship 0 0.996047 votes=1
503.06 424.52 540.02 422.01 541.13 438.21 504.16 440.72 ship 0 0.995703 votes=1
573.03 408.39 648.20 407.09 648.61 430.52 573.44 431.83 ship 0 0.994168 votes=1
579.59 490.15 655.57 482.86 657.79 505.95 581.80 513.24 ship 0 0.983987 votes=1
578.53 437.44 648.22 433.47 649.37 453.67 579.68 457.64 ship 0 0.955212 votes=1
616.08 259.73 658.39 663.13 528.45 676.76 486.14 273.36 harbor 0 0.935192 votes=1
