408.56 157.03 469.23 156.88 469.29 181.49 408.62 181.64 ship 0 0.999298 votes=1
566.22 181.54 632.03 178.85 632.92 200.67 567.11 203.35 ship 0 0.999223 votes=1
65.16 150.76 134.30 148.07 135.35 175.19 66.22 177.88 ship 0 0.999103 votes=1
374.17 346.65 432.64 346.93 432.53 369.42 374.06 369.13 ship 0 0.998761 votes=1
408.00 219.50 469.34 216.03 470.55 237.29 409.21 240.76 ship 0 0.998736 votes=1
295.53 26.64 296.11 77.37 274.35 77.62 273.77 26.89 ship 0 0.998722 votes=1
67.00 184.70 137.86 185.98 137.33 214.74 66.47 213.46 ship 0 0.998595 votes=1
161.26 191.43 225.71 192.80 225.24 215.02 160.79 213.66 ship 0 0.998231 votes=1
74.95 87.13 138.54 86.59 138.76 111.88 75.16 112.42 ship 0 0.998194 votes=1
666.36 186.89 712.51 187.28 712.33 208.58 666.18 208.19 ship 0 0.998052 votes=1
661.62 214.46 711.89 212.02 712.96 234.10 662.70 236.53 ship 0 0.997339 votes=1
163.30 259.44 224.14 263.00 222.79 286.14 161.94 282.57 ship 0 0.997198 votes=1
342.60 60.74 381.94 60.43 382.06 76.10 342.72 76.41 ship 0 0.995862 votes=1
700.15 20.64 706.49 251.53 589.29 254.75 582.96 23.86 harbor 0 0.983917 votes=1
468.93 27.31 471.27 262.10 322.80 263.58 320.46 28.80 harbor 0 0.979699 votes=1
62.21 262.77 62.67 9.48 222.56 9.76 222.11 263.05 harbor 0 0.978753 votes=1
