216.45 146.88 218.70 64.61 243.29 65.29 241.04 147.55 ship 0 0.999514 votes=1
426.64 264.93 427.49 325.30 407.45 325.59 406.60 265.21 ship 0 0.999491 votes=1
470.27 234.28 473.19 155.30 496.94 156.17 494.03 235.15 ship 0 0.999392 votes=1
151.77 183.21 152.37 263.39 127.01 263.57 126.42 183.40 ship 0 0.999387 votes=1
460.46 269.53 460.57 330.96 439.69 330.99 439.58 269.57 ship 0 0.999347 votes=1
208.08 85.43 209.17 148.91 188.94 149.26 187.85 85.77 ship 0 0.999331 votes=1
268.23 78.22 269.01 147.68 246.85 147.93 246.07 78.46 ship 0 0.999303 votes=1
375.41 238.00 376.40 134.38 405.41 134.66 404.42 238.28 ship 0 0.999284 votes=1
302.48 239.28 304.85 346.84 277.11 347.45 274.73 239.89 ship 0 0.999219 votes=1
437.83 237.77 440.35 147.06 466.19 147.78 463.67 238.49 ship 0 0.999188 votes=1
559.76 235.84 560.60 140.68 589.52 140.93 588.68 236.09 ship 0 0.999185 votes=1
345.77 235.94 346.57 156.89 371.41 157.14 370.60 236.20 ship 0 0.999135 votes=1
164.27 153.10 166.42 85.76 186.30 86.39 184.15 153.73 ship 0 0.999116 votes=1
266.10 166.55 266.34 279.84 234.78 279.90 234.54 166.62 ship 0 0.999076 votes=1
134.78 152.42 135.31 89.53 156.05 89.70 155.52 152.60 ship 0 0.999035 votes=1
336.35 239.39 336.45 346.37 307.36 346.40 307.25 239.42 ship 0 0.999022 votes=1
616.68 147.61 617.15 201.08 598.97 201.24 598.51 147.76 ship 0 0.998958 votes=1
498.92 256.64 499.75 347.98 469.87 348.26 469.04 256.91 ship 0 0.998905 votes=1
371.97 354.78 372.73 262.15 399.10 262.36 398.34 355.00 ship 0 0.998888 votes=1
338.31 115.40 338.73 209.12 313.52 209.23 313.10 115.52 ship 0 0.998873 votes=1
588.25 44.81 629.12 46.62 628.46 61.63 587.58 59.82 ship 0 0.998798 votes=1
555.78 261.43 557.20 343.41 533.99 343.81 532.57 261.83 ship 0 0.998055 votes=1
266.36 289.52 266.37 332.40 250.83 332.40 250.82 289.52 ship 0 0.998010 votes=1
85.37 409.64 131.48 409.44 131.54 422.96 85.42 423.15 ship 0 0.992429 votes=1
633.83 206.11 656.66 277.12 619.45 289.08 596.63 218.07 ship 0 0.989664 votes=1
26.50 400.74 63.62 399.33 64.20 414.50 27.08 415.91 ship 0 0.982582 votes=1
114.32 102.93 617.90 137.39 603.00 355.12 99.42 320.66 harbor 0 0.976258 votes=1
-9.57 396.56 132.26 395.42 132.49 423.88 -9.34 425.02 harbor 0 0.637294 votes=1
