440.67 346.27 447.17 199.00 578.55 204.79 572.05 352.06 airplane 0 0.999375 votes=1
220.31 301.19 307.78 289.30 319.47 375.23 232.00 387.13 airplane 0 0.999283 votes=1
310.21 211.43 373.94 121.99 451.93 177.56 388.20 267.00 airplane 0 0.999279 votes=1
601.83 714.45 645.64 753.52 618.98 783.41 575.17 744.34 airplane 0 0.999086 votes=1
503.31 621.02 548.00 661.44 520.65 691.67 475.96 651.25 airplane 0 0.998969 votes=1
554.80 668.43 599.30 707.92 572.52 738.09 528.03 698.61 airplane 0 0.998968 votes=1
357.76 489.63 397.69 533.08 366.50 561.74 326.57 518.28 airplane 0 0.998662 votes=1
292.79 446.93 343.35 471.03 322.51 514.75 271.95 490.64 airplane 0 0.998062 votes=1
534.76 611.42 560.04 631.20 552.85 640.39 527.57 620.61 vehicle 0 0.995207 votes=1
707.51 736.37 729.00 755.29 721.64 763.65 700.15 744.73 vehicle 0 0.993919 votes=1
585.77 660.55 607.95 676.35 602.08 684.59 579.90 668.79 vehicle 0 0.982828 votes=1
497.29 576.90 525.55 600.36 517.99 609.46 489.74 586.00 vehicle 0 0.938331 votes=1
465.80 551.84 492.05 575.83 484.88 583.67 458.63 559.68 vehicle 0 0.937595 votes=1
475.72 437.29 538.01 423.47 549.63 475.88 487.34 489.70 airplane 0 0.927037 votes=1
