379.05 31.90 481.80 32.56 481.21 124.86 378.46 124.20 storagetank 0 0.999191 votes=1
404.99 312.91 405.42 386.32 332.90 386.74 332.47 313.32 storagetank 0 0.998980 votes=1
227.20 466.19 309.89 469.89 306.69 541.52 224.00 537.82 storagetank 0 0.998739 votes=1
344.09 143.16 471.06 147.54 467.20 259.45 340.23 255.07 storagetank 0 0.998616 votes=1
327.58 536.81 448.38 534.01 450.88 641.55 330.07 644.36 storagetank 0 0.998198 votes=1
318.91 405.75 436.10 404.58 437.21 515.46 320.02 516.63 storagetank 0 0.998118 votes=1
198.16 559.46 320.06 557.36 321.90 664.32 200.01 666.42 storagetank 0 0.997997 votes=1
206.44 335.37 325.81 337.31 323.99 449.50 204.62 447.57 storagetank 0 0.997809 votes=1
359.71 280.44 359.94 265.18 373.98 265.39 373.75 280.66 storagetank 0 0.965217 votes=1
343.89 279.50 344.00 263.69 358.19 263.79 358.09 279.59 storagetank 0 0.956358 votes=1
376.17 282.12 376.24 267.70 390.11 267.78 390.03 282.20 storagetank 0 0.936193 votes=1
