379.62 581.57 563.11 220.33 760.65 320.67 577.16 681.91 Expressway-Service-area 0 0.997715 votes=1
75.40 449.00 260.08 77.51 459.82 176.80 275.14 548.30 Expressway-Service-area 0 0.996458 votes=1
337.86 342.26 348.18 322.00 353.22 324.57 342.91 344.83 vehicle 0 0.994951 votes=1
513.67 349.38 525.57 324.72 531.78 327.72 519.88 352.38 vehicle 0 0.993635 votes=1
345.67 264.49 356.99 240.93 362.56 243.60 351.23 267.16 vehicle 0 0.992433 votes=1
451.22 530.36 474.40 486.29 479.56 489.00 456.38 533.07 vehicle 0 0.991202 votes=1
311.68 347.67 322.73 325.18 329.27 328.39 318.22 350.89 vehicle 0 0.991105 votes=1
499.09 496.69 509.20 473.82 514.49 476.15 504.37 499.02 vehicle 0 0.989321 votes=1
321.17 282.73 334.71 252.88 340.66 255.58 327.11 285.42 vehicle 0 0.988695 votes=1
363.15 302.41 376.96 274.89 383.37 278.10 369.56 305.63 vehicle 0 0.987069 votes=1
474.80 469.57 498.54 420.26 504.25 423.00 480.51 472.32 vehicle 0 0.985291 votes=1
313.20 233.76 321.14 216.33 326.96 218.99 319.03 236.41 vehicle 0 0.982949 votes=1
474.78 529.17 487.22 509.22 493.06 512.85 480.61 532.81 vehicle 0 0.975694 votes=1
515.42 397.99 526.51 373.32 532.40 375.97 521.32 400.64 vehicle 0 0.958123 votes=1
506.90 238.52 515.72 216.65 519.74 218.27 510.92 240.14 vehicle 0 0.943711 votes=1
531.31 374.04 543.99 352.21 549.75 355.55 537.06 377.38 vehicle 0 0.942773 votes=1
513.09 451.63 525.54 422.56 532.44 425.51 519.99 454.58 vehicle 0 0.916815 votes=1
527.68 471.09 535.26 457.14 540.23 459.84 532.65 473.79 vehicle 0 0.915902 votes=1
597.31 367.84 613.55 390.54 609.76 393.26 593.51 370.56 vehicle 0 0.655765 votes=1
