518.06 421.79 548.95 484.95 532.89 492.81 501.99 429.64 ship 0 0.999182 votes=1
41.17 519.46 79.30 521.35 78.64 534.64 40.51 532.75 ship 0 0.998904 votes=1
225.82 453.35 245.32 497.32 230.88 503.72 211.38 459.75 ship 0 0.998735 votes=1
368.35 317.89 390.13 363.12 376.05 369.90 354.28 324.67 ship 0 0.998638 votes=1
335.73 566.56 351.67 596.79 340.88 602.47 324.94 572.25 ship 0 0.998334 votes=1
293.10 590.20 307.98 619.50 297.08 625.04 282.20 595.74 ship 0 0.998141 votes=1
359.10 506.55 371.91 537.13 360.17 542.05 347.36 511.46 ship 0 0.998088 votes=1
373.28 378.45 388.67 408.45 377.77 414.04 362.38 384.03 ship 0 0.998085 votes=1
471.02 496.49 485.60 529.03 472.02 535.11 457.44 502.57 ship 0 0.998081 votes=1
297.44 353.46 318.11 393.48 304.60 400.46 283.93 360.43 ship 0 0.998054 votes=1
464.28 449.69 480.56 481.70 469.50 487.32 453.22 455.32 ship 0 0.998034 votes=1
141.79 454.35 155.14 480.39 146.01 485.07 132.66 459.03 ship 0 0.998029 votes=1
393.38 365.95 415.88 410.88 401.50 418.08 379.00 373.16 ship 0 0.997998 votes=1
416.95 474.56 432.43 503.67 422.01 509.20 406.54 480.09 ship 0 0.997987 votes=1
394.36 535.14 409.86 564.00 400.24 569.16 384.75 540.31 ship 0 0.997952 votes=1
245.66 380.20 266.99 421.47 254.79 427.78 233.45 386.51 ship 0 0.997940 votes=1
138.19 281.82 153.26 312.76 142.69 317.91 127.62 286.97 ship 0 0.997926 votes=1
376.04 500.00 390.19 527.61 379.83 532.92 365.68 505.31 ship 0 0.997912 votes=1
257.49 442.57 271.77 471.68 261.36 476.78 247.08 447.67 ship 0 0.997873 votes=1
308.16 579.40 324.97 612.13 313.18 618.19 296.37 585.45 ship 0 0.997834 votes=1
255.94 214.73 272.31 250.74 261.62 255.60 245.24 219.60 ship 0 0.997830 votes=1
171.87 430.67 187.84 463.10 175.42 469.21 159.46 436.78 ship 0 0.997822 votes=1
356.67 384.12 378.49 426.14 363.61 433.87 341.79 391.85 ship 0 0.997801 votes=1
147.93 620.51 161.48 647.50 151.43 652.54 137.88 625.55 ship 0 0.997630 votes=1
232.80 394.62 247.99 429.25 235.83 434.59 220.64 399.96 ship 0 0.997620 votes=1
424.24 519.07 444.30 555.99 432.79 562.24 412.73 525.33 ship 0 0.997608 votes=1
517.37 472.92 536.33 510.74 522.82 517.51 503.86 479.69 ship 0 0.997578 votes=1
408.22 528.55 424.74 559.01 414.11 564.77 397.60 534.31 ship 0 0.997516 votes=1
330.53 339.75 348.39 374.32 334.20 381.65 316.34 347.08 ship 0 0.997506 votes=1
280.57 362.04 300.72 403.96 286.79 410.65 266.65 368.73 ship 0 0.997504 votes=1
200.79 248.97 215.02 277.09 205.30 282.01 191.07 253.89 ship 0 0.997467 votes=1
289.33 423.14 306.41 460.39 293.21 466.44 276.13 429.19 ship 0 0.997397 votes=1
263.25 368.50 283.19 410.55 269.35 417.11 249.41 375.07 ship 0 0.997218 votes=1
278.63 256.39 294.41 292.79 282.32 298.03 266.54 261.64 ship 0 0.997150 votes=1
151.34 279.66 163.39 303.57 154.53 308.04 142.48 284.12 ship 0 0.997139 votes=1
149.32 663.63 163.70 694.20 154.50 698.53 140.11 667.97 ship 0 0.997093 votes=1
125.49 454.79 141.90 484.96 131.63 490.54 115.22 460.37 ship 0 0.996930 votes=1
227.86 236.04 243.97 266.55 233.81 271.91 217.70 241.40 ship 0 0.996863 votes=1
350.93 559.52 363.92 589.67 352.99 594.38 340.00 564.23 ship 0 0.996852 votes=1
200.96 416.02 214.06 447.08 203.09 451.71 189.99 420.65 ship 0 0.996851 votes=1
195.16 297.74 210.82 328.19 201.12 333.18 185.46 302.73 ship 0 0.996567 votes=1
146.74 325.31 163.27 356.74 152.36 362.48 135.83 331.05 ship 0 0.996521 votes=1
247.29 272.98 262.53 302.85 252.35 308.04 237.11 278.18 ship 0 0.996506 votes=1
212.18 239.51 228.97 270.06 219.14 275.46 202.34 244.92 ship 0 0.996440 votes=1
498.59 485.44 511.87 511.91 501.43 517.15 488.16 490.68 ship 0 0.996409 votes=1
131.84 332.18 147.30 362.93 138.03 367.59 122.57 336.84 ship 0 0.996397 votes=1
249.28 609.96 267.28 642.26 256.70 648.16 238.70 615.86 ship 0 0.996317 votes=1
148.06 496.50 165.79 531.24 153.29 537.62 135.56 502.88 ship 0 0.996039 votes=1
176.99 649.03 190.54 674.10 180.69 679.42 167.15 654.35 ship 0 0.996017 votes=1
219.28 623.98 236.93 650.99 228.08 656.77 210.43 629.76 ship 0 0.995992 votes=1
37.17 52.47 42.60 85.20 30.16 87.27 24.72 54.54 ship 0 0.995965 votes=1
181.26 483.23 194.59 509.06 184.97 514.03 171.63 488.19 ship 0 0.995871 votes=1
12.73 10.58 36.50 30.58 29.91 38.42 6.14 18.42 ship 0 0.995732 votes=1
319.67 408.25 331.55 428.72 323.33 433.49 311.45 413.02 ship 0 0.995590 votes=1
223.35 292.07 234.85 312.92 225.98 317.82 214.48 296.97 ship 0 0.995555 votes=1
195.30 595.50 205.98 621.17 196.60 625.07 185.92 599.40 ship 0 0.995386 votes=1
43.97 470.52 79.96 471.44 79.62 484.71 43.64 483.79 ship 0 0.995353 votes=1
147.11 160.57 156.70 183.16 146.93 187.31 137.34 164.72 ship 0 0.994693 votes=1
497.86 434.25 510.94 464.35 499.66 469.25 486.58 439.15 ship 0 0.994641 votes=1
117.19 513.76 132.46 539.42 124.26 544.30 108.99 518.63 ship 0 0.994556 votes=1
176.14 151.52 184.59 175.09 175.62 178.31 167.17 154.73 ship 0 0.994505 votes=1
47.17 579.48 79.21 578.10 79.67 588.79 47.63 590.17 ship 0 0.994461 votes=1
14.08 165.51 69.62 158.85 71.80 177.06 16.27 183.72 ship 0 0.994433 votes=1
166.29 612.70 178.13 637.90 168.09 642.61 156.25 617.41 ship 0 0.994390 votes=1
280.99 547.46 294.99 573.70 285.17 578.94 271.17 552.70 ship 0 0.994380 votes=1
48.86 495.22 84.61 496.13 84.32 507.25 48.57 506.33 ship 0 0.994346 votes=1
184.12 307.57 196.64 330.25 188.13 334.94 175.61 312.27 ship 0 0.994289 votes=1
376.51 546.48 388.93 572.44 379.02 577.18 366.60 551.23 ship 0 0.994282 votes=1
160.12 447.30 171.11 468.72 162.86 472.95 151.87 451.53 ship 0 0.993765 votes=1
86.25 78.48 115.66 79.09 115.44 89.74 86.03 89.12 ship 0 0.993519 votes=1
110.71 177.95 122.64 198.20 115.49 202.40 103.57 182.15 ship 0 0.993516 votes=1
151.55 198.49 164.72 222.78 156.02 227.51 142.84 203.21 ship 0 0.993334 votes=1
102.19 186.15 112.53 204.06 104.13 208.91 93.79 191.00 ship 0 0.993332 votes=1
124.29 171.92 134.02 191.54 125.86 195.58 116.13 175.96 ship 0 0.993235 votes=1
262.15 269.50 275.33 293.89 265.97 298.95 252.79 274.56 ship 0 0.993058 votes=1
163.70 194.92 172.91 214.63 165.71 217.99 156.50 198.28 ship 0 0.992548 votes=1
140.60 204.31 152.21 226.82 143.27 231.43 131.66 208.92 ship 0 0.992209 votes=1
279.90 598.65 289.87 619.78 281.22 623.86 271.26 602.73 ship 0 0.992135 votes=1
165.15 267.67 176.41 294.90 166.35 299.05 155.09 271.82 ship 0 0.990394 votes=1
437.35 513.49 453.56 541.00 442.49 547.52 426.28 520.01 ship 0 0.989548 votes=1
39.01 182.63 69.47 178.65 70.97 190.20 40.52 194.17 ship 0 0.989496 votes=1
159.18 156.72 169.78 179.73 161.50 183.54 150.90 160.54 ship 0 0.989430 votes=1
178.09 268.04 188.68 289.89 179.12 294.53 168.53 272.67 ship 0 0.989169 votes=1
100.35 480.90 112.92 501.90 104.15 507.15 91.58 486.15 ship 0 0.988845 votes=1
138.20 676.66 150.90 700.00 141.62 705.05 128.92 681.71 ship 0 0.988412 votes=1
449.16 463.00 459.84 488.03 449.67 492.36 439.00 467.33 ship 0 0.987976 votes=1
51.10 337.42 78.77 337.41 78.77 346.29 51.10 346.30 ship 0 0.987164 votes=1
114.22 297.20 123.49 315.31 115.66 319.31 106.39 301.20 ship 0 0.984730 votes=1
75.77 97.83 100.30 97.63 100.38 107.80 75.85 108.00 ship 0 0.979396 votes=1
120.78 639.52 127.70 658.72 118.73 661.95 111.81 642.76 ship 0 0.979028 votes=1
36.50 444.44 83.56 444.02 83.68 457.83 36.63 458.24 ship 0 0.975632 votes=1
-4.01 443.41 35.40 443.00 35.55 457.37 -3.86 457.78 ship 0 0.973875 votes=1
70.40 322.40 256.08 221.48 290.38 284.59 104.69 385.51 harbor 0 0.963124 votes=1
48.35 253.29 73.59 251.75 74.19 261.62 48.95 263.16 ship 0 0.962468 votes=1
104.43 316.38 111.85 332.35 104.71 335.66 97.29 319.69 ship 0 0.942612 votes=1
129.28 506.61 139.12 526.18 131.25 530.14 121.41 510.57 ship 0 0.936632 votes=1
71.90 198.39 170.33 152.90 194.48 205.13 96.05 250.63 harbor 0 0.932976 votes=1
66.40 657.08 506.47 424.27 544.77 496.67 104.70 729.48 harbor 0 0.929297 votes=1
75.46 484.95 367.71 320.06 410.74 396.34 118.49 561.23 harbor 0 0.919438 votes=1
56.27 134.42 79.72 134.35 79.74 142.94 56.29 143.01 ship 0 0.912465 votes=1
34.38 196.96 65.35 194.29 66.18 203.96 35.22 206.63 ship 0 0.713682 votes=1
