437.30 384.09 605.32 558.04 549.69 611.78 381.67 437.83 Expressway-toll-station 0 0.998655 votes=1
487.63 319.57 540.87 277.79 551.55 291.40 498.30 333.18 vehicle 0 0.996118 votes=1
600.99 300.89 654.34 250.97 664.81 262.16 611.47 312.09 vehicle 0 0.993898 votes=1
663.18 410.27 703.97 356.14 715.67 364.95 674.87 419.08 vehicle 0 0.993204 votes=1
182.06 744.83 211.57 688.95 227.46 697.34 197.94 753.22 vehicle 0 0.992833 votes=1
567.30 260.08 617.44 219.64 627.07 231.58 576.93 272.02 vehicle 0 0.992266 votes=1
80.94 747.71 158.86 685.73 173.19 703.75 95.27 765.73 vehicle 0 0.976205 votes=1
522.20 385.51 559.46 341.33 571.27 351.29 534.00 395.47 vehicle 0 0.957752 votes=1
157.72 677.35 201.38 626.33 215.99 638.84 172.33 689.85 vehicle 0 0.949783 votes=1
433.68 385.93 456.38 350.07 468.98 358.05 446.28 393.91 vehicle 0 0.845587 votes=1
14.03 708.85 75.17 682.58 89.51 715.94 28.36 742.21 vehicle 0 0.724800 votes=1
