320.17 601.85 408.99 105.00 460.61 114.22 371.79 611.08 bridge 0 0.992653 votes=1
106.11 482.36 121.04 487.31 116.87 499.89 101.94 494.93 harbor 0 0.969614 votes=1
76.21 419.49 79.28 407.74 89.68 410.45 86.61 422.21 harbor 0 0.956244 votes=1
635.08 456.70 688.20 497.48 669.11 522.34 615.99 481.56 harbor 0 0.943492 votes=1
146.52 689.37 147.93 669.93 160.50 670.84 159.08 690.29 harbor 0 0.936696 votes=1
76.80 523.72 79.67 508.92 89.66 510.85 86.79 525.66 harbor 0 0.936391 votes=1
86.71 394.08 87.23 375.89 99.63 376.24 99.12 394.43 harbor 0 0.934530 votes=1
107.28 302.23 127.82 306.57 123.53 326.82 103.00 322.47 harbor 0 0.933949 votes=1
239.98 517.32 244.22 496.97 262.62 500.81 258.38 521.15 harbor 0 0.908939 votes=1
54.77 481.14 57.48 467.96 70.60 470.67 67.89 483.84 harbor 0 0.907226 votes=1
259.43 438.26 279.13 439.31 278.27 455.43 258.58 454.38 harbor 0 0.898514 votes=1
28.79 660.73 30.27 647.35 43.56 648.81 42.08 662.20 harbor 0 0.895358 votes=1
93.91 679.57 94.53 659.55 105.36 659.89 104.75 679.90 harbor 0 0.887899 votes=1
230.13 548.58 246.92 554.73 242.71 566.23 225.92 560.09 harbor 0 0.872266 votes=1
249.65 485.21 254.01 472.90 265.63 477.01 261.27 489.32 harbor 0 0.854438 votes=1
57.45 667.32 59.12 642.36 72.28 643.24 70.61 668.20 harbor 0 0.850806 votes=1
238.67 538.64 242.19 524.65 254.06 527.65 250.54 541.63 harbor 0 0.796131 votes=1
95.90 346.77 109.00 347.91 107.90 360.50 94.81 359.36 harbor 0 0.737333 votes=1
