201.90 439.53 249.37 462.70 241.80 478.21 194.33 455.04 ship 0 0.999263 votes=1
293.45 104.47 337.16 113.30 334.13 128.27 290.42 119.44 ship 0 0.998516 votes=1
131.07 572.50 177.39 595.32 169.73 610.86 123.41 588.04 ship 0 0.998321 votes=1
240.88 368.17 287.73 385.28 281.41 402.58 234.56 385.47 ship 0 0.997351 votes=1
121.99 596.82 160.65 617.28 154.25 629.37 115.60 608.91 ship 0 0.996938 votes=1
204.95 579.46 221.88 543.84 235.79 550.45 218.85 586.08 ship 0 0.996612 votes=1
222.23 422.63 256.20 441.13 249.52 453.40 215.55 434.89 ship 0 0.995997 votes=1
259.20 477.26 276.11 449.76 286.68 456.26 269.77 483.76 ship 0 0.994978 votes=1
150.06 558.15 182.34 571.18 177.46 583.27 145.18 570.24 ship 0 0.994008 votes=1
239.37 351.94 289.76 355.33 288.66 371.68 238.27 368.29 ship 0 0.993956 votes=1
238.77 517.71 255.24 490.42 265.23 496.45 248.77 523.74 ship 0 0.989746 votes=1
346.96 168.43 351.06 138.20 363.89 139.94 359.78 170.17 ship 0 0.986329 votes=1
325.75 271.32 328.88 242.04 343.68 243.62 340.56 272.90 ship 0 0.915676 votes=1
233.55 508.36 243.26 491.00 249.25 494.35 239.55 511.71 ship 0 0.711969 votes=1
118.01 606.58 280.69 308.35 351.38 346.91 188.69 645.14 harbor 0 0.683075 votes=1
342.31 135.57 347.31 105.45 358.66 107.34 353.66 137.45 ship 0 0.675023 votes=1
