331.67 126.46 417.28 121.35 418.57 143.00 332.96 148.11 ship 0 0.999297 votes=1
261.62 129.94 326.48 129.48 326.62 148.85 261.76 149.31 ship 0 0.999161 votes=1
274.65 165.68 354.68 160.41 356.09 181.90 276.06 187.16 ship 0 0.999114 votes=1
138.43 256.10 181.78 249.83 183.79 263.76 140.45 270.04 ship 0 0.999085 votes=1
431.99 188.04 513.86 185.36 514.57 206.97 432.70 209.66 ship 0 0.998977 votes=1
299.54 244.00 342.33 242.03 343.02 256.93 300.22 258.90 ship 0 0.998937 votes=1
429.63 295.18 481.53 293.15 482.11 308.24 430.22 310.26 ship 0 0.998842 votes=1
458.31 216.19 513.33 215.65 513.47 229.87 458.45 230.42 ship 0 0.998393 votes=1
470.64 124.86 518.70 123.89 518.99 138.40 470.93 139.37 ship 0 0.998370 votes=1
179.48 277.04 223.66 276.04 223.99 290.98 179.82 291.98 ship 0 0.998362 votes=1
250.08 243.52 298.29 242.22 298.76 259.44 250.54 260.73 ship 0 0.998334 votes=1
333.19 268.12 377.92 266.64 378.42 281.59 333.69 283.07 ship 0 0.998286 votes=1
457.55 232.24 518.37 230.42 518.87 247.37 458.06 249.19 ship 0 0.998088 votes=1
483.43 291.70 529.71 289.69 530.38 305.13 484.10 307.15 ship 0 0.997959 votes=1
235.81 273.54 272.50 272.58 272.83 285.27 236.15 286.23 ship 0 0.997923 votes=1
420.48 238.93 456.12 238.72 456.19 251.67 420.56 251.88 ship 0 0.997789 votes=1
386.70 266.15 423.25 263.95 424.05 277.28 387.50 279.47 ship 0 0.997653 votes=1
354.60 239.53 416.18 236.35 417.04 252.83 355.45 256.01 ship 0 0.997574 votes=1
381.61 191.19 423.68 190.33 423.97 204.68 381.90 205.54 ship 0 0.997375 votes=1
188.22 248.06 245.54 246.24 246.09 263.52 188.77 265.35 ship 0 0.996610 votes=1
374.59 193.65 374.71 164.43 385.94 164.47 385.83 193.69 ship 0 0.996004 votes=1
282.20 271.36 320.56 270.82 320.73 283.51 282.38 284.05 ship 0 0.969313 votes=1
155.14 241.94 537.20 242.46 537.13 298.38 155.07 297.87 harbor 0 0.857423 votes=1
437.58 263.86 513.18 262.90 513.37 278.08 437.77 279.04 ship 0 0.831765 votes=1
544.64 97.23 574.55 637.39 467.68 643.31 437.77 103.14 harbor 0 0.823759 votes=1
276.35 135.13 554.18 132.16 554.85 194.92 277.02 197.89 harbor 0 0.701686 votes=1
