41.34 682.66 133.28 57.54 372.70 92.76 280.77 717.87 Expressway-Service-area 0 0.998353 votes=1
357.33 718.26 470.43 115.69 764.98 170.97 651.88 773.55 Expressway-Service-area 0 0.998117 votes=1
514.11 342.96 520.24 299.69 529.02 300.93 522.89 344.21 vehicle 0 0.994910 votes=1
286.33 379.60 293.25 348.23 300.08 349.73 293.16 381.11 vehicle 0 0.992581 votes=1
247.15 532.90 250.25 497.65 257.43 498.28 254.34 533.54 vehicle 0 0.989528 votes=1
274.13 472.32 277.64 438.10 285.87 438.94 282.36 473.16 vehicle 0 0.988954 votes=1
238.64 272.32 242.20 247.58 248.97 248.56 245.41 273.29 vehicle 0 0.988765 votes=1
195.87 476.06 199.67 449.98 207.19 451.07 203.38 477.16 vehicle 0 0.987810 votes=1
273.99 218.63 278.18 186.55 286.01 187.57 281.83 219.65 vehicle 0 0.984398 votes=1
212.66 251.76 219.27 218.89 226.34 220.31 219.73 253.19 vehicle 0 0.978428 votes=1
445.34 318.60 448.91 286.92 457.27 287.86 453.70 319.54 vehicle 0 0.969482 votes=1
250.20 375.82 254.49 351.34 260.64 352.42 256.35 376.90 vehicle 0 0.967284 votes=1
252.63 292.52 255.60 261.82 262.28 262.47 259.31 293.17 vehicle 0 0.966572 votes=1
271.53 655.37 284.87 674.60 280.01 677.97 266.67 658.74 vehicle 0 0.961645 votes=1
232.42 431.51 232.83 403.93 240.57 404.04 240.17 431.63 vehicle 0 0.959512 votes=1
587.18 374.86 589.52 341.89 597.23 342.43 594.90 375.40 vehicle 0 0.958840 votes=1
261.56 436.00 265.40 398.44 275.67 399.49 271.83 437.05 vehicle 0 0.958080 votes=1
299.31 304.12 303.60 274.90 309.67 275.79 305.38 305.01 vehicle 0 0.957578 votes=1
328.91 578.86 334.28 542.66 341.34 543.71 335.97 579.91 vehicle 0 0.954289 votes=1
255.52 335.90 258.98 309.49 265.20 310.30 261.74 336.71 vehicle 0 0.934747 votes=1
288.46 258.37 289.61 236.91 296.70 237.29 295.55 258.75 vehicle 0 0.908416 votes=1
343.41 398.28 399.46 407.57 398.51 413.29 342.46 403.99 overpass 0 0.752160 votes=1
308.68 246.93 313.23 209.14 319.92 209.95 315.37 247.73 vehicle 0 0.741289 votes=1
