761.43 479.48 763.40 451.25 774.73 452.04 772.75 480.27 vehicle 0 0.999315 votes=1
779.90 222.66 780.36 252.33 767.31 252.53 766.85 222.86 vehicle 0 0.999192 votes=1
42.92 554.04 44.05 411.01 110.92 411.54 109.78 554.57 tenniscourt 0 0.999031 votes=1
215.13 555.26 216.63 411.99 284.59 412.70 283.08 555.97 tenniscourt 0 0.999027 votes=1
128.35 553.71 130.43 411.29 198.20 412.28 196.12 554.70 tenniscourt 0 0.999024 votes=1
302.67 557.49 303.57 412.90 370.00 413.32 369.10 557.91 tenniscourt 0 0.999019 votes=1
545.01 414.41 545.74 555.95 478.13 556.30 477.40 414.76 tenniscourt 0 0.998947 votes=1
389.97 555.62 390.87 413.61 456.91 414.03 456.02 556.04 tenniscourt 0 0.998877 votes=1
758.62 58.85 765.31 84.98 755.21 87.57 748.52 61.44 vehicle 0 0.997491 votes=1
766.66 173.73 766.89 142.67 778.73 142.76 778.50 173.82 vehicle 0 0.996282 votes=1
781.50 356.06 781.83 382.85 770.53 382.99 770.20 356.20 vehicle 0 0.984025 votes=1
754.29 719.29 787.25 732.51 782.50 744.34 749.54 731.13 vehicle 0 0.826573 votes=1
