301.74 473.44 389.24 474.61 388.17 554.11 300.67 552.94 storagetank 0 0.998975 votes=1
152.97 474.48 236.69 473.97 237.19 555.81 153.47 556.32 storagetank 0 0.998606 votes=1
167.46 132.67 296.29 136.99 292.26 256.97 163.43 252.64 storagetank 0 0.998310 votes=1
411.74 132.16 539.24 135.08 536.48 255.38 408.99 252.46 storagetank 0 0.997275 votes=1
67.31 126.72 94.16 127.20 93.68 153.84 66.84 153.35 storagetank 0 0.992002 votes=1
22.26 125.86 52.64 126.11 52.43 152.87 22.04 152.62 storagetank 0 0.986453 votes=1
65.88 169.64 92.26 169.88 92.03 195.87 65.65 195.63 storagetank 0 0.984500 votes=1
64.27 213.29 91.72 213.63 91.40 239.75 63.94 239.40 storagetank 0 0.979699 votes=1
69.31 82.57 97.47 82.23 97.80 110.02 69.65 110.36 storagetank 0 0.972414 votes=1
27.96 79.16 55.17 79.51 54.81 106.66 27.61 106.30 storagetank 0 0.968320 votes=1
