442.06 470.29 545.12 520.82 538.04 535.26 434.98 484.73 ship 0 0.995791 votes=1
57.99 332.91 171.64 422.04 128.33 477.28 14.67 388.14 trainstation 0 0.977337 votes=1
634.02 18.64 660.22 38.83 650.89 50.93 624.70 30.73 bridge 0 0.970109 votes=1
319.08 128.89 335.59 133.87 332.41 144.42 315.90 139.44 bridge 0 0.968569 votes=1
235.64 697.52 252.99 684.15 258.16 690.85 240.81 704.23 harbor 0 0.966629 votes=1
141.43 543.47 163.18 516.25 171.86 523.18 150.11 550.40 bridge 0 0.960222 votes=1
33.18 493.59 44.01 509.21 34.52 515.79 23.69 500.18 bridge 0 0.942788 votes=1
506.89 132.23 515.75 148.91 507.68 153.20 498.82 136.51 bridge 0 0.941849 votes=1
650.60 591.75 687.47 513.91 696.33 518.10 659.45 595.95 bridge 0 0.927917 votes=1
310.76 688.74 346.05 722.96 338.11 731.16 302.82 696.94 harbor 0 0.910674 votes=1
241.38 712.62 251.82 727.53 242.05 734.37 231.62 719.45 bridge 0 0.906940 votes=1
608.66 687.83 618.81 661.14 624.35 663.25 614.20 689.93 bridge 0 0.892233 votes=1
347.54 517.13 367.83 524.15 363.96 535.33 343.68 528.32 bridge 0 0.881623 votes=1
34.90 468.08 51.65 456.14 58.43 465.65 41.68 477.59 bridge 0 0.849778 votes=1
303.97 694.38 340.18 733.80 332.48 740.87 296.27 701.45 harbor 0 0.849054 votes=1
130.09 519.70 140.45 541.50 131.15 545.92 120.80 524.11 bridge 0 0.848383 votes=1
9.18 421.58 21.59 407.46 29.76 414.63 17.35 428.76 bridge 0 0.837703 votes=1
115.06 507.35 122.52 494.89 133.94 501.73 126.48 514.19 bridge 0 0.788080 votes=1
224.86 672.89 245.96 656.92 251.86 664.72 230.76 680.69 harbor 0 0.785446 votes=1
180.81 625.55 197.13 605.72 201.34 609.19 185.02 629.02 harbor 0 0.761898 votes=1
257.48 443.56 292.57 462.21 288.16 470.52 253.06 451.87 ship 0 0.754477 votes=1
315.22 682.83 351.23 713.01 346.44 718.73 310.42 688.56 harbor 0 0.737177 votes=1
190.77 643.12 208.21 625.95 214.23 632.07 196.79 649.24 harbor 0 0.724367 votes=1
210.05 657.48 231.64 647.59 236.23 657.60 214.63 667.49 harbor 0 0.715160 votes=1
228.77 688.76 244.32 669.44 250.59 674.49 235.05 693.81 harbor 0 0.712402 votes=1
661.23 467.42 694.01 467.22 694.07 478.38 661.30 478.58 ship 0 0.707540 votes=1
290.59 707.65 329.22 744.33 319.64 754.42 281.01 717.75 harbor 0 0.695542 votes=1
340.65 548.83 368.30 549.21 368.09 564.63 340.44 564.25 bridge 0 0.678059 votes=1
237.66 446.75 352.52 473.78 347.41 495.47 232.56 468.44 harbor 0 0.647354 votes=1
289.54 745.39 359.93 648.54 394.75 673.85 324.36 770.70 harbor 0 0.635227 votes=1
664.89 37.50 697.26 59.01 686.17 75.69 653.80 54.18 bridge 0 0.627063 votes=1
409.55 482.52 538.18 534.48 525.03 567.04 396.40 515.08 ship 0 0.607043 votes=1
