218.75 506.22 301.52 509.65 300.53 533.68 217.75 530.25 ship 0 0.999137 votes=1
439.71 627.21 510.97 627.26 510.95 649.79 439.69 649.74 ship 0 0.999035 votes=1
360.18 275.35 405.86 274.55 406.14 290.83 360.47 291.62 ship 0 0.998941 votes=1
443.97 552.10 502.93 552.71 502.73 572.70 443.77 572.09 ship 0 0.998938 votes=1
210.38 331.68 265.78 332.90 265.36 351.65 209.97 350.42 ship 0 0.998758 votes=1
213.94 430.55 265.79 433.25 264.95 449.31 213.10 446.61 ship 0 0.998756 votes=1
362.95 488.32 404.09 488.19 404.14 503.82 363.00 503.95 ship 0 0.998700 votes=1
362.23 296.49 406.98 296.14 407.11 313.62 362.37 313.97 ship 0 0.998691 votes=1
440.83 579.32 509.38 577.01 510.10 598.42 441.55 600.72 ship 0 0.998648 votes=1
362.73 320.36 405.70 319.99 405.82 334.17 362.85 334.54 ship 0 0.998602 votes=1
210.69 309.69 265.98 307.69 266.63 325.75 211.35 327.75 ship 0 0.998549 votes=1
282.57 298.35 324.66 298.38 324.65 312.81 282.56 312.78 ship 0 0.998505 votes=1
201.14 479.32 265.78 479.74 265.64 501.25 201.00 500.83 ship 0 0.998398 votes=1
357.28 424.54 404.43 423.86 404.67 440.91 357.53 441.59 ship 0 0.998362 votes=1
213.50 381.70 266.05 380.22 266.54 397.64 214.00 399.13 ship 0 0.998302 votes=1
374.42 257.48 405.51 257.34 405.56 268.26 374.47 268.40 ship 0 0.998272 votes=1
221.06 214.95 269.20 214.22 269.44 230.16 221.30 230.88 ship 0 0.998204 votes=1
280.74 424.57 324.28 424.28 324.40 441.36 280.85 441.66 ship 0 0.998164 votes=1
225.88 263.81 267.72 262.74 268.06 276.13 226.22 277.20 ship 0 0.998077 votes=1
198.47 450.46 266.31 451.69 265.90 474.19 198.06 472.96 ship 0 0.997995 votes=1
453.45 484.81 495.25 484.53 495.35 498.77 453.54 499.05 ship 0 0.997921 votes=1
443.38 524.80 504.97 524.76 504.98 545.55 443.40 545.59 ship 0 0.997921 votes=1
285.63 234.56 336.11 234.63 336.09 248.59 285.61 248.52 ship 0 0.997819 votes=1
287.49 254.51 324.14 255.29 323.86 268.63 287.21 267.85 ship 0 0.997786 votes=1
465.19 299.18 500.29 299.93 500.03 312.05 464.93 311.31 ship 0 0.997548 votes=1
454.57 378.24 499.66 379.77 499.10 396.58 454.00 395.05 ship 0 0.997396 votes=1
462.77 235.38 501.41 235.31 501.43 249.10 462.79 249.17 ship 0 0.997349 votes=1
161.10 117.70 161.55 171.07 144.06 171.21 143.61 117.85 ship 0 0.997289 votes=1
282.06 445.52 324.38 445.67 324.33 461.03 282.01 460.88 ship 0 0.997121 votes=1
368.32 382.44 405.45 382.29 405.51 397.62 368.39 397.77 ship 0 0.997077 votes=1
142.28 337.19 145.65 288.11 160.67 289.14 157.30 338.22 ship 0 0.997044 votes=1
162.63 174.39 163.01 225.44 145.23 225.57 144.85 174.53 ship 0 0.997036 votes=1
465.49 257.52 502.35 257.64 502.30 270.46 465.45 270.34 ship 0 0.996978 votes=1
458.09 423.18 497.38 422.80 497.52 437.26 458.23 437.65 ship 0 0.996843 votes=1
681.52 597.43 692.81 620.48 682.99 625.29 671.70 602.24 vehicle 0 0.996748 votes=1
455.85 354.74 502.40 359.85 500.66 375.74 454.11 370.64 ship 0 0.996696 votes=1
282.44 338.77 330.23 339.50 329.97 356.55 282.18 355.81 ship 0 0.996654 votes=1
454.65 504.62 500.88 504.39 500.96 521.03 454.73 521.25 ship 0 0.996509 votes=1
462.67 277.77 501.35 277.51 501.44 291.14 462.76 291.40 ship 0 0.996457 votes=1
281.91 316.64 328.68 318.87 327.87 335.80 281.10 333.57 ship 0 0.996353 votes=1
362.54 467.52 405.19 465.98 405.75 481.39 363.09 482.93 ship 0 0.996049 votes=1
280.59 404.63 321.23 405.37 320.98 419.11 280.34 418.37 ship 0 0.994701 votes=1
142.98 283.35 143.18 226.72 166.97 226.81 166.76 283.44 ship 0 0.993648 votes=1
470.29 463.21 499.36 462.65 499.61 475.72 470.54 476.28 ship 0 0.993491 votes=1
213.11 190.61 256.50 189.28 257.03 206.57 213.65 207.91 ship 0 0.993141 votes=1
455.29 338.82 496.74 338.34 496.91 352.97 455.46 353.46 ship 0 0.993040 votes=1
451.96 399.76 498.20 398.75 498.55 414.77 452.31 415.77 ship 0 0.991119 votes=1
161.17 410.98 162.12 467.45 142.54 467.78 141.59 411.31 ship 0 0.989433 votes=1
217.66 121.01 249.50 120.81 249.58 133.98 217.74 134.17 ship 0 0.986864 votes=1
770.63 46.51 792.71 45.94 792.92 53.94 770.83 54.50 vehicle 0 0.977440 votes=1
707.25 534.84 710.21 555.85 700.40 557.23 697.44 536.22 vehicle 0 0.971508 votes=1
615.02 148.11 630.18 163.49 624.06 169.52 608.90 154.14 vehicle 0 0.969924 votes=1
419.25 40.48 433.48 25.82 440.26 32.39 426.03 47.06 vehicle 0 0.960315 votes=1
216.58 137.49 250.97 138.66 250.37 156.10 215.99 154.94 ship 0 0.959751 votes=1
715.31 287.86 717.51 306.92 708.04 308.02 705.84 288.95 vehicle 0 0.950780 votes=1
217.08 508.25 220.46 207.12 322.80 208.27 319.43 509.40 harbor 0 0.948471 votes=1
366.98 524.92 370.81 230.10 419.08 230.73 415.25 525.55 harbor 0 0.931558 votes=1
538.33 388.25 566.95 305.70 588.79 313.28 560.17 395.82 vehicle 0 0.898883 votes=1
694.33 779.54 697.38 763.44 706.85 765.23 703.80 781.34 vehicle 0 0.857234 votes=1
720.98 22.20 735.60 31.03 731.13 38.43 716.51 29.61 vehicle 0 0.832931 votes=1
429.24 50.66 440.70 37.32 447.28 42.98 435.82 56.31 vehicle 0 0.830273 votes=1
228.31 171.41 249.33 174.54 247.85 184.42 226.84 181.29 ship 0 0.776074 votes=1
561.99 227.48 817.46 179.34 841.07 304.62 585.59 352.76 overpass 0 0.693912 votes=1
82.28 449.27 91.36 101.42 160.63 103.23 151.55 451.08 harbor 0 0.659414 votes=1
511.16 219.87 514.50 673.12 458.61 673.53 455.27 220.28 harbor 0 0.656973 votes=1
