758.01 627.90 781.39 628.73 781.01 639.33 757.63 638.50 vehicle 0 0.998793 votes=1
223.66 63.71 224.79 39.65 234.45 40.10 233.33 64.16 vehicle 0 0.997840 votes=1
544.22 68.80 552.58 47.32 562.34 51.12 553.98 72.60 vehicle 0 0.997468 votes=1
433.32 265.43 463.20 265.80 463.06 276.56 433.18 276.19 vehicle 0 0.996752 votes=1
751.84 654.02 777.37 654.49 777.19 664.26 751.66 663.79 vehicle 0 0.996354 votes=1
238.06 63.42 238.09 39.06 247.80 39.07 247.77 63.43 vehicle 0 0.995077 votes=1
291.84 399.92 333.59 401.03 333.26 413.31 291.52 412.19 vehicle 0 0.993221 votes=1
43.96 409.58 70.33 411.77 69.62 420.35 43.25 418.17 vehicle 0 0.991187 votes=1
48.31 0.42 73.44 0.42 73.44 9.60 48.31 9.60 vehicle 0 0.985031 votes=1
182.20 257.05 205.14 256.96 205.18 266.20 182.24 266.29 vehicle 0 0.980996 votes=1
436.99 116.95 463.61 117.65 463.35 127.86 436.72 127.16 vehicle 0 0.978100 votes=1
675.06 759.22 703.27 760.47 702.77 771.69 674.56 770.44 vehicle 0 0.974893 votes=1
455.80 340.88 661.08 344.66 659.17 448.37 453.89 444.60 bridge 0 0.959717 votes=1
716.69 640.54 744.23 641.44 743.93 650.75 716.38 649.86 vehicle 0 0.959422 votes=1
678.59 775.47 701.89 775.47 701.89 784.83 678.59 784.83 vehicle 0 0.956711 votes=1
129.93 475.14 130.12 452.96 140.03 453.04 139.85 475.22 vehicle 0 0.956005 votes=1
88.12 526.83 88.17 546.45 79.19 546.47 79.14 526.85 vehicle 0 0.955710 votes=1
657.13 677.22 680.06 676.79 680.24 686.27 657.31 686.70 vehicle 0 0.950822 votes=1
380.04 143.14 400.20 147.03 398.42 156.22 378.27 152.34 vehicle 0 0.947998 votes=1
94.17 548.71 94.55 527.19 103.47 527.34 103.09 548.87 vehicle 0 0.943444 votes=1
66.22 546.85 66.32 527.15 74.69 527.19 74.59 546.89 vehicle 0 0.934589 votes=1
776.84 776.82 797.12 776.68 797.19 786.65 776.91 786.79 vehicle 0 0.921953 votes=1
185.88 110.13 207.96 111.14 207.59 119.16 185.51 118.15 vehicle 0 0.920353 votes=1
484.45 308.13 676.93 315.94 676.38 329.40 483.90 321.58 bridge 0 0.914584 votes=1
406.91 457.20 630.09 463.40 629.69 478.07 406.51 471.87 bridge 0 0.892317 votes=1
675.62 789.61 700.29 789.26 700.43 798.84 675.75 799.19 vehicle 0 0.887033 votes=1
747.90 668.09 774.66 669.64 774.12 678.97 747.36 677.43 vehicle 0 0.872094 votes=1
630.72 664.44 632.24 685.28 622.76 685.97 621.24 665.13 vehicle 0 0.822467 votes=1
188.85 474.79 189.33 452.66 198.17 452.85 197.69 474.99 vehicle 0 0.698897 votes=1
