488.23 446.15 507.48 309.34 571.56 318.36 552.31 455.16 tenniscourt 0 0.999043 votes=1
135.42 379.74 154.02 242.44 218.64 251.19 200.04 388.50 tenniscourt 0 0.998867 votes=1
217.58 390.58 236.59 253.36 301.69 262.38 282.68 399.60 tenniscourt 0 0.998743 votes=1
406.39 434.58 425.71 297.56 489.53 306.56 470.22 443.57 tenniscourt 0 0.998734 votes=1
323.47 423.02 341.97 286.74 407.47 295.63 388.97 431.91 tenniscourt 0 0.998560 votes=1
571.18 457.18 590.02 320.83 654.93 329.80 636.09 466.15 tenniscourt 0 0.998526 votes=1
285.68 781.58 289.26 758.59 300.05 760.27 296.48 783.26 vehicle 0 0.998467 votes=1
723.53 562.93 748.43 563.47 748.22 573.34 723.32 572.81 vehicle 0 0.998256 votes=1
275.12 502.18 307.51 506.98 305.55 520.16 273.17 515.36 vehicle 0 0.991296 votes=1
1.33 605.47 32.73 610.74 30.69 622.90 -0.71 617.64 vehicle 0 0.982296 votes=1
