408.13 132.32 411.34 53.03 437.47 54.09 434.26 133.38 ship 0 0.999449 votes=1
729.36 138.83 738.00 76.44 761.41 79.68 752.77 142.07 ship 0 0.999434 votes=1
296.22 225.69 297.21 151.82 319.30 152.11 318.30 225.98 ship 0 0.999361 votes=1
562.09 208.78 563.61 153.48 580.32 153.94 578.80 209.24 ship 0 0.999308 votes=1
537.24 133.98 539.84 67.78 562.16 68.65 559.57 134.85 ship 0 0.999296 votes=1
271.48 82.08 272.66 116.57 256.61 117.12 255.42 82.64 vehicle 0 0.999270 votes=1
726.09 68.39 726.32 138.16 701.72 138.24 701.49 68.47 ship 0 0.999263 votes=1
189.15 85.02 189.94 125.91 174.75 126.21 173.96 85.31 vehicle 0 0.999234 votes=1
726.11 227.84 730.22 161.71 751.31 163.02 747.20 229.15 ship 0 0.999224 votes=1
234.85 346.47 291.56 358.18 287.59 377.41 230.88 365.70 ship 0 0.999088 votes=1
211.73 546.01 272.03 552.72 269.72 573.55 209.41 566.85 ship 0 0.999006 votes=1
661.53 240.13 665.66 153.19 693.00 154.48 688.86 241.43 ship 0 0.999003 votes=1
198.51 216.73 201.67 147.78 224.90 148.84 221.74 217.79 ship 0 0.998944 votes=1
256.26 151.74 257.42 242.68 227.48 243.06 226.32 152.12 ship 0 0.998874 votes=1
521.09 253.80 524.15 152.15 548.71 152.89 545.65 254.54 ship 0 0.998741 votes=1
128.45 94.11 128.95 130.38 114.82 130.58 114.31 94.31 vehicle 0 0.998619 votes=1
361.52 153.24 364.02 250.50 332.50 251.31 330.00 154.05 ship 0 0.998589 votes=1
160.28 242.20 168.66 151.30 197.19 153.93 188.81 244.83 ship 0 0.998157 votes=1
132.02 226.67 134.53 143.96 162.47 144.81 159.96 227.52 ship 0 0.997886 votes=1
159.43 562.92 283.46 572.01 279.23 629.77 155.20 620.68 harbor 0 0.900826 votes=1
44.64 56.64 774.47 71.38 770.87 249.70 41.04 234.97 harbor 0 0.777329 votes=1
