256.36 256.76 329.02 258.30 328.45 285.07 255.79 283.52 ship 0 0.999366 votes=1
233.91 530.49 313.81 538.63 311.02 565.97 231.13 557.82 ship 0 0.999314 votes=1
289.28 48.07 404.78 59.73 401.29 94.33 285.79 82.67 ship 0 0.999201 votes=1
283.44 200.61 341.99 201.87 341.60 219.96 283.05 218.70 ship 0 0.998933 votes=1
82.65 89.41 165.63 90.72 165.18 119.01 82.20 117.70 ship 0 0.998889 votes=1
79.32 197.19 135.11 203.38 133.17 220.90 77.38 214.71 ship 0 0.998872 votes=1
280.47 133.16 350.15 136.85 348.76 163.01 279.08 159.31 ship 0 0.998581 votes=1
60.08 471.32 124.23 475.35 122.96 495.65 58.80 491.62 ship 0 0.998342 votes=1
433.19 469.97 436.73 390.89 465.54 392.17 462.00 471.26 ship 0 0.998308 votes=1
70.29 297.55 135.91 300.35 134.98 322.13 69.36 319.33 ship 0 0.998212 votes=1
80.23 229.34 142.69 230.96 142.12 253.11 79.66 251.50 ship 0 0.998199 votes=1
284.20 168.02 337.40 171.02 336.32 190.15 283.12 187.15 ship 0 0.998172 votes=1
278.44 298.13 335.31 297.17 335.69 319.46 278.81 320.41 ship 0 0.997995 votes=1
269.77 323.27 332.33 323.98 332.10 343.73 269.54 343.01 ship 0 0.997963 votes=1
250.59 505.48 312.79 509.61 311.43 530.02 249.24 525.89 ship 0 0.997822 votes=1
80.12 159.77 143.52 166.64 141.14 188.64 77.73 181.77 ship 0 0.997683 votes=1
73.59 331.41 131.34 337.28 129.10 359.25 71.35 353.38 ship 0 0.997509 votes=1
66.73 366.20 146.13 374.25 143.45 400.68 64.06 392.63 ship 0 0.997281 votes=1
263.63 411.65 325.42 415.73 324.19 434.34 262.40 430.25 ship 0 0.997178 votes=1
62.15 437.45 123.01 435.49 123.67 456.17 62.82 458.13 ship 0 0.997102 votes=1
282.03 231.43 334.02 233.98 333.08 253.16 281.09 250.61 ship 0 0.996652 votes=1
260.98 471.58 319.59 480.56 316.69 499.49 258.09 490.51 ship 0 0.996552 votes=1
274.65 444.47 314.53 452.37 311.33 468.49 271.46 460.58 ship 0 0.994149 votes=1
627.50 423.54 740.72 433.38 737.83 466.61 624.61 456.76 ship 0 0.990308 votes=1
276.80 355.19 325.39 356.19 324.95 377.44 276.37 376.44 ship 0 0.988555 votes=1
27.80 624.00 54.36 61.95 154.99 66.70 128.43 628.76 harbor 0 0.977211 votes=1
235.12 714.58 282.81 71.03 369.50 77.46 321.80 721.00 harbor 0 0.953169 votes=1
416.14 491.47 423.23 361.81 544.94 368.47 537.85 498.13 harbor 0 0.920106 votes=1
664.01 488.54 667.35 612.94 632.16 613.88 628.82 489.49 ship 0 0.837973 votes=1
