456.33 482.56 456.46 499.87 439.92 500.00 439.78 482.69 baseballfield 0 0.998302 votes=1
429.79 483.18 430.41 500.76 413.46 501.35 412.85 483.77 baseballfield 0 0.997945 votes=1
353.17 496.24 370.59 495.70 371.12 512.84 353.70 513.38 baseballfield 0 0.997603 votes=1
428.07 456.55 428.45 473.84 412.99 474.18 412.61 456.89 baseballfield 0 0.997531 votes=1
455.17 455.74 455.22 472.92 438.91 472.96 438.87 455.79 baseballfield 0 0.997027 votes=1
343.92 492.76 344.51 515.39 322.03 515.97 321.44 493.34 baseballfield 0 0.996533 votes=1
339.25 403.87 339.59 485.70 302.71 485.86 302.37 404.02 groundtrackfield 0 0.996046 votes=1
352.55 484.65 353.23 464.75 372.07 465.39 371.38 485.29 baseballfield 0 0.993936 votes=1
285.86 332.32 305.89 331.90 306.16 344.49 286.12 344.91 bridge 0 0.971534 votes=1
284.19 604.01 303.98 604.27 303.86 613.12 284.07 612.86 bridge 0 0.907955 votes=1
