521.21 651.03 521.22 599.24 545.87 599.25 545.86 651.03 tenniscourt 0 0.999193 votes=1
637.98 650.80 638.31 598.03 664.23 598.19 663.90 650.96 tenniscourt 0 0.999153 votes=1
440.99 739.77 441.47 684.31 466.49 684.53 466.00 739.99 tenniscourt 0 0.999141 votes=1
478.86 650.45 478.92 598.93 504.24 598.96 504.18 650.48 tenniscourt 0 0.999031 votes=1
428.68 687.39 429.49 739.30 402.69 739.72 401.88 687.81 tenniscourt 0 0.998972 votes=1
586.79 596.17 586.83 651.15 559.70 651.18 559.66 596.19 tenniscourt 0 0.998955 votes=1
680.84 689.73 681.66 744.82 654.90 745.22 654.08 690.13 tenniscourt 0 0.998954 votes=1
700.99 598.51 701.87 650.90 678.38 651.29 677.50 598.90 tenniscourt 0 0.998766 votes=1
463.73 596.71 464.88 651.16 439.37 651.69 438.22 597.25 tenniscourt 0 0.998763 votes=1
167.52 183.24 501.58 184.53 500.60 437.36 166.54 436.07 stadium 0 0.998653 votes=1
424.24 600.21 425.59 651.63 400.38 652.29 399.03 600.87 tenniscourt 0 0.998395 votes=1
611.28 681.21 612.96 737.81 586.63 738.60 584.94 681.99 tenniscourt 0 0.998273 votes=1
725.18 548.07 746.39 548.01 746.41 555.20 725.20 555.26 vehicle 0 0.780952 votes=1
