241.82 448.47 408.31 446.63 409.41 546.08 242.92 547.92 basketballcourt 0 0.999319 votes=1
32.06 451.31 199.55 449.17 200.83 548.76 33.33 550.90 basketballcourt 0 0.999287 votes=1
299.86 315.30 457.68 314.02 458.28 388.22 300.47 389.50 tenniscourt 0 0.999215 votes=1
55.79 317.86 214.22 316.41 214.89 389.89 56.46 391.35 tenniscourt 0 0.999185 votes=1
56.30 220.16 214.15 218.39 215.00 293.39 57.14 295.17 tenniscourt 0 0.999115 votes=1
298.82 218.70 455.45 217.22 456.16 292.30 299.53 293.78 tenniscourt 0 0.999044 votes=1
542.84 313.38 701.71 312.12 702.30 386.70 543.43 387.97 tenniscourt 0 0.999040 votes=1
541.75 217.46 699.50 215.88 700.25 290.55 542.49 292.12 tenniscourt 0 0.999034 votes=1
490.86 154.83 508.91 118.26 522.56 124.99 504.51 161.57 vehicle 0 0.998247 votes=1
723.60 673.37 745.28 655.18 754.14 665.74 732.47 683.94 vehicle 0 0.997373 votes=1
659.37 736.60 682.13 715.54 691.14 725.28 668.39 746.34 vehicle 0 0.997351 votes=1
510.53 154.82 527.13 117.40 540.98 123.55 524.38 160.97 vehicle 0 0.993481 votes=1
626.05 696.55 647.75 674.64 658.76 685.54 637.05 707.45 vehicle 0 0.964052 votes=1
