-27.25 686.71 137.52 24.83 357.11 79.50 192.34 741.38 Expressway-Service-area 0 0.997937 votes=1
295.48 697.95 451.78 25.89 814.29 110.19 657.98 782.26 Expressway-Service-area 0 0.996844 votes=1
178.81 277.14 194.80 253.03 200.75 256.98 184.76 281.09 vehicle 0 0.994804 votes=1
605.27 402.56 630.77 416.93 627.58 422.60 602.07 408.24 vehicle 0 0.994502 votes=1
609.43 309.98 632.55 328.35 628.74 333.14 605.62 314.77 vehicle 0 0.991552 votes=1
276.28 233.81 292.85 210.71 298.72 214.93 282.15 238.03 vehicle 0 0.985928 votes=1
254.49 129.50 294.29 129.65 294.25 139.30 254.45 139.15 vehicle 0 0.984060 votes=1
395.53 352.54 400.52 332.74 406.84 334.33 401.86 354.13 vehicle 0 0.961274 votes=1
415.09 291.57 430.21 221.13 435.23 222.21 420.12 292.65 vehicle 0 0.948944 votes=1
343.02 510.81 361.98 448.71 371.50 451.62 352.54 513.72 vehicle 0 0.933132 votes=1
158.69 269.73 176.98 246.03 183.48 251.04 165.19 274.75 vehicle 0 0.856836 votes=1
