344.69 460.32 349.35 169.92 562.71 173.35 558.05 463.75 chimney 0 0.998941 votes=1
423.17 72.21 455.60 71.47 456.34 103.83 423.91 104.58 storagetank 0 0.985349 votes=1
526.20 126.29 526.65 98.02 554.18 98.45 553.73 126.73 storagetank 0 0.981197 votes=1
492.98 89.17 522.71 89.42 522.47 116.95 492.74 116.70 storagetank 0 0.960223 votes=1
221.71 724.85 227.57 710.00 234.37 712.68 228.51 727.53 vehicle 0 0.943229 votes=1
270.98 688.18 284.39 387.67 519.19 398.14 505.78 698.66 chimney 0 0.893477 votes=1
373.76 16.77 404.93 16.87 404.83 46.17 373.67 46.07 storagetank 0 0.879112 votes=1
157.17 696.72 163.79 682.31 169.26 684.83 162.63 699.23 vehicle 0 0.835743 votes=1
118.28 677.61 130.34 652.22 135.94 654.88 123.88 680.27 vehicle 0 0.804897 votes=1
173.34 706.54 178.13 690.96 184.35 692.87 179.56 708.45 vehicle 0 0.744764 votes=1
267.82 737.23 274.35 725.72 279.42 728.60 272.88 740.11 vehicle 0 0.653763 votes=1
