497.18 176.80 574.63 179.17 574.01 199.48 496.56 197.10 ship 0 0.999491 votes=1
375.43 176.23 446.95 177.24 446.66 197.69 375.14 196.69 ship 0 0.999195 votes=1
548.32 230.93 601.23 231.19 601.15 248.16 548.24 247.90 ship 0 0.999062 votes=1
674.47 226.15 732.35 240.71 727.35 260.59 669.47 246.03 ship 0 0.998837 votes=1
666.97 319.29 712.38 334.00 706.92 350.85 661.52 336.15 ship 0 0.998830 votes=1
682.93 203.37 740.76 220.14 735.52 238.21 677.70 221.44 ship 0 0.998801 votes=1
674.15 298.31 718.31 312.39 713.07 328.82 668.91 314.75 ship 0 0.998727 votes=1
590.62 257.42 639.04 249.16 641.88 265.78 593.46 274.05 ship 0 0.998686 votes=1
746.30 250.63 784.71 260.91 780.92 275.08 742.51 264.80 ship 0 0.998648 votes=1
235.98 174.84 302.94 176.51 302.48 195.08 235.52 193.41 ship 0 0.998623 votes=1
547.55 278.37 592.61 277.94 592.76 293.65 547.70 294.08 ship 0 0.998608 votes=1
284.39 417.26 324.06 417.09 324.11 430.60 284.45 430.76 ship 0 0.998589 votes=1
548.77 322.92 588.60 322.47 588.76 336.55 548.93 337.00 ship 0 0.998510 votes=1
544.62 301.61 590.55 301.49 590.59 317.27 544.67 317.39 ship 0 0.998510 votes=1
155.74 474.53 188.31 474.55 188.30 485.90 155.73 485.88 ship 0 0.998441 votes=1
549.60 207.59 594.67 208.04 594.50 225.08 549.42 224.63 ship 0 0.998419 votes=1
739.58 268.90 781.44 280.38 777.37 295.23 735.50 283.75 ship 0 0.998414 votes=1
546.65 366.19 586.06 367.13 585.72 381.63 546.31 380.69 ship 0 0.998296 votes=1
417.84 285.79 450.41 285.51 450.52 297.99 417.95 298.28 ship 0 0.998291 votes=1
744.30 629.93 780.50 641.66 776.35 654.46 740.15 642.73 ship 0 0.998284 votes=1
638.52 464.49 673.56 474.86 669.59 488.27 634.55 477.90 ship 0 0.998253 votes=1
546.95 386.35 587.66 386.92 587.46 401.00 546.75 400.43 ship 0 0.998207 votes=1
153.44 511.20 187.54 509.54 188.22 523.66 154.12 525.32 ship 0 0.998199 votes=1
754.36 231.17 793.40 241.75 789.37 256.64 750.32 246.06 ship 0 0.998191 votes=1
371.48 206.84 407.20 206.37 407.36 219.06 371.64 219.52 ship 0 0.998081 votes=1
286.16 224.52 323.71 224.23 323.81 237.57 286.27 237.86 ship 0 0.998081 votes=1
696.06 428.02 735.67 436.16 732.79 450.19 693.17 442.05 ship 0 0.998044 votes=1
283.91 496.79 317.90 496.07 318.17 508.84 284.18 509.57 ship 0 0.997881 votes=1
685.10 465.67 726.81 476.97 722.91 491.39 681.20 480.09 ship 0 0.997859 votes=1
657.32 339.20 703.77 354.09 698.55 370.39 652.10 355.50 ship 0 0.997845 votes=1
23.86 537.98 62.85 538.13 62.80 550.67 23.81 550.52 ship 0 0.997828 votes=1
239.32 279.52 274.85 279.16 274.98 291.96 239.45 292.32 ship 0 0.997786 votes=1
240.27 298.76 273.75 297.24 274.31 309.47 240.82 310.99 ship 0 0.997741 votes=1
239.11 372.85 274.75 372.28 274.96 384.96 239.31 385.53 ship 0 0.997731 votes=1
148.97 412.08 188.63 413.19 188.28 425.69 148.62 424.57 ship 0 0.997626 votes=1
654.71 384.96 694.17 397.54 689.81 411.23 650.34 398.66 ship 0 0.997460 votes=1
240.05 335.84 275.13 335.61 275.22 348.78 240.14 349.02 ship 0 0.997327 votes=1
545.86 520.57 587.72 519.93 587.95 534.52 546.08 535.16 ship 0 0.997256 votes=1
414.68 267.51 450.69 267.18 450.81 280.32 414.80 280.64 ship 0 0.997223 votes=1
417.48 207.62 453.12 207.19 453.26 219.03 417.62 219.46 ship 0 0.997218 votes=1
551.35 406.32 587.95 407.94 587.35 421.43 550.75 419.81 ship 0 0.997208 votes=1
654.61 584.95 693.82 594.82 690.19 609.21 650.99 599.35 ship 0 0.997122 votes=1
546.95 463.18 578.61 462.47 578.86 473.55 547.20 474.26 ship 0 0.997115 votes=1
653.73 363.95 700.44 377.22 696.18 392.20 649.48 378.93 ship 0 0.997012 votes=1
677.48 250.90 728.79 266.84 723.34 284.38 672.04 268.44 ship 0 0.996998 votes=1
641.36 421.80 681.81 434.58 677.22 449.09 636.77 436.31 ship 0 0.996973 votes=1
547.74 443.11 584.62 443.05 584.64 456.38 547.76 456.43 ship 0 0.996959 votes=1
233.06 391.38 272.56 390.84 272.74 403.67 233.23 404.21 ship 0 0.996920 votes=1
285.77 459.15 321.31 459.05 321.34 471.11 285.81 471.21 ship 0 0.996900 votes=1
691.39 446.52 735.63 456.45 731.92 472.98 687.68 463.05 ship 0 0.996872 votes=1
153.31 530.68 188.47 531.69 188.10 544.48 152.94 543.46 ship 0 0.996847 votes=1
413.88 472.57 449.95 472.09 450.11 484.24 414.04 484.72 ship 0 0.996794 votes=1
544.40 560.97 578.40 560.82 578.45 573.05 544.46 573.20 ship 0 0.996707 votes=1
285.05 516.58 316.36 516.23 316.49 528.27 285.19 528.63 ship 0 0.996684 votes=1
681.19 278.77 721.62 289.79 717.46 305.07 677.03 294.05 ship 0 0.996569 votes=1
763.81 555.73 800.06 563.95 797.17 576.70 760.92 568.49 ship 0 0.996548 votes=1
368.10 393.17 403.62 392.83 403.73 405.26 368.22 405.60 ship 0 0.996461 votes=1
549.32 425.39 585.99 425.95 585.79 438.71 549.12 438.16 ship 0 0.996426 votes=1
109.02 524.12 142.84 523.99 142.89 537.36 109.07 537.49 ship 0 0.996418 votes=1
497.80 556.60 531.19 557.07 531.02 568.84 497.64 568.37 ship 0 0.996370 votes=1
242.47 203.31 276.81 205.21 276.14 217.38 241.80 215.48 ship 0 0.996337 votes=1
242.95 259.87 277.59 260.09 277.51 272.12 242.87 271.89 ship 0 0.996272 votes=1
418.74 344.03 455.40 343.59 455.56 356.10 418.90 356.54 ship 0 0.996266 votes=1
748.33 610.92 785.73 624.09 781.54 635.99 744.14 622.83 ship 0 0.996256 votes=1
500.38 427.71 534.39 427.67 534.41 439.80 500.39 439.84 ship 0 0.996233 votes=1
370.05 522.80 403.92 522.52 404.02 534.44 370.15 534.73 ship 0 0.996164 votes=1
283.99 610.81 320.63 611.07 320.55 623.30 283.90 623.04 ship 0 0.996040 votes=1
546.54 347.01 586.13 345.50 586.67 359.62 547.08 361.14 ship 0 0.995977 votes=1
504.55 207.87 536.25 208.42 536.05 220.39 504.35 219.85 ship 0 0.995878 votes=1
498.96 259.08 535.86 259.62 535.67 272.77 498.76 272.23 ship 0 0.995789 votes=1
725.31 327.27 767.49 341.50 762.36 356.71 720.18 342.49 ship 0 0.995758 votes=1
651.36 405.20 690.57 414.90 686.75 430.34 647.54 420.64 ship 0 0.995753 votes=1
728.08 309.78 767.34 319.48 763.94 333.23 724.68 323.52 ship 0 0.995673 votes=1
671.28 524.78 711.85 537.04 707.34 551.96 666.76 539.70 ship 0 0.995552 votes=1
498.24 610.04 531.19 611.17 530.78 623.07 497.83 621.95 ship 0 0.995513 votes=1
662.57 544.79 704.65 555.21 700.62 571.49 658.54 561.06 ship 0 0.995437 votes=1
501.36 240.74 536.35 240.72 536.36 253.87 501.37 253.90 ship 0 0.995320 votes=1
371.79 224.97 403.67 225.37 403.52 237.46 371.64 237.06 ship 0 0.995093 votes=1
367.63 467.65 402.10 467.29 402.22 478.91 367.75 479.27 ship 0 0.994968 votes=1
498.21 353.58 535.11 353.39 535.17 365.02 498.27 365.22 ship 0 0.994946 votes=1
155.28 452.63 194.38 452.67 194.37 467.02 155.27 466.99 ship 0 0.994816 votes=1
107.98 560.28 140.79 559.86 140.96 572.70 108.14 573.12 ship 0 0.994788 votes=1
368.47 373.56 405.04 373.38 405.10 385.54 368.53 385.72 ship 0 0.994785 votes=1
699.08 182.86 743.10 194.77 738.66 211.18 694.64 199.27 ship 0 0.994667 votes=1
111.05 544.00 139.90 544.02 139.90 554.96 111.05 554.94 ship 0 0.994665 votes=1
754.68 593.97 791.28 603.94 787.51 617.79 750.90 607.83 ship 0 0.994395 votes=1
107.23 436.22 141.64 435.74 141.80 447.29 107.40 447.77 ship 0 0.994155 votes=1
732.55 668.78 765.49 676.44 762.52 689.20 729.58 681.54 ship 0 0.994085 votes=1
500.91 371.01 534.38 370.70 534.49 382.31 501.02 382.62 ship 0 0.994015 votes=1
500.68 297.65 533.64 297.99 533.52 309.59 500.56 309.25 ship 0 0.993857 votes=1
370.62 411.57 399.85 411.09 400.04 422.48 370.81 422.97 ship 0 0.993841 votes=1
498.61 537.64 533.21 537.95 533.10 551.09 498.49 550.78 ship 0 0.993819 votes=1
285.66 357.55 322.60 357.79 322.51 371.20 285.57 370.96 ship 0 0.993777 votes=1
240.02 445.18 274.43 445.71 274.24 457.90 239.83 457.37 ship 0 0.993764 votes=1
655.74 567.18 702.94 576.56 699.91 591.76 652.72 582.38 ship 0 0.993708 votes=1
674.59 507.73 714.17 517.62 710.76 531.27 671.18 521.39 ship 0 0.993697 votes=1
287.47 320.34 317.86 320.37 317.84 331.65 287.46 331.61 ship 0 0.993639 votes=1
419.40 360.40 447.46 359.97 447.62 371.08 419.57 371.50 ship 0 0.993582 votes=1
647.71 604.59 685.04 616.00 681.04 629.09 643.71 617.68 ship 0 0.993546 votes=1
547.92 540.08 581.50 540.02 581.52 552.57 547.94 552.63 ship 0 0.993435 votes=1
287.58 282.14 316.41 282.47 316.28 294.19 287.45 293.86 ship 0 0.993339 votes=1
417.51 453.91 447.77 452.92 448.17 465.07 417.91 466.05 ship 0 0.993110 votes=1
370.03 596.55 399.14 596.29 399.24 607.53 370.13 607.79 ship 0 0.992733 votes=1
372.41 301.71 402.73 301.18 402.93 312.84 372.61 313.36 ship 0 0.992526 votes=1
505.55 390.53 532.85 390.19 532.99 400.82 505.69 401.16 ship 0 0.992508 votes=1
369.41 354.69 403.05 355.56 402.74 367.66 369.10 366.79 ship 0 0.992469 votes=1
757.34 210.99 798.28 221.95 794.81 234.92 753.86 223.96 ship 0 0.992347 votes=1
243.14 538.92 272.02 539.29 271.86 552.03 242.98 551.66 ship 0 0.992230 votes=1
413.75 608.08 443.26 607.60 443.46 619.44 413.94 619.92 ship 0 0.992160 votes=1
241.36 502.34 271.52 502.40 271.50 513.71 241.33 513.65 ship 0 0.991904 votes=1
544.01 501.56 580.24 500.74 580.55 514.48 544.33 515.31 ship 0 0.991673 votes=1
230.05 594.41 271.93 595.19 271.67 609.01 229.80 608.24 ship 0 0.991620 votes=1
770.08 537.36 801.41 543.74 798.90 556.07 767.57 549.70 ship 0 0.991008 votes=1
152.47 608.77 185.62 607.49 186.10 620.20 152.95 621.48 ship 0 0.990849 votes=1
416.69 548.30 445.22 548.58 445.12 559.01 416.59 558.73 ship 0 0.990834 votes=1
370.75 243.13 405.56 242.48 405.78 254.23 370.97 254.88 ship 0 0.990642 votes=1
31.75 627.90 63.32 627.40 63.51 639.32 31.94 639.83 ship 0 0.990361 votes=1
235.29 240.27 277.02 241.75 276.57 254.41 234.84 252.92 ship 0 0.989867 votes=1
243.30 578.66 270.74 579.26 270.48 591.03 243.04 590.42 ship 0 0.989602 votes=1
239.36 612.11 267.07 612.52 266.93 622.19 239.22 621.78 ship 0 0.988957 votes=1
114.73 450.58 141.99 451.57 141.61 462.06 114.35 461.07 ship 0 0.988771 votes=1
713.27 367.50 752.18 375.58 748.56 393.00 709.65 384.92 ship 0 0.988600 votes=1
287.60 397.90 319.00 398.75 318.65 411.56 287.25 410.71 ship 0 0.988555 votes=1
372.93 540.46 402.49 540.95 402.30 552.41 372.74 551.92 ship 0 0.988260 votes=1
504.12 276.55 533.44 277.20 533.19 288.28 503.87 287.63 ship 0 0.988223 votes=1
241.92 427.33 272.77 428.09 272.47 440.42 241.62 439.66 ship 0 0.987404 votes=1
114.12 471.53 139.96 471.48 139.98 482.36 114.14 482.41 ship 0 0.987214 votes=1
500.41 501.12 528.62 500.52 528.85 511.29 500.64 511.89 ship 0 0.986927 votes=1
420.32 245.96 449.17 245.73 449.26 256.08 420.40 256.31 ship 0 0.986757 votes=1
373.59 557.86 401.81 559.11 401.29 570.79 373.07 569.54 ship 0 0.986448 votes=1
155.90 569.23 185.43 568.88 185.55 579.09 156.02 579.43 ship 0 0.985485 votes=1
285.96 572.90 315.94 575.25 314.93 588.00 284.96 585.64 ship 0 0.985395 votes=1
32.63 611.77 62.11 612.80 61.70 624.25 32.23 623.21 ship 0 0.985136 votes=1
287.64 264.04 317.68 264.12 317.65 275.38 287.61 275.30 ship 0 0.985121 votes=1
240.60 353.54 274.87 353.11 275.04 366.93 240.77 367.36 ship 0 0.984901 votes=1
373.92 319.67 401.90 319.13 402.12 330.91 374.14 331.45 ship 0 0.984312 votes=1
632.35 584.53 638.86 557.76 649.11 560.25 642.61 587.02 ship 0 0.983470 votes=1
287.50 478.34 318.20 478.69 318.06 490.65 287.36 490.30 ship 0 0.983370 votes=1
707.01 389.13 743.33 401.62 739.02 414.16 702.70 401.67 ship 0 0.982521 votes=1
113.65 504.15 140.29 506.29 139.36 517.86 112.72 515.72 ship 0 0.982292 votes=1
744.05 651.67 771.83 660.93 767.86 672.85 740.08 663.60 ship 0 0.981940 votes=1
416.64 567.79 445.66 567.82 445.65 578.46 416.63 578.42 ship 0 0.981276 votes=1
761.69 575.33 795.10 581.98 792.53 594.92 759.11 588.27 ship 0 0.981180 votes=1
769.61 511.25 801.77 519.59 797.70 535.26 765.54 526.92 ship 0 0.981071 votes=1
105.82 412.97 146.42 413.65 146.21 426.01 105.61 425.33 ship 0 0.980582 votes=1
156.78 549.38 187.12 551.52 186.21 564.33 155.88 562.19 ship 0 0.979909 votes=1
187.81 419.82 188.08 650.62 111.64 650.71 111.37 419.91 harbor 0 0.979520 votes=1
373.81 282.44 403.55 282.34 403.60 294.85 373.85 294.95 ship 0 0.979431 votes=1
237.77 656.12 243.10 188.00 322.22 188.90 316.89 657.02 harbor 0 0.978879 votes=1
157.28 435.82 185.43 436.35 185.22 447.24 157.07 446.71 ship 0 0.978535 votes=1
242.48 408.01 269.60 407.74 269.71 418.61 242.59 418.88 ship 0 0.978458 votes=1
375.01 337.65 403.68 336.89 404.03 349.93 375.36 350.69 ship 0 0.978282 votes=1
113.05 578.21 140.36 578.34 140.31 589.68 113.00 589.55 ship 0 0.977410 votes=1
286.38 592.41 314.88 594.11 314.20 605.46 285.70 603.76 ship 0 0.975401 votes=1
109.93 613.02 137.46 613.07 137.44 623.88 109.91 623.83 ship 0 0.974745 votes=1
31.81 592.35 60.12 591.96 60.30 604.88 31.98 605.27 ship 0 0.973875 votes=1
496.42 655.15 505.80 187.05 589.04 188.72 579.66 656.82 harbor 0 0.972158 votes=1
503.11 576.19 529.46 576.28 529.43 587.36 503.07 587.27 ship 0 0.971301 votes=1
370.05 658.43 372.14 188.42 450.46 188.77 448.37 658.78 harbor 0 0.970940 votes=1
641.10 548.67 648.19 522.67 658.30 525.43 651.21 551.42 ship 0 0.970150 votes=1
416.47 535.12 443.93 534.46 444.18 544.89 416.72 545.55 ship 0 0.969956 votes=1
238.58 628.84 266.01 629.30 265.82 640.55 238.39 640.10 ship 0 0.965423 votes=1
596.54 658.80 703.58 190.31 788.81 209.79 681.77 678.27 harbor 0 0.961876 votes=1
244.77 484.37 271.92 483.52 272.28 495.23 245.13 496.08 ship 0 0.960621 votes=1
153.17 588.34 190.57 588.32 190.58 601.91 153.17 601.93 ship 0 0.959418 votes=1
369.64 611.79 399.25 612.45 398.97 624.92 369.36 624.26 ship 0 0.957165 votes=1
709.88 412.63 738.71 422.12 734.91 433.67 706.08 424.19 ship 0 0.956945 votes=1
647.49 449.23 676.97 458.01 673.62 469.25 644.14 460.47 ship 0 0.949584 votes=1
421.89 230.54 446.89 231.77 446.39 242.08 421.39 240.84 ship 0 0.949130 votes=1
503.41 485.32 530.85 485.20 530.89 495.46 503.46 495.59 ship 0 0.944103 votes=1
508.83 224.36 532.96 224.13 533.06 234.66 508.93 234.89 ship 0 0.940659 votes=1
286.50 556.15 315.18 556.81 314.94 567.50 286.26 566.85 ship 0 0.938358 votes=1
115.05 598.12 139.65 598.93 139.30 609.72 114.70 608.92 ship 0 0.933992 votes=1
549.08 599.39 574.63 600.25 574.24 611.93 548.69 611.07 ship 0 0.932034 votes=1
367.78 482.78 402.95 482.87 402.92 495.58 367.75 495.50 ship 0 0.928201 votes=1
31.68 575.86 60.18 575.50 60.32 587.12 31.82 587.48 ship 0 0.924826 votes=1
780.76 493.98 802.85 500.79 798.84 513.81 776.75 506.99 ship 0 0.914658 votes=1
110.08 629.49 137.29 629.72 137.20 640.35 109.99 640.12 ship 0 0.914345 votes=1
548.29 633.93 577.79 636.16 576.87 648.24 547.38 646.02 ship 0 0.914331 votes=1
501.74 632.58 532.66 633.68 532.26 645.01 501.34 643.90 ship 0 0.911097 votes=1
416.15 491.86 446.03 492.56 445.72 505.65 415.84 504.95 ship 0 0.901198 votes=1
643.35 644.91 671.60 653.80 667.94 665.43 639.69 656.54 ship 0 0.899674 votes=1
414.70 631.82 447.04 634.02 446.25 645.69 413.91 643.49 ship 0 0.897839 votes=1
154.59 628.76 184.86 630.59 184.09 643.36 153.81 641.53 ship 0 0.889692 votes=1
370.67 629.40 397.54 630.36 397.17 640.71 370.31 639.75 ship 0 0.868900 votes=1
288.73 203.75 319.84 204.96 319.33 218.02 288.22 216.81 ship 0 0.865574 votes=1
62.45 539.69 63.28 650.72 18.92 651.05 18.09 540.02 harbor 0 0.857340 votes=1
648.72 625.51 678.91 634.44 674.63 648.92 644.43 639.99 ship 0 0.844562 votes=1
502.76 594.34 529.35 594.79 529.15 606.59 502.56 606.14 ship 0 0.835961 votes=1
244.95 220.25 276.48 222.65 275.36 237.33 243.83 234.93 ship 0 0.801692 votes=1
283.27 633.87 303.51 634.32 303.29 644.38 283.04 643.92 ship 0 0.750075 votes=1
785.00 477.90 805.33 482.46 802.84 493.55 782.51 488.99 ship 0 0.740134 votes=1
31.64 557.58 61.65 558.06 61.43 572.05 31.42 571.57 ship 0 0.715902 votes=1
737.72 688.31 764.51 695.97 761.97 704.84 735.18 697.17 ship 0 0.674233 votes=1
