237.89 238.89 287.97 238.12 288.21 253.94 238.14 254.71 ship 0 0.998981 votes=1
391.92 130.59 430.53 132.65 429.83 145.91 391.21 143.84 ship 0 0.998817 votes=1
262.92 435.58 293.21 435.62 293.20 446.52 262.91 446.49 ship 0 0.998739 votes=1
225.29 286.80 254.76 286.35 254.93 297.67 225.46 298.11 ship 0 0.998676 votes=1
375.29 570.72 407.82 570.91 407.75 582.26 375.22 582.07 ship 0 0.998652 votes=1
338.40 166.83 372.93 165.96 373.27 179.50 338.74 180.36 ship 0 0.998643 votes=1
386.17 204.53 429.12 205.06 428.96 218.33 386.01 217.81 ship 0 0.998638 votes=1
382.47 317.73 422.73 318.06 422.62 330.63 382.37 330.30 ship 0 0.998515 votes=1
335.87 429.90 365.36 428.78 365.78 439.89 336.29 441.02 ship 0 0.998444 votes=1
391.23 95.54 432.75 95.46 432.78 109.77 391.26 109.85 ship 0 0.998428 votes=1
391.23 114.20 429.76 115.03 429.50 127.21 390.97 126.38 ship 0 0.998380 votes=1
357.42 74.20 404.34 76.21 403.69 91.41 356.77 89.41 ship 0 0.998299 votes=1
265.59 315.48 294.69 316.16 294.45 326.21 265.35 325.53 ship 0 0.998201 votes=1
150.23 287.40 180.43 286.89 180.61 297.37 150.41 297.87 ship 0 0.998069 votes=1
224.21 428.86 250.98 429.18 250.86 438.87 224.09 438.55 ship 0 0.998049 votes=1
379.88 387.51 410.21 388.89 409.70 400.16 379.36 398.78 ship 0 0.997971 votes=1
330.39 576.44 361.18 576.10 361.30 587.14 330.51 587.48 ship 0 0.997722 votes=1
367.85 655.45 403.47 655.07 403.59 666.98 367.98 667.36 ship 0 0.997686 votes=1
384.09 186.62 419.89 187.40 419.61 200.50 383.81 199.72 ship 0 0.997680 votes=1
381.43 335.34 407.64 335.28 407.66 345.89 381.45 345.95 ship 0 0.997603 votes=1
374.10 587.09 409.16 587.76 408.91 601.06 373.84 600.39 ship 0 0.997539 votes=1
395.26 151.68 426.18 152.55 425.85 164.38 394.93 163.51 ship 0 0.997510 votes=1
371.31 553.36 408.56 553.32 408.57 566.80 371.32 566.84 ship 0 0.997408 votes=1
383.97 278.14 418.61 279.38 418.19 291.08 383.55 289.84 ship 0 0.997405 votes=1
339.76 222.38 373.66 222.57 373.59 235.14 339.69 234.96 ship 0 0.997396 votes=1
266.97 301.50 296.82 300.94 296.99 310.09 267.14 310.65 ship 0 0.997377 votes=1
384.16 300.76 419.92 300.41 420.04 312.68 384.28 313.03 ship 0 0.997368 votes=1
375.08 429.62 404.83 432.64 403.83 442.49 374.08 439.47 ship 0 0.997235 votes=1
381.06 350.15 407.02 349.93 407.10 359.96 381.14 360.18 ship 0 0.997098 votes=1
340.16 114.83 374.48 114.51 374.58 125.21 340.26 125.52 ship 0 0.996760 votes=1
369.89 604.27 404.84 604.25 404.85 616.76 369.89 616.78 ship 0 0.996736 votes=1
226.79 444.81 250.35 444.35 250.54 454.07 226.98 454.52 ship 0 0.996693 votes=1
329.80 605.06 358.36 604.43 358.59 614.73 330.03 615.36 ship 0 0.996691 votes=1
378.75 417.08 403.89 416.88 403.96 425.57 378.82 425.76 ship 0 0.996650 votes=1
340.94 131.48 376.07 131.59 376.04 142.54 340.90 142.43 ship 0 0.996470 votes=1
153.51 514.81 180.87 513.99 181.16 523.57 153.79 524.39 ship 0 0.996425 votes=1
227.00 301.19 254.12 300.82 254.25 310.78 227.13 311.15 ship 0 0.995993 votes=1
334.03 589.66 360.77 590.83 360.33 600.96 333.59 599.79 ship 0 0.995943 votes=1
361.92 692.50 399.56 694.25 398.92 708.15 361.27 706.40 ship 0 0.995672 votes=1
262.87 381.29 288.91 380.81 289.09 390.43 263.05 390.92 ship 0 0.995525 votes=1
150.60 301.09 177.29 301.30 177.21 311.23 150.53 311.02 ship 0 0.995498 votes=1
111.44 301.89 138.88 302.03 138.83 311.15 111.39 311.00 ship 0 0.995455 votes=1
342.05 278.15 373.74 278.95 373.46 289.90 341.77 289.10 ship 0 0.995381 votes=1
112.36 329.23 137.21 328.96 137.31 338.34 112.47 338.60 ship 0 0.995344 votes=1
262.53 464.58 290.54 464.59 290.54 474.31 262.53 474.30 ship 0 0.995294 votes=1
332.20 632.60 358.68 633.17 358.46 643.38 331.98 642.81 ship 0 0.995052 votes=1
337.32 148.74 376.08 147.71 376.43 160.83 337.67 161.87 ship 0 0.995009 votes=1
342.92 307.85 368.83 307.91 368.81 317.74 342.90 317.67 ship 0 0.994882 votes=1
264.02 352.83 288.58 352.53 288.69 361.61 264.14 361.91 ship 0 0.994837 votes=1
149.93 366.53 177.74 366.43 177.78 376.24 149.97 376.35 ship 0 0.994599 votes=1
262.10 449.99 290.33 450.76 290.08 460.03 261.84 459.25 ship 0 0.994333 votes=1
379.16 403.35 403.13 404.17 402.79 414.03 378.83 413.21 ship 0 0.994309 votes=1
370.05 672.18 405.72 671.88 405.84 685.51 370.16 685.80 ship 0 0.994240 votes=1
147.94 500.08 172.65 499.56 172.85 509.13 148.14 509.65 ship 0 0.993953 votes=1
150.70 408.36 177.69 407.95 177.83 417.14 150.84 417.55 ship 0 0.993930 votes=1
265.65 272.13 293.46 272.38 293.37 282.08 265.56 281.83 ship 0 0.993786 votes=1
227.43 272.73 253.99 274.31 253.46 283.20 226.90 281.62 ship 0 0.993605 votes=1
343.93 334.16 369.12 334.16 369.12 343.78 343.93 343.77 ship 0 0.993499 votes=1
150.61 460.78 174.68 460.32 174.85 469.50 150.79 469.96 ship 0 0.993389 votes=1
262.54 492.41 289.67 492.45 289.65 502.28 262.52 502.23 ship 0 0.993049 votes=1
111.79 354.11 137.17 354.39 137.07 362.88 111.70 362.60 ship 0 0.992569 votes=1
336.75 549.40 362.83 548.67 363.10 558.37 337.02 559.10 ship 0 0.992460 votes=1
332.06 660.46 359.13 661.70 358.62 672.84 331.55 671.60 ship 0 0.992423 votes=1
341.73 201.98 372.77 203.32 372.27 214.89 341.23 213.55 ship 0 0.992310 votes=1
224.20 471.54 248.69 471.25 248.81 481.17 224.32 481.47 ship 0 0.992227 votes=1
342.11 294.60 368.29 294.22 368.44 304.00 342.25 304.39 ship 0 0.992156 votes=1
374.96 513.79 400.78 513.62 400.84 522.98 375.02 523.15 ship 0 0.992115 votes=1
225.63 329.19 254.15 328.88 254.27 339.28 225.74 339.60 ship 0 0.992063 votes=1
151.98 381.76 176.81 381.28 176.98 389.95 152.15 390.43 ship 0 0.991841 votes=1
112.67 407.89 139.01 406.95 139.38 417.20 113.04 418.15 ship 0 0.991836 votes=1
151.46 434.07 177.77 433.86 177.84 443.09 151.53 443.30 ship 0 0.991719 votes=1
344.24 239.70 370.85 239.24 371.02 249.61 344.42 250.07 ship 0 0.991280 votes=1
153.29 329.60 177.71 329.59 177.72 338.05 153.29 338.06 ship 0 0.991047 votes=1
387.33 229.36 414.90 226.98 415.74 236.64 388.16 239.02 ship 0 0.991012 votes=1
227.35 415.81 250.22 416.01 250.13 425.82 227.26 425.62 ship 0 0.990628 votes=1
113.98 393.27 140.38 392.98 140.50 403.62 114.10 403.91 ship 0 0.990572 votes=1
448.60 742.14 449.73 720.46 458.70 720.93 457.57 742.60 ship 0 0.990479 votes=1
116.41 445.48 139.35 447.47 138.48 457.48 115.54 455.48 ship 0 0.990407 votes=1
149.90 353.37 178.03 352.50 178.32 361.95 150.19 362.82 ship 0 0.989903 votes=1
339.15 89.19 375.93 92.94 374.71 104.87 337.94 101.12 ship 0 0.989875 votes=1
268.59 285.63 291.67 286.54 291.30 295.88 268.22 294.96 ship 0 0.989811 votes=1
372.39 621.59 405.10 622.44 404.79 634.71 372.07 633.86 ship 0 0.989726 votes=1
330.55 677.90 358.92 678.14 358.83 689.45 330.46 689.21 ship 0 0.989640 votes=1
340.01 389.72 366.87 389.75 366.86 398.80 340.00 398.77 ship 0 0.988999 votes=1
114.79 471.20 138.54 474.83 137.21 483.52 113.46 479.89 ship 0 0.988939 votes=1
333.70 618.95 358.54 619.52 358.34 628.31 333.50 627.75 ship 0 0.988883 votes=1
341.64 375.50 366.20 375.97 366.02 385.26 341.47 384.79 ship 0 0.988795 votes=1
229.31 373.32 251.75 372.65 251.99 380.85 229.55 381.52 ship 0 0.988549 votes=1
330.46 184.45 368.69 185.16 368.45 197.86 330.23 197.16 ship 0 0.988111 votes=1
381.51 363.74 406.43 362.92 406.76 372.86 381.84 373.68 ship 0 0.987166 votes=1
331.84 560.50 361.32 563.94 360.24 573.23 330.75 569.79 ship 0 0.986708 votes=1
264.23 411.38 290.55 409.31 291.20 417.51 264.88 419.58 ship 0 0.986564 votes=1
115.87 366.04 139.12 367.62 138.41 378.06 115.17 376.49 ship 0 0.986385 votes=1
225.85 485.19 250.12 485.25 250.10 493.95 225.83 493.89 ship 0 0.985949 votes=1
370.78 637.89 402.89 636.65 403.32 647.70 371.20 648.94 ship 0 0.985911 votes=1
115.53 421.95 138.72 422.06 138.68 430.98 115.49 430.87 ship 0 0.984905 votes=1
228.74 257.62 253.68 257.19 253.84 266.36 228.90 266.79 ship 0 0.984851 votes=1
264.30 365.19 288.17 366.45 287.69 375.42 263.83 374.15 ship 0 0.984726 votes=1
222.75 512.39 249.47 513.63 249.01 523.62 222.28 522.38 ship 0 0.984111 votes=1
151.37 473.36 175.78 473.90 175.59 482.63 151.17 482.09 ship 0 0.983706 votes=1
230.16 359.77 251.68 360.46 251.39 369.38 229.87 368.68 ship 0 0.982308 votes=1
151.16 394.07 178.56 395.12 178.23 403.62 150.84 402.57 ship 0 0.982175 votes=1
375.42 485.47 403.59 485.06 403.73 494.95 375.56 495.36 ship 0 0.981655 votes=1
331.12 692.57 358.38 691.96 358.60 701.83 331.34 702.45 ship 0 0.980517 votes=1
375.37 457.27 403.26 458.65 402.82 467.57 374.93 466.19 ship 0 0.980179 votes=1
263.87 477.79 286.34 478.51 286.08 486.83 263.60 486.11 ship 0 0.979378 votes=1
373.80 535.28 397.84 537.22 397.09 546.38 373.06 544.44 ship 0 0.977966 votes=1
379.14 376.03 405.55 376.95 405.24 385.83 378.83 384.91 ship 0 0.977377 votes=1
342.16 361.87 367.86 362.80 367.55 371.34 341.85 370.41 ship 0 0.976899 votes=1
151.68 486.47 174.83 485.40 175.24 494.29 152.09 495.36 ship 0 0.976079 votes=1
226.17 521.52 228.01 251.22 291.80 251.65 289.97 521.96 harbor 0 0.975851 votes=1
374.46 496.43 401.66 497.56 401.20 508.58 374.00 507.44 ship 0 0.975426 votes=1
151.57 315.04 176.33 315.08 176.32 323.57 151.55 323.53 ship 0 0.973766 votes=1
345.33 348.35 367.99 349.04 367.76 356.54 345.10 355.84 ship 0 0.971547 votes=1
175.09 278.39 175.09 523.65 114.00 523.65 114.00 278.39 harbor 0 0.971461 votes=1
265.67 393.48 288.99 394.80 288.54 402.72 265.22 401.39 ship 0 0.970431 votes=1
113.97 262.61 143.30 263.03 143.07 278.67 113.74 278.24 ship 0 0.970057 votes=1
341.26 482.83 363.79 485.19 362.92 493.50 340.39 491.15 ship 0 0.968177 votes=1
336.68 473.77 360.97 469.17 362.65 478.04 338.36 482.64 ship 0 0.968078 votes=1
115.30 284.71 138.26 285.46 137.91 296.16 114.95 295.42 ship 0 0.968001 votes=1
152.07 446.78 175.94 447.36 175.71 457.05 151.84 456.47 ship 0 0.967498 votes=1
378.30 471.79 401.32 471.62 401.39 480.67 378.37 480.84 ship 0 0.966146 votes=1
339.89 497.96 364.68 498.61 364.43 508.44 339.63 507.78 ship 0 0.959200 votes=1
114.74 460.79 137.51 461.11 137.38 470.08 114.62 469.76 ship 0 0.950374 votes=1
262.69 421.87 289.86 421.43 290.01 430.60 262.84 431.05 ship 0 0.948068 votes=1
340.31 443.73 362.56 444.18 362.37 453.61 340.12 453.16 ship 0 0.944230 votes=1
226.85 458.04 249.13 457.24 249.43 465.58 227.15 466.38 ship 0 0.942398 votes=1
528.85 744.03 529.09 718.76 542.38 718.89 542.14 744.15 ship 0 0.941032 votes=1
333.22 561.63 344.62 83.78 423.29 85.65 411.89 563.50 harbor 0 0.918583 votes=1
343.25 321.85 367.90 321.93 367.87 329.99 343.23 329.90 ship 0 0.916642 votes=1
230.12 344.44 252.46 344.35 252.49 353.09 230.16 353.18 ship 0 0.906636 votes=1
225.82 400.35 251.07 399.93 251.23 409.36 225.98 409.79 ship 0 0.905600 votes=1
160.98 682.21 161.02 536.34 271.07 536.37 271.03 682.24 harbor 0 0.904799 votes=1
475.81 742.45 476.87 717.33 486.78 717.75 485.72 742.87 ship 0 0.900047 votes=1
114.72 315.17 136.40 315.07 136.44 323.05 114.76 323.15 ship 0 0.835733 votes=1
442.66 722.08 750.58 724.17 750.31 763.55 442.39 761.46 harbor 0 0.799419 votes=1
215.76 584.48 271.40 585.96 270.67 613.19 215.04 611.71 ship 0 0.791697 votes=1
267.75 258.37 292.97 258.93 292.76 268.58 267.53 268.01 ship 0 0.730769 votes=1
487.50 744.58 487.52 722.56 504.58 722.58 504.55 744.60 ship 0 0.714667 votes=1
329.93 697.14 333.99 511.07 405.30 512.63 401.24 698.70 harbor 0 0.676166 votes=1
