138.02 140.98 215.36 143.33 213.04 220.06 135.70 217.72 storagetank 0 0.998954 votes=1
33.13 217.75 34.83 139.44 112.22 141.12 110.51 219.43 storagetank 0 0.998828 votes=1
83.85 292.57 237.66 298.36 231.95 450.41 78.13 444.63 storagetank 0 0.998546 votes=1
428.16 450.21 431.65 297.07 584.75 300.55 581.26 453.70 storagetank 0 0.998501 votes=1
255.37 296.52 410.08 297.49 409.12 449.72 254.41 448.74 storagetank 0 0.997823 votes=1
428.13 488.68 582.11 491.12 579.68 644.31 425.70 641.86 storagetank 0 0.996576 votes=1
250.81 639.70 254.07 486.81 406.88 490.06 403.62 642.96 storagetank 0 0.995926 votes=1
76.37 490.19 228.11 485.43 232.83 635.81 81.09 640.58 storagetank 0 0.995683 votes=1
598.02 638.81 603.50 489.27 752.26 494.72 746.78 644.26 storagetank 0 0.994922 votes=1
751.03 301.32 753.24 451.55 604.64 453.73 602.43 303.50 storagetank 0 0.908906 votes=1
