304.27 97.64 304.79 211.10 268.01 211.27 267.49 97.81 ship 0 0.999546 votes=1
537.89 272.25 606.69 268.60 608.08 294.69 539.28 298.34 ship 0 0.999447 votes=1
670.77 673.92 756.70 665.97 759.17 692.58 673.23 700.53 ship 0 0.999437 votes=1
549.78 482.96 623.82 473.61 627.03 498.99 552.99 508.34 ship 0 0.999373 votes=1
652.11 413.39 730.32 411.69 730.92 439.08 652.71 440.78 ship 0 0.999367 votes=1
662.31 562.61 739.89 556.90 741.81 582.99 664.23 588.70 ship 0 0.999333 votes=1
362.33 212.72 370.00 69.80 413.83 72.16 406.16 215.08 ship 0 0.999307 votes=1
534.59 239.66 607.46 231.88 610.10 256.63 537.23 264.41 ship 0 0.999258 votes=1
546.09 545.43 628.99 540.55 630.81 571.40 547.90 576.28 ship 0 0.999214 votes=1
643.33 340.32 728.25 337.02 729.49 368.96 644.57 372.25 ship 0 0.999199 votes=1
551.06 415.95 620.00 408.75 622.55 433.14 553.61 440.35 ship 0 0.999186 votes=1
648.35 377.82 729.54 375.72 730.28 404.61 649.10 406.71 ship 0 0.999174 votes=1
542.36 349.10 613.01 339.62 616.16 363.16 545.52 372.63 ship 0 0.999131 votes=1
544.05 308.21 615.62 305.51 616.63 332.23 545.06 334.92 ship 0 0.999129 votes=1
547.03 450.11 617.19 439.63 620.61 462.52 550.45 473.00 ship 0 0.999055 votes=1
561.26 723.60 638.99 713.45 642.25 738.39 564.52 748.53 ship 0 0.999045 votes=1
642.42 267.98 719.44 267.84 719.49 295.23 642.47 295.37 ship 0 0.999039 votes=1
317.10 216.56 319.98 50.70 359.41 51.39 356.53 217.25 ship 0 0.998947 votes=1
393.48 457.34 455.04 458.10 454.79 477.92 393.24 477.16 ship 0 0.998904 votes=1
327.14 703.59 327.37 554.85 363.40 554.91 363.16 703.65 ship 0 0.998901 votes=1
393.59 396.04 450.77 398.17 449.99 419.03 392.81 416.90 ship 0 0.998881 votes=1
656.87 488.74 728.70 481.62 731.02 505.01 659.19 512.13 ship 0 0.998879 votes=1
398.92 274.98 462.26 276.70 461.65 299.23 398.31 297.50 ship 0 0.998766 votes=1
561.65 617.73 633.61 613.07 635.31 639.36 563.35 644.01 ship 0 0.998729 votes=1
563.85 656.20 637.37 649.10 639.62 672.41 566.10 679.51 ship 0 0.998728 votes=1
293.75 242.02 367.73 240.95 368.07 264.79 294.10 265.86 ship 0 0.998695 votes=1
389.92 603.93 453.08 606.36 452.23 628.50 389.07 626.07 ship 0 0.998551 votes=1
550.23 379.41 620.05 376.04 621.19 399.57 551.37 402.94 ship 0 0.998434 votes=1
395.67 426.40 453.64 431.11 452.07 450.49 394.09 445.78 ship 0 0.998397 votes=1
557.77 687.30 640.71 682.94 642.32 713.45 559.38 717.82 ship 0 0.998014 votes=1
416.39 214.15 419.50 81.12 457.21 82.00 454.10 215.03 ship 0 0.997857 votes=1
395.77 484.09 463.67 489.21 462.06 510.48 394.17 505.35 ship 0 0.997803 votes=1
286.32 275.59 366.48 274.80 366.74 301.46 286.58 302.25 ship 0 0.997766 votes=1
387.92 682.37 450.11 687.75 448.49 706.44 386.30 701.06 ship 0 0.997585 votes=1
385.50 739.47 448.20 739.69 448.11 764.36 385.41 764.13 ship 0 0.997573 votes=1
285.48 304.48 367.96 309.43 366.25 337.82 283.77 332.87 ship 0 0.997184 votes=1
388.84 656.67 461.44 661.54 460.02 682.68 387.42 677.81 ship 0 0.997072 votes=1
493.17 36.49 498.89 98.04 477.39 100.04 471.67 38.49 ship 0 0.996314 votes=1
701.29 84.39 739.24 787.95 571.02 797.03 533.08 93.46 harbor 0 0.936709 votes=1
455.05 165.02 469.84 773.47 333.31 776.79 318.52 168.34 harbor 0 0.787710 votes=1
