422.43 271.74 467.58 287.20 464.63 295.82 419.48 280.35 vehicle 0 0.998221 votes=1
198.30 554.60 681.10 383.79 750.37 579.58 267.57 750.40 Expressway-Service-area 0 0.997807 votes=1
303.13 260.87 338.33 277.00 335.15 283.94 299.95 267.81 vehicle 0 0.997537 votes=1
13.17 264.85 561.99 44.32 648.19 258.84 99.37 479.37 Expressway-Service-area 0 0.997238 votes=1
460.57 243.71 506.86 259.83 503.19 270.36 456.90 254.23 vehicle 0 0.997092 votes=1
339.75 241.56 380.82 254.05 378.02 263.26 336.95 250.77 vehicle 0 0.996508 votes=1
237.96 404.42 275.43 390.37 278.61 398.87 241.14 412.91 vehicle 0 0.995768 votes=1
378.65 286.54 422.81 307.08 418.54 316.26 374.38 295.73 vehicle 0 0.992697 votes=1
661.82 400.77 693.17 378.81 698.81 386.86 667.46 408.82 vehicle 0 0.990182 votes=1
363.75 294.99 399.45 310.99 396.24 318.15 360.54 302.16 vehicle 0 0.978331 votes=1
454.43 255.73 487.23 270.42 484.07 277.47 451.27 262.79 vehicle 0 0.976980 votes=1
663.42 429.15 669.88 419.32 675.07 422.74 668.61 432.56 vehicle 0 0.767363 votes=1
325.20 377.17 356.63 363.29 361.61 374.56 330.18 388.44 vehicle 0 0.625247 votes=1
