521.73 272.71 554.71 273.90 554.11 290.48 521.13 289.29 groundtrackfield 0 0.990567 votes=1
638.58 350.66 639.23 320.48 654.71 320.81 654.07 350.99 groundtrackfield 0 0.986282 votes=1
547.61 334.03 571.61 335.55 570.78 348.78 546.77 347.27 groundtrackfield 0 0.958301 votes=1
743.64 697.09 743.88 712.82 732.96 712.98 732.73 697.25 baseballfield 0 0.940174 votes=1
701.53 707.97 718.80 708.45 718.53 718.09 701.25 717.61 baseballfield 0 0.926723 votes=1
97.95 737.59 123.97 107.00 272.54 113.13 246.52 743.72 airport 0 0.886956 votes=1
701.02 739.45 704.13 725.81 714.35 728.14 711.25 741.78 baseballfield 0 0.820671 votes=1
577.98 293.91 578.61 283.43 588.60 284.03 587.97 294.51 baseballfield 0 0.739715 votes=1
533.11 349.52 545.05 349.12 545.43 360.47 533.49 360.87 baseballfield 0 0.706428 votes=1
618.12 504.85 618.34 520.75 608.17 520.89 607.96 504.98 baseballfield 0 0.677169 votes=1
