433.25 285.47 446.31 261.51 455.36 266.44 442.31 290.40 ship 0 0.995384 votes=1
507.91 320.58 518.94 300.37 526.20 304.33 515.17 324.54 ship 0 0.995293 votes=1
613.56 383.46 634.70 375.79 637.74 384.15 616.60 391.83 ship 0 0.993628 votes=1
478.60 309.31 492.86 284.40 500.58 288.81 486.31 313.73 ship 0 0.993147 votes=1
545.05 417.83 558.39 465.43 543.29 469.66 529.95 422.06 ship 0 0.992190 votes=1
447.74 291.48 461.36 267.63 470.12 272.63 456.50 296.48 ship 0 0.991952 votes=1
354.55 243.37 367.25 216.16 374.53 219.55 361.83 246.77 ship 0 0.991776 votes=1
246.79 175.94 260.31 154.24 267.35 158.63 253.84 180.33 ship 0 0.991264 votes=1
470.12 299.92 480.83 279.97 488.36 284.01 477.65 303.95 ship 0 0.990308 votes=1
305.94 208.78 320.40 187.45 327.50 192.27 313.04 213.59 ship 0 0.989833 votes=1
420.62 279.58 435.78 255.45 444.11 260.68 428.94 284.81 ship 0 0.989571 votes=1
237.23 167.53 248.70 148.70 255.34 152.75 243.88 171.58 ship 0 0.988882 votes=1
470.48 471.18 489.27 461.86 492.78 468.94 473.99 478.26 ship 0 0.988091 votes=1
569.21 443.73 576.58 464.00 569.62 466.53 562.25 446.27 ship 0 0.987948 votes=1
275.80 189.69 287.93 169.28 295.66 173.87 283.52 194.29 ship 0 0.987561 votes=1
677.28 480.58 686.05 508.93 677.41 511.60 668.64 483.26 ship 0 0.986803 votes=1
365.22 435.38 381.51 428.36 384.60 435.53 368.31 442.54 ship 0 0.986522 votes=1
198.13 347.84 218.48 339.32 222.03 347.80 201.68 356.32 ship 0 0.986133 votes=1
395.97 254.99 407.67 236.21 414.73 240.62 403.03 259.39 ship 0 0.985302 votes=1
373.43 253.41 386.19 226.47 394.87 230.59 382.11 257.52 ship 0 0.985242 votes=1
440.59 476.34 463.86 470.40 466.04 478.94 442.77 484.88 ship 0 0.984452 votes=1
534.18 341.66 547.41 319.37 553.80 323.16 540.58 345.46 ship 0 0.983803 votes=1
176.41 295.72 194.82 287.57 197.89 294.49 179.48 302.65 ship 0 0.983758 votes=1
603.33 349.62 631.08 363.18 626.88 371.78 599.13 358.21 ship 0 0.983471 votes=1
487.30 524.92 507.46 519.42 509.65 527.45 489.49 532.95 ship 0 0.983379 votes=1
225.67 163.62 237.61 143.23 245.68 147.96 233.74 168.34 ship 0 0.982985 votes=1
466.49 543.85 482.87 535.74 485.95 541.95 469.56 550.06 ship 0 0.982914 votes=1
484.31 596.20 502.43 591.11 504.85 599.71 486.72 604.81 ship 0 0.982548 votes=1
401.78 268.06 416.52 245.13 425.30 250.77 410.57 273.71 ship 0 0.982085 votes=1
632.88 431.92 651.86 422.69 655.23 429.62 636.26 438.85 ship 0 0.981971 votes=1
476.63 487.08 493.97 481.03 496.41 488.01 479.07 494.07 ship 0 0.979987 votes=1
494.06 543.26 510.97 537.24 513.44 544.18 496.52 550.20 ship 0 0.979466 votes=1
327.63 221.06 339.98 199.78 347.55 204.18 335.19 225.45 ship 0 0.977216 votes=1
462.18 532.68 481.23 526.32 483.65 533.55 464.59 539.91 ship 0 0.976497 votes=1
564.07 326.28 598.03 343.84 592.32 354.89 558.36 337.33 ship 0 0.975727 votes=1
517.63 326.34 530.38 308.38 536.42 312.66 523.67 330.62 ship 0 0.975519 votes=1
341.29 388.93 358.18 380.29 361.53 386.83 344.64 395.47 ship 0 0.970804 votes=1
458.87 431.50 476.43 426.64 478.59 434.42 461.02 439.29 ship 0 0.964944 votes=1
258.64 178.92 268.17 161.40 274.14 164.64 264.61 182.16 ship 0 0.962138 votes=1
375.51 470.28 392.64 464.56 394.90 471.32 377.77 477.04 ship 0 0.960253 votes=1
457.14 513.42 475.81 508.44 477.47 514.67 458.80 519.65 ship 0 0.957907 votes=1
421.07 363.62 436.04 352.74 440.11 358.34 425.13 369.22 ship 0 0.957073 votes=1
316.26 217.24 330.16 192.80 338.00 197.26 324.10 221.69 ship 0 0.956773 votes=1
437.33 383.64 452.75 371.42 457.35 377.23 441.93 389.45 ship 0 0.953435 votes=1
431.95 430.77 448.49 424.65 451.06 431.58 434.51 437.70 ship 0 0.945594 votes=1
500.39 563.46 519.03 554.74 521.68 560.40 503.04 569.12 ship 0 0.940231 votes=1
204.22 359.45 220.98 350.55 224.75 357.64 207.99 366.54 ship 0 0.931446 votes=1
461.90 293.17 472.26 274.16 478.78 277.71 468.41 296.72 ship 0 0.921737 votes=1
459.65 521.97 478.68 517.55 480.34 524.69 461.31 529.11 ship 0 0.919378 votes=1
465.77 449.44 483.13 443.67 485.49 450.76 468.12 456.53 ship 0 0.912408 votes=1
406.82 560.34 423.02 556.67 424.54 563.35 408.33 567.02 ship 0 0.911730 votes=1
393.29 520.75 408.81 516.54 410.58 523.08 395.06 527.29 ship 0 0.904950 votes=1
414.26 589.34 429.13 585.08 430.95 591.40 416.07 595.66 ship 0 0.902242 votes=1
240.92 435.85 258.21 429.87 260.92 437.70 243.63 443.68 ship 0 0.902046 votes=1
504.48 569.64 521.25 564.08 523.44 570.70 506.67 576.26 ship 0 0.900456 votes=1
428.22 627.45 446.41 624.96 447.50 632.89 429.31 635.39 ship 0 0.900362 votes=1
287.54 195.88 299.77 174.60 307.62 179.11 295.38 200.39 ship 0 0.891450 votes=1
449.45 395.42 465.20 389.87 467.51 396.44 451.76 401.99 ship 0 0.889171 votes=1
426.43 411.73 443.29 405.91 445.32 411.77 428.45 417.59 ship 0 0.887458 votes=1
579.47 475.88 583.38 491.28 576.66 492.98 572.75 477.59 ship 0 0.885906 votes=1
454.06 413.67 472.03 409.57 473.59 416.42 455.62 420.52 ship 0 0.870892 votes=1
351.74 400.38 365.49 394.07 368.37 400.37 354.63 406.67 ship 0 0.869336 votes=1
427.58 369.57 442.44 358.41 446.80 364.21 431.95 375.37 ship 0 0.868873 votes=1
441.30 239.06 466.47 254.51 460.77 263.80 435.60 248.35 ship 0 0.868023 votes=1
332.08 461.02 333.97 478.03 326.01 478.91 324.12 461.91 ship 0 0.862230 votes=1
425.17 400.76 441.69 397.76 442.84 404.07 426.32 407.07 ship 0 0.861408 votes=1
563.94 474.57 568.59 491.31 561.54 493.28 556.88 476.54 ship 0 0.860835 votes=1
313.98 578.33 319.18 592.74 313.74 594.71 308.53 580.30 ship 0 0.860068 votes=1
428.55 421.12 448.31 417.93 449.60 425.92 429.83 429.11 ship 0 0.825415 votes=1
631.83 340.63 714.36 546.18 683.58 558.54 601.06 352.99 harbor 0 0.809822 votes=1
510.22 586.59 526.41 582.12 527.94 587.64 511.75 592.12 ship 0 0.794279 votes=1
486.05 608.51 507.01 601.97 509.13 608.76 488.17 615.29 ship 0 0.771277 votes=1
494.94 554.55 516.41 546.73 518.93 553.65 497.46 561.47 ship 0 0.756668 votes=1
460.68 441.87 479.20 436.21 481.22 442.82 462.71 448.48 ship 0 0.746111 votes=1
389.87 505.51 406.15 502.60 407.76 511.63 391.48 514.54 ship 0 0.740321 votes=1
434.62 324.18 545.21 615.12 502.30 631.43 391.72 340.48 harbor 0 0.735524 votes=1
328.84 373.96 336.54 390.43 329.82 393.58 322.12 377.10 ship 0 0.711157 votes=1
421.66 605.36 436.82 602.33 439.09 613.66 423.93 616.69 ship 0 0.695151 votes=1
346.71 234.81 357.84 210.34 365.21 213.69 354.08 238.16 ship 0 0.693910 votes=1
479.00 496.12 496.23 492.36 497.50 498.15 480.26 501.91 ship 0 0.691519 votes=1
101.60 305.94 117.28 305.03 117.98 316.95 102.30 317.87 storagetank 0 0.678127 votes=1
380.01 629.74 419.15 635.90 417.66 645.40 378.51 639.24 ship 0 0.610956 votes=1
