21.21 306.93 63.81 306.87 63.84 321.35 21.23 321.42 ship 0 0.998966 votes=1
26.28 281.90 65.56 281.37 65.74 294.77 26.46 295.30 ship 0 0.998824 votes=1
357.19 287.19 392.35 286.54 392.58 298.77 357.42 299.43 ship 0 0.998736 votes=1
284.44 292.80 321.22 291.94 321.53 305.07 284.75 305.93 ship 0 0.998575 votes=1
24.96 236.86 64.99 235.84 65.33 248.98 25.30 250.00 ship 0 0.998392 votes=1
20.95 329.75 65.10 328.64 65.42 341.30 21.26 342.41 ship 0 0.998380 votes=1
601.11 207.90 638.45 208.63 638.19 221.66 600.85 220.93 ship 0 0.998313 votes=1
76.34 194.41 105.20 193.96 105.37 205.12 76.52 205.57 ship 0 0.998246 votes=1
496.99 250.67 525.79 250.34 525.90 260.55 497.11 260.88 ship 0 0.998031 votes=1
399.54 328.53 428.61 327.69 428.90 337.86 399.83 338.70 ship 0 0.997998 votes=1
286.27 310.08 312.29 309.71 312.44 319.86 286.41 320.23 ship 0 0.997965 votes=1
286.37 354.31 323.25 354.99 323.02 367.45 286.14 366.76 ship 0 0.997852 votes=1
76.81 287.24 106.29 288.78 105.77 298.84 76.28 297.30 ship 0 0.997665 votes=1
496.87 235.71 528.84 235.82 528.81 245.98 496.84 245.87 ship 0 0.997602 votes=1
599.13 323.93 636.76 324.13 636.69 336.77 599.07 336.57 ship 0 0.997488 votes=1
4.91 193.99 66.02 193.45 66.15 207.96 5.03 208.50 ship 0 0.997270 votes=1
402.21 258.26 428.87 257.81 429.06 268.52 402.39 268.97 ship 0 0.997255 votes=1
285.47 253.41 310.69 252.46 311.10 263.26 285.87 264.21 ship 0 0.997222 votes=1
601.44 187.75 640.89 186.93 641.17 200.18 601.72 201.00 ship 0 0.997055 votes=1
133.88 180.50 177.90 179.94 178.06 193.21 134.05 193.77 ship 0 0.996861 votes=1
189.80 325.81 221.41 327.17 220.84 340.44 189.23 339.08 ship 0 0.996777 votes=1
558.24 259.14 590.30 259.20 590.28 270.96 558.22 270.91 ship 0 0.996644 votes=1
542.87 170.23 573.54 169.94 573.64 180.56 542.97 180.85 ship 0 0.996600 votes=1
285.52 204.40 311.25 203.71 311.55 214.59 285.81 215.29 ship 0 0.996546 votes=1
403.34 306.19 429.35 305.68 429.53 315.03 403.52 315.54 ship 0 0.996469 votes=1
600.78 225.45 647.77 226.56 647.47 239.26 600.48 238.15 ship 0 0.996303 votes=1
76.94 273.57 107.64 274.91 107.23 284.32 76.53 282.98 ship 0 0.996262 votes=1
249.03 272.59 277.06 272.15 277.23 282.85 249.19 283.29 ship 0 0.996255 votes=1
556.87 186.69 591.85 186.62 591.87 198.59 556.89 198.66 ship 0 0.995846 votes=1
557.97 318.58 589.47 318.57 589.48 329.73 557.98 329.74 ship 0 0.995337 votes=1
402.25 293.57 425.49 293.17 425.65 302.60 402.41 303.00 ship 0 0.995128 votes=1
22.55 350.41 65.87 351.42 65.54 365.59 22.22 364.58 ship 0 0.994658 votes=1
364.77 379.65 392.24 381.45 391.57 391.61 364.10 389.82 ship 0 0.994375 votes=1
600.68 363.83 639.78 364.03 639.72 375.88 600.62 375.69 ship 0 0.992930 votes=1
401.57 379.97 427.45 379.87 427.49 390.91 401.61 391.01 ship 0 0.991757 votes=1
186.18 278.34 208.92 278.32 208.92 288.08 186.19 288.09 ship 0 0.991041 votes=1
401.25 224.40 421.79 223.98 421.99 233.36 401.44 233.78 ship 0 0.990612 votes=1
23.27 263.86 63.02 263.65 63.08 274.56 23.33 274.77 ship 0 0.990529 votes=1
251.31 329.20 278.35 329.93 278.08 339.63 251.05 338.90 ship 0 0.990319 votes=1
25.08 215.72 63.22 215.78 63.20 228.16 25.06 228.09 ship 0 0.990166 votes=1
166.15 375.93 210.22 374.87 210.48 385.74 166.42 386.80 ship 0 0.990049 votes=1
559.32 363.18 590.26 364.01 589.98 374.22 559.04 373.39 ship 0 0.989231 votes=1
564.48 214.03 589.44 214.58 589.22 224.81 564.26 224.26 ship 0 0.988997 votes=1
254.11 357.39 279.90 357.40 279.89 367.81 254.11 367.80 ship 0 0.987781 votes=1
560.45 377.93 561.11 182.73 637.44 182.99 636.78 378.19 harbor 0 0.987465 votes=1
185.62 208.32 211.21 208.57 211.12 217.66 185.53 217.41 ship 0 0.985316 votes=1
212.45 177.13 215.45 378.80 150.21 379.77 147.21 178.11 harbor 0 0.984837 votes=1
151.14 328.96 178.23 329.36 178.08 338.99 151.00 338.59 ship 0 0.984420 votes=1
183.66 262.34 212.54 262.49 212.49 273.02 183.61 272.88 ship 0 0.978557 votes=1
157.62 230.93 178.27 230.52 178.45 239.35 157.80 239.77 ship 0 0.977212 votes=1
249.43 178.62 273.91 178.80 273.84 187.98 249.37 187.81 ship 0 0.976003 votes=1
247.90 372.84 248.48 174.96 314.31 175.15 313.72 373.03 harbor 0 0.975684 votes=1
498.49 208.96 522.27 209.60 522.02 218.88 498.24 218.23 ship 0 0.974987 votes=1
26.95 372.38 28.04 160.30 105.23 160.69 104.14 372.78 harbor 0 0.964794 votes=1
463.51 385.14 466.61 183.55 520.15 184.38 517.05 385.96 harbor 0 0.959060 votes=1
360.39 387.86 362.05 183.64 426.44 184.17 424.78 388.39 harbor 0 0.957092 votes=1
468.74 366.44 491.00 370.31 489.52 378.82 467.26 374.95 ship 0 0.954059 votes=1
399.60 186.91 425.60 187.09 425.55 195.14 399.54 194.96 ship 0 0.937274 votes=1
497.01 187.81 523.21 187.68 523.26 196.84 497.06 196.97 ship 0 0.893085 votes=1
497.54 197.79 523.24 197.85 523.22 205.40 497.52 205.34 ship 0 0.890407 votes=1
468.52 327.97 489.43 328.10 489.37 338.21 468.45 338.09 ship 0 0.802067 votes=1
