448.10 375.65 506.29 472.65 477.92 489.67 419.73 392.67 ship 0 0.999038 votes=1
403.57 402.98 458.73 487.22 429.96 506.06 374.80 421.81 ship 0 0.998988 votes=1
441.87 285.22 472.34 341.13 453.74 351.26 423.27 295.36 ship 0 0.998627 votes=1
634.39 685.04 677.08 756.94 653.31 771.05 610.62 699.15 ship 0 0.998495 votes=1
273.28 281.06 345.71 398.42 305.62 423.15 233.20 305.80 ship 0 0.998379 votes=1
702.43 619.65 751.91 709.50 722.96 725.44 673.47 635.60 ship 0 0.998119 votes=1
395.85 279.07 439.53 356.90 412.97 371.80 369.30 293.97 ship 0 0.998068 votes=1
657.48 655.18 707.31 737.78 685.52 750.93 635.69 668.33 ship 0 0.997856 votes=1
527.87 334.67 605.78 474.73 562.01 499.08 484.09 359.02 ship 0 0.997703 votes=1
380.64 109.42 472.65 248.49 432.03 275.37 340.02 136.30 ship 0 0.997614 votes=1
94.72 391.00 164.35 512.18 129.17 532.40 59.54 411.21 ship 0 0.997081 votes=1
275.87 485.08 332.53 586.39 300.76 604.15 244.11 502.85 ship 0 0.996438 votes=1
557.60 727.16 595.70 799.65 566.45 815.02 528.35 742.53 ship 0 0.995954 votes=1
323.63 238.74 398.37 370.32 355.22 394.83 280.49 263.24 ship 0 0.995952 votes=1
183.86 537.95 248.80 641.00 217.62 660.65 152.68 557.59 ship 0 0.995691 votes=1
254.37 360.55 295.62 431.56 270.59 446.10 229.34 375.09 ship 0 0.995654 votes=1
144.23 341.31 232.99 473.86 187.25 504.49 98.49 371.94 ship 0 0.993621 votes=1
-2.92 496.90 517.44 155.98 658.93 371.94 138.57 712.86 harbor 0 0.971418 votes=1
