198.96 340.04 200.19 381.55 187.28 381.93 186.05 340.42 ship 0 0.999159 votes=1
257.41 180.83 257.42 222.55 243.66 222.56 243.65 180.84 ship 0 0.999148 votes=1
313.21 519.59 313.58 568.82 299.43 568.93 299.06 519.70 ship 0 0.999120 votes=1
306.37 231.14 307.06 270.05 293.03 270.30 292.34 231.39 ship 0 0.999115 votes=1
259.65 435.17 260.19 388.44 274.08 388.60 273.54 435.33 ship 0 0.999018 votes=1
129.29 708.57 129.32 669.87 142.34 669.88 142.32 708.58 ship 0 0.998975 votes=1
244.51 524.43 244.95 573.35 230.74 573.48 230.30 524.56 ship 0 0.998947 votes=1
162.68 180.41 163.22 219.21 151.09 219.38 150.56 180.58 ship 0 0.998946 votes=1
274.84 228.48 275.37 271.45 261.92 271.61 261.39 228.65 ship 0 0.998773 votes=1
430.82 383.31 431.09 342.36 444.63 342.45 444.36 383.40 ship 0 0.998760 votes=1
468.64 543.44 469.32 500.44 482.20 500.64 481.52 543.65 ship 0 0.998736 votes=1
227.52 524.48 227.65 573.15 213.43 573.19 213.31 524.52 ship 0 0.998727 votes=1
500.14 431.73 500.41 385.58 514.46 385.66 514.20 431.81 ship 0 0.998676 votes=1
208.12 528.25 208.84 569.59 195.45 569.82 194.73 528.48 ship 0 0.998632 votes=1
263.59 380.16 263.63 340.54 276.81 340.55 276.77 380.18 ship 0 0.998628 votes=1
482.31 393.88 482.31 427.78 471.08 427.79 471.08 393.88 ship 0 0.998592 votes=1
195.54 233.38 195.73 271.00 183.49 271.06 183.29 233.44 ship 0 0.998583 votes=1
497.59 502.37 498.06 541.69 485.30 541.85 484.83 502.53 ship 0 0.998522 votes=1
405.21 504.76 405.31 546.23 392.37 546.27 392.27 504.79 ship 0 0.998286 votes=1
336.04 229.24 337.34 265.51 325.76 265.93 324.46 229.66 ship 0 0.998282 votes=1
500.56 542.12 501.11 505.09 514.41 505.29 513.86 542.32 ship 0 0.998266 votes=1
606.80 501.84 608.56 539.70 595.92 540.28 594.17 502.42 ship 0 0.998160 votes=1
203.22 392.17 203.52 433.17 190.66 433.27 190.35 392.27 ship 0 0.998122 votes=1
155.43 672.43 158.39 705.92 147.36 706.90 144.40 673.40 ship 0 0.998113 votes=1
366.45 524.20 366.91 567.35 352.58 567.50 352.12 524.35 ship 0 0.998103 votes=1
169.48 381.67 169.77 339.94 182.61 340.03 182.32 381.75 ship 0 0.998038 votes=1
303.78 179.03 304.32 220.89 291.14 221.06 290.61 179.20 ship 0 0.997964 votes=1
656.36 502.10 657.12 557.99 644.11 558.17 643.36 502.28 ship 0 0.997960 votes=1
146.38 177.54 146.73 223.94 131.99 224.06 131.63 177.66 ship 0 0.997891 votes=1
287.50 180.56 288.35 220.64 275.56 220.92 274.71 180.83 ship 0 0.997850 votes=1
293.23 523.34 294.82 566.53 281.91 567.01 280.32 523.82 ship 0 0.997713 votes=1
338.71 341.26 339.12 372.93 328.27 373.07 327.86 341.40 ship 0 0.997673 votes=1
207.60 435.29 207.60 390.18 219.15 390.18 219.15 435.29 ship 0 0.997660 votes=1
259.17 229.66 259.18 268.66 247.21 268.66 247.20 229.67 ship 0 0.997587 votes=1
485.10 427.95 485.70 389.87 497.66 390.06 497.06 428.14 ship 0 0.997571 votes=1
242.45 234.73 242.57 268.75 231.93 268.78 231.82 234.76 ship 0 0.997568 votes=1
226.06 673.55 226.09 702.35 214.95 702.37 214.92 673.56 ship 0 0.997534 votes=1
561.84 540.13 562.42 499.02 575.33 499.20 574.75 540.32 ship 0 0.997486 votes=1
302.35 582.09 303.19 612.36 292.48 612.66 291.64 582.39 ship 0 0.997443 votes=1
398.30 345.60 399.01 381.94 386.91 382.18 386.19 345.84 ship 0 0.997435 votes=1
306.35 611.61 306.46 579.41 317.74 579.45 317.63 611.65 ship 0 0.997414 votes=1
379.07 744.62 379.13 711.20 389.77 711.22 389.71 744.64 ship 0 0.997264 votes=1
590.08 500.03 590.61 537.41 578.43 537.58 577.91 500.20 ship 0 0.997256 votes=1
156.08 523.72 156.28 580.09 142.02 580.14 141.82 523.77 ship 0 0.997022 votes=1
625.74 540.21 626.46 501.77 639.56 502.02 638.84 540.46 ship 0 0.997003 votes=1
148.05 347.68 148.62 383.61 135.88 383.82 135.30 347.88 ship 0 0.996952 votes=1
435.24 502.82 436.21 544.87 422.91 545.18 421.94 503.13 ship 0 0.996951 votes=1
167.03 336.41 167.98 380.12 154.04 380.42 153.09 336.71 ship 0 0.996857 votes=1
146.55 234.34 147.99 274.13 135.80 274.57 134.36 234.78 ship 0 0.996841 votes=1
349.17 700.10 349.40 666.27 359.71 666.34 359.48 700.17 ship 0 0.996810 votes=1
178.41 183.16 178.64 222.88 167.09 222.95 166.85 183.22 ship 0 0.996735 votes=1
199.41 715.55 200.07 746.56 188.94 746.79 188.28 715.78 ship 0 0.996695 votes=1
466.03 504.90 466.79 537.44 454.38 537.72 453.63 505.19 ship 0 0.996684 votes=1
296.56 377.12 296.56 339.56 309.60 339.56 309.59 377.12 ship 0 0.996676 votes=1
400.90 380.16 401.22 342.79 412.92 342.89 412.59 380.26 ship 0 0.996662 votes=1
319.48 670.60 320.56 699.65 309.57 700.06 308.49 671.00 ship 0 0.996591 votes=1
167.25 268.29 167.39 234.97 178.90 235.02 178.76 268.33 ship 0 0.996553 votes=1
203.08 746.83 203.09 715.72 213.58 715.73 213.57 746.83 ship 0 0.996495 votes=1
426.81 345.37 427.44 379.52 417.77 379.70 417.14 345.55 ship 0 0.996168 votes=1
384.60 580.80 385.36 613.68 374.91 613.93 374.15 581.04 ship 0 0.996140 votes=1
418.82 508.19 418.98 543.43 407.53 543.49 407.38 508.24 ship 0 0.995885 votes=1
162.85 238.33 163.19 273.90 151.94 274.01 151.60 238.43 ship 0 0.995880 votes=1
622.77 500.07 624.06 538.96 611.64 539.37 610.35 500.48 ship 0 0.995842 votes=1
559.14 499.55 560.62 541.32 548.35 541.75 546.88 499.98 ship 0 0.995835 votes=1
253.18 670.94 253.26 704.97 240.89 704.99 240.82 670.96 ship 0 0.995665 votes=1
189.53 528.54 190.60 571.29 177.75 571.61 176.67 528.86 ship 0 0.995561 votes=1
348.02 710.74 348.14 744.03 337.67 744.07 337.54 710.78 ship 0 0.995347 votes=1
170.51 676.07 170.96 705.54 160.39 705.70 159.94 676.24 ship 0 0.995343 votes=1
255.17 716.07 255.79 745.77 245.04 745.99 244.42 716.30 ship 0 0.995269 votes=1
225.93 188.33 226.09 221.70 213.48 221.76 213.32 188.39 ship 0 0.995114 votes=1
237.93 617.36 237.97 584.03 249.36 584.04 249.31 617.37 ship 0 0.994838 votes=1
292.37 669.69 296.69 703.11 284.49 704.68 280.18 671.27 ship 0 0.994710 votes=1
279.32 669.73 279.35 703.83 268.27 703.84 268.25 669.74 ship 0 0.994688 votes=1
370.17 579.98 370.42 613.23 361.10 613.31 360.84 580.05 ship 0 0.994627 votes=1
210.53 232.48 210.53 266.34 199.53 266.34 199.53 232.48 ship 0 0.994504 votes=1
195.82 223.92 196.13 182.21 209.82 182.31 209.50 224.02 ship 0 0.994493 votes=1
275.88 582.83 276.39 613.57 265.92 613.75 265.40 583.00 ship 0 0.994374 votes=1
284.09 745.62 284.20 713.56 294.50 713.59 294.40 745.65 ship 0 0.994367 votes=1
344.37 580.13 344.58 612.75 333.18 612.82 332.97 580.20 ship 0 0.994250 votes=1
308.56 391.04 309.65 433.69 296.95 434.02 295.86 391.37 ship 0 0.994183 votes=1
185.58 392.51 185.85 439.27 171.97 439.35 171.70 392.60 ship 0 0.993752 votes=1
387.35 669.60 389.06 698.18 378.28 698.82 376.57 670.25 ship 0 0.993680 votes=1
433.33 757.59 433.80 784.09 424.19 784.26 423.72 757.76 ship 0 0.992920 votes=1
182.15 587.40 182.55 617.17 172.61 617.31 172.21 587.54 ship 0 0.992894 votes=1
184.86 673.98 185.80 703.71 175.44 704.04 174.49 674.31 ship 0 0.992820 votes=1
530.95 531.28 531.02 501.83 542.45 501.85 542.39 531.30 ship 0 0.992736 votes=1
572.08 717.65 573.59 743.01 564.59 743.54 563.08 718.19 ship 0 0.992357 votes=1
560.29 650.78 560.74 678.41 549.32 678.60 548.87 650.97 ship 0 0.992241 votes=1
293.69 341.44 294.21 378.07 281.24 378.25 280.72 341.63 ship 0 0.992170 votes=1
597.91 742.36 598.27 717.44 607.25 717.57 606.90 742.48 ship 0 0.992142 votes=1
186.59 715.96 186.81 747.28 175.71 747.35 175.50 716.04 ship 0 0.992008 votes=1
440.75 427.53 440.76 396.67 451.22 396.68 451.21 427.53 ship 0 0.991900 votes=1
234.23 586.76 234.29 614.81 224.32 614.84 224.26 586.78 ship 0 0.991634 votes=1
361.61 386.05 361.72 430.93 348.34 430.97 348.24 386.08 ship 0 0.991414 votes=1
229.06 339.72 230.27 376.60 219.51 376.95 218.31 340.08 ship 0 0.991184 votes=1
229.19 746.41 229.38 715.70 240.98 715.77 240.79 746.48 ship 0 0.991154 votes=1
277.00 525.50 277.65 570.85 265.84 571.02 265.19 525.67 ship 0 0.991070 votes=1
334.28 669.75 334.86 701.92 323.67 702.13 323.09 669.96 ship 0 0.990824 votes=1
146.66 752.12 147.21 715.87 158.93 716.05 158.38 752.30 ship 0 0.990703 votes=1
188.65 703.91 188.70 674.75 199.77 674.77 199.72 703.93 ship 0 0.990666 votes=1
593.56 615.11 594.55 641.33 584.14 641.72 583.15 615.51 ship 0 0.990274 votes=1
166.69 392.98 167.42 435.15 156.41 435.35 155.68 393.17 ship 0 0.990102 votes=1
123.57 181.84 335.11 181.05 335.44 269.29 123.90 270.08 harbor 0 0.989920 votes=1
147.51 392.90 148.03 433.34 134.73 433.51 134.21 393.07 ship 0 0.989066 votes=1
373.85 712.37 374.87 741.13 365.81 741.46 364.79 712.70 ship 0 0.988842 votes=1
524.90 718.84 526.26 743.77 516.86 744.28 515.51 719.35 ship 0 0.988460 votes=1
263.12 582.13 264.28 616.34 253.09 616.72 251.93 582.51 ship 0 0.988264 votes=1
468.72 756.23 469.14 782.41 458.14 782.59 457.71 756.41 ship 0 0.987994 votes=1
308.74 712.76 308.91 745.81 297.00 745.87 296.83 712.82 ship 0 0.987644 votes=1
195.74 586.02 196.49 616.39 186.14 616.64 185.39 586.27 ship 0 0.987632 votes=1
675.06 725.26 676.42 769.00 664.33 769.37 662.98 725.63 ship 0 0.987531 votes=1
105.80 253.44 108.26 176.70 127.78 177.33 125.32 254.07 ship 0 0.987477 votes=1
570.71 618.82 570.95 642.67 562.06 642.76 561.82 618.91 ship 0 0.987213 votes=1
330.62 581.40 331.16 613.15 319.86 613.34 319.32 581.60 ship 0 0.986603 votes=1
622.38 749.58 622.60 776.09 612.52 776.18 612.30 749.67 ship 0 0.986599 votes=1
617.79 615.26 618.37 640.63 609.80 640.83 609.22 615.46 ship 0 0.986302 votes=1
642.12 613.36 643.15 641.43 631.01 641.87 629.99 613.80 ship 0 0.986173 votes=1
453.07 654.76 453.30 681.22 443.44 681.30 443.21 654.84 ship 0 0.986116 votes=1
407.70 721.75 408.10 746.75 398.98 746.90 398.58 721.89 ship 0 0.985928 votes=1
320.52 711.92 320.66 742.27 311.11 742.31 310.98 711.97 ship 0 0.985850 votes=1
438.87 621.48 438.87 645.66 430.34 645.66 430.34 621.48 ship 0 0.985566 votes=1
491.77 753.90 492.30 781.31 481.30 781.52 480.77 754.12 ship 0 0.985097 votes=1
374.10 667.56 375.29 699.51 364.51 699.91 363.31 667.96 ship 0 0.985047 votes=1
407.59 758.98 410.79 789.53 401.35 790.52 398.16 759.97 ship 0 0.984916 votes=1
665.97 614.35 666.10 640.44 656.19 640.49 656.06 614.40 ship 0 0.984706 votes=1
596.87 676.03 597.04 649.72 607.07 649.78 606.90 676.10 ship 0 0.984409 votes=1
465.66 681.16 465.74 654.04 475.38 654.07 475.30 681.19 ship 0 0.984213 votes=1
431.61 721.78 431.61 748.10 421.14 748.10 421.13 721.79 ship 0 0.983684 votes=1
535.19 651.43 535.29 678.60 525.47 678.63 525.37 651.46 ship 0 0.983513 votes=1
130.32 350.56 130.78 396.11 118.21 396.24 117.75 350.69 ship 0 0.983084 votes=1
639.48 548.84 640.05 575.57 628.86 575.80 628.29 549.08 ship 0 0.981866 votes=1
512.41 677.08 512.88 653.47 522.48 653.66 522.02 677.28 ship 0 0.981535 votes=1
379.03 390.48 379.23 429.57 368.75 429.63 368.54 390.54 ship 0 0.979933 votes=1
595.79 639.52 596.37 615.29 605.53 615.51 604.96 639.74 ship 0 0.979573 votes=1
235.27 378.03 235.38 340.02 247.27 340.05 247.16 378.06 ship 0 0.978511 votes=1
333.63 711.33 333.73 743.27 323.55 743.30 323.45 711.36 ship 0 0.977755 votes=1
143.81 615.74 143.83 584.29 153.57 584.29 153.55 615.75 ship 0 0.977303 votes=1
403.39 624.37 403.99 645.54 395.00 645.79 394.41 624.62 ship 0 0.976443 votes=1
454.80 724.10 456.79 747.12 447.88 747.88 445.90 724.87 ship 0 0.973570 votes=1
581.45 651.93 583.98 674.94 574.73 675.96 572.19 652.95 ship 0 0.972125 votes=1
324.16 388.45 325.49 431.30 313.96 431.66 312.63 388.81 ship 0 0.971141 votes=1
357.80 578.98 358.02 611.38 346.85 611.46 346.63 579.06 ship 0 0.971078 votes=1
433.80 748.25 434.31 721.52 443.28 721.69 442.76 748.42 ship 0 0.970493 votes=1
140.40 528.97 392.28 523.89 394.08 612.94 142.20 618.02 harbor 0 0.970151 votes=1
417.02 656.44 417.32 681.69 407.30 681.81 407.00 656.57 ship 0 0.969977 votes=1
570.61 550.30 571.16 575.24 561.84 575.45 561.29 550.51 ship 0 0.966082 votes=1
520.10 552.81 521.98 577.62 513.83 578.23 511.95 553.42 ship 0 0.965406 votes=1
392.41 622.96 675.25 615.76 676.76 675.07 393.92 682.27 harbor 0 0.964529 votes=1
386.56 507.33 641.69 499.56 643.95 573.64 388.82 581.41 harbor 0 0.963007 votes=1
139.80 673.28 397.66 667.27 399.45 743.89 141.59 749.90 harbor 0 0.962722 votes=1
438.11 552.46 439.33 578.39 430.31 578.82 429.09 552.88 ship 0 0.961590 votes=1
439.12 655.74 439.12 680.73 429.94 680.73 429.93 655.74 ship 0 0.960587 votes=1
361.57 711.97 361.68 743.95 351.40 743.99 351.29 712.01 ship 0 0.958200 votes=1
587.58 741.94 587.71 716.69 596.61 716.73 596.48 741.99 ship 0 0.957825 votes=1
389.99 728.81 656.03 715.77 658.84 773.12 392.80 786.16 harbor 0 0.953938 votes=1
560.38 718.61 560.39 744.88 549.81 744.89 549.79 718.62 ship 0 0.953305 votes=1
129.79 340.09 406.17 334.83 408.00 431.04 131.62 436.30 harbor 0 0.949112 votes=1
648.32 741.24 648.75 717.33 658.74 717.51 658.31 741.42 ship 0 0.948175 votes=1
620.85 715.48 620.94 742.92 611.24 742.95 611.15 715.51 ship 0 0.947645 votes=1
477.32 678.84 477.33 652.99 487.17 653.00 487.16 678.85 ship 0 0.941475 votes=1
641.97 641.10 642.34 613.37 652.12 613.50 651.74 641.23 ship 0 0.940439 votes=1
424.82 622.37 426.70 646.76 417.84 647.44 415.96 623.05 ship 0 0.939395 votes=1
585.61 753.13 586.22 778.31 576.25 778.55 575.65 753.37 ship 0 0.934468 votes=1
641.98 650.46 642.56 674.18 633.36 674.41 632.78 650.68 ship 0 0.932051 votes=1
644.16 717.41 644.18 742.85 634.40 742.86 634.38 717.42 ship 0 0.930513 votes=1
214.31 341.03 214.35 381.03 202.93 381.04 202.89 341.04 ship 0 0.930194 votes=1
405.32 655.37 405.72 680.42 396.99 680.56 396.59 655.51 ship 0 0.929137 votes=1
523.61 644.64 523.68 618.15 533.62 618.18 533.55 644.67 ship 0 0.927228 votes=1
434.76 392.16 434.80 427.01 423.84 427.02 423.80 392.17 ship 0 0.922311 votes=1
693.78 635.11 694.14 662.13 683.96 662.26 683.61 635.25 ship 0 0.921303 votes=1
488.95 721.51 489.90 746.90 479.54 747.29 478.59 721.90 ship 0 0.909208 votes=1
501.11 719.84 501.28 745.52 491.91 745.58 491.75 719.90 ship 0 0.907499 votes=1
289.19 229.86 290.55 268.83 279.36 269.23 278.00 230.25 ship 0 0.892220 votes=1
667.86 673.68 668.03 649.90 677.52 649.97 677.35 673.74 ship 0 0.889741 votes=1
281.27 712.88 281.32 745.76 271.84 745.77 271.79 712.90 ship 0 0.882592 votes=1
667.95 641.05 668.43 615.05 678.67 615.24 678.19 641.24 ship 0 0.876125 votes=1
414.06 554.95 415.34 578.13 405.45 578.67 404.18 555.49 ship 0 0.867651 votes=1
237.79 671.61 238.08 702.66 229.48 702.74 229.20 671.69 ship 0 0.860105 votes=1
466.90 390.14 467.62 429.05 456.68 429.25 455.96 390.35 ship 0 0.841055 votes=1
415.97 579.25 416.55 553.99 425.20 554.19 424.62 579.45 ship 0 0.831090 votes=1
607.49 549.80 608.25 574.27 599.37 574.55 598.62 550.08 ship 0 0.769644 votes=1
621.48 549.56 621.62 575.25 612.53 575.29 612.39 549.61 ship 0 0.751930 votes=1
484.48 551.18 484.52 578.97 473.51 578.99 473.47 551.19 ship 0 0.722356 votes=1
497.63 553.60 497.90 579.25 488.53 579.35 488.26 553.69 ship 0 0.709679 votes=1
499.25 578.17 499.32 552.09 509.31 552.12 509.24 578.19 ship 0 0.620205 votes=1
