255.63 317.74 255.67 276.23 272.86 276.25 272.82 317.75 ship 0 0.998456 votes=1
162.46 571.93 165.94 518.73 185.45 520.00 181.98 573.20 ship 0 0.998431 votes=1
377.79 557.27 378.12 521.69 390.57 521.81 390.24 557.38 ship 0 0.998305 votes=1
321.77 604.88 323.16 565.99 337.26 566.50 335.86 605.39 ship 0 0.997874 votes=1
470.43 357.65 470.93 311.52 488.17 311.71 487.67 357.83 ship 0 0.997571 votes=1
411.21 303.58 411.31 335.05 398.58 335.09 398.49 303.62 ship 0 0.997449 votes=1
124.15 71.86 153.23 63.07 156.12 72.63 127.04 81.43 ship 0 0.997255 votes=1
485.17 564.54 486.25 531.25 498.48 531.64 497.40 564.93 ship 0 0.997216 votes=1
339.47 334.46 339.66 299.59 351.76 299.66 351.57 334.52 ship 0 0.997150 votes=1
262.47 438.93 266.41 403.84 278.27 405.17 274.33 440.26 ship 0 0.997129 votes=1
520.90 356.18 522.55 311.07 540.91 311.74 539.25 356.86 ship 0 0.996959 votes=1
259.44 479.23 261.83 449.80 272.90 450.70 270.51 480.13 ship 0 0.996493 votes=1
251.81 281.00 251.95 313.85 239.36 313.90 239.23 281.05 ship 0 0.996483 votes=1
500.70 562.38 501.14 533.12 511.92 533.29 511.48 562.54 ship 0 0.996315 votes=1
468.26 562.64 468.57 524.57 482.66 524.69 482.34 562.76 ship 0 0.996262 votes=1
464.98 530.90 465.52 560.05 453.23 560.28 452.69 531.12 ship 0 0.996057 votes=1
358.94 413.49 358.98 442.91 347.63 442.92 347.60 413.50 ship 0 0.995911 votes=1
476.11 452.40 478.14 420.79 489.06 421.50 487.02 453.11 ship 0 0.995879 votes=1
448.07 568.71 474.09 568.81 474.06 578.24 448.03 578.14 ship 0 0.995797 votes=1
439.86 612.20 464.25 612.19 464.25 621.10 439.86 621.11 ship 0 0.995523 votes=1
438.89 336.31 441.96 302.20 457.43 303.59 454.36 337.70 ship 0 0.995428 votes=1
423.86 559.84 423.88 530.51 435.85 530.52 435.83 559.84 ship 0 0.995424 votes=1
420.59 448.98 420.61 416.07 435.63 416.08 435.62 448.98 ship 0 0.995043 votes=1
527.35 565.44 527.36 538.32 537.63 538.32 537.62 565.45 ship 0 0.995023 votes=1
286.28 609.81 288.50 565.65 304.73 566.47 302.51 610.63 ship 0 0.994943 votes=1
393.31 558.89 393.43 524.15 405.43 524.19 405.31 558.93 ship 0 0.994662 votes=1
380.86 446.48 381.02 413.41 392.84 413.47 392.68 446.54 ship 0 0.994644 votes=1
244.31 325.59 244.84 353.88 234.35 354.08 233.82 325.78 ship 0 0.994585 votes=1
337.65 372.21 337.99 345.49 349.51 345.64 349.16 372.35 ship 0 0.994458 votes=1
300.04 552.86 300.19 528.09 311.00 528.16 310.85 552.92 ship 0 0.994386 votes=1
295.64 440.99 295.78 410.12 307.88 410.18 307.75 441.04 ship 0 0.994285 votes=1
369.45 336.18 370.19 299.01 384.89 299.30 384.15 336.47 ship 0 0.994256 votes=1
390.00 373.13 390.51 346.50 402.15 346.72 401.64 373.35 ship 0 0.994204 votes=1
335.63 311.51 336.27 334.35 325.90 334.64 325.26 311.80 ship 0 0.994181 votes=1
409.01 559.39 409.28 527.10 421.19 527.20 420.92 559.49 ship 0 0.994167 votes=1
406.21 447.45 408.32 416.24 419.63 417.01 417.52 448.22 ship 0 0.994034 votes=1
374.54 527.52 374.60 553.98 364.28 554.00 364.21 527.55 ship 0 0.993954 votes=1
559.17 456.32 559.31 427.48 570.57 427.53 570.43 456.38 ship 0 0.993761 votes=1
440.66 374.06 440.89 349.08 453.04 349.20 452.81 374.17 ship 0 0.993699 votes=1
361.70 372.00 362.74 344.03 372.98 344.42 371.94 372.39 ship 0 0.993598 votes=1
224.52 589.49 224.72 548.55 238.24 548.62 238.04 589.55 ship 0 0.993582 votes=1
218.76 278.79 218.89 313.22 203.95 313.28 203.83 278.84 ship 0 0.993537 votes=1
530.96 423.96 531.10 454.85 519.88 454.90 519.75 424.01 ship 0 0.993490 votes=1
394.10 446.60 395.31 417.39 405.26 417.81 404.04 447.02 ship 0 0.993309 votes=1
460.32 419.46 460.76 451.11 449.28 451.28 448.83 419.62 ship 0 0.993142 votes=1
560.69 464.48 598.51 465.72 598.13 477.34 560.30 476.09 ship 0 0.993122 votes=1
575.74 538.43 577.58 564.48 567.09 565.22 565.25 539.17 ship 0 0.993106 votes=1
504.18 454.40 504.57 421.27 517.29 421.42 516.90 454.55 ship 0 0.992725 votes=1
325.46 554.03 325.61 525.75 336.26 525.81 336.11 554.09 ship 0 0.992647 votes=1
198.49 73.69 215.63 50.28 223.23 55.84 206.09 79.26 ship 0 0.992646 votes=1
273.99 316.99 274.64 280.88 286.61 281.10 285.96 317.20 ship 0 0.992554 votes=1
339.57 554.78 339.89 524.49 351.81 524.61 351.49 554.90 ship 0 0.992416 votes=1
376.58 373.43 376.64 346.90 387.22 346.93 387.16 373.45 ship 0 0.992402 votes=1
403.65 373.91 404.44 347.01 414.59 347.30 413.80 374.21 ship 0 0.992362 votes=1
320.94 444.17 321.06 413.33 331.60 413.37 331.48 444.21 ship 0 0.992128 votes=1
474.52 418.95 475.09 451.11 463.27 451.32 462.70 419.16 ship 0 0.991947 votes=1
543.39 453.65 546.52 420.19 558.66 421.32 555.53 454.78 ship 0 0.991029 votes=1
152.51 523.51 156.72 597.97 129.73 599.50 125.52 525.04 ship 0 0.990445 votes=1
502.19 356.13 503.49 311.97 518.12 312.40 516.83 356.56 ship 0 0.990138 votes=1
268.71 325.63 268.87 354.01 256.75 354.08 256.59 325.69 ship 0 0.989458 votes=1
490.19 453.10 490.84 420.84 504.02 421.10 503.37 453.37 ship 0 0.989293 votes=1
414.13 337.02 414.81 306.18 426.75 306.44 426.07 337.28 ship 0 0.988642 votes=1
561.78 544.20 564.48 567.32 554.48 568.49 551.78 545.36 ship 0 0.988360 votes=1
201.72 270.34 201.74 316.89 183.90 316.90 183.89 270.35 ship 0 0.987932 votes=1
247.24 475.84 249.86 449.18 260.13 450.19 257.51 476.85 ship 0 0.987819 votes=1
311.84 477.52 313.90 452.13 323.95 452.95 321.89 478.33 ship 0 0.987215 votes=1
367.71 299.81 367.76 336.45 352.03 336.47 351.98 299.83 ship 0 0.987082 votes=1
295.51 451.18 297.39 478.60 286.33 479.35 284.45 451.93 ship 0 0.986534 votes=1
263.08 552.45 263.33 580.01 252.85 580.10 252.60 552.54 ship 0 0.986383 votes=1
292.49 364.36 293.38 326.02 307.75 326.35 306.86 364.69 ship 0 0.986027 votes=1
182.25 434.55 182.51 459.33 172.46 459.43 172.21 434.66 ship 0 0.985660 votes=1
355.97 569.84 356.06 603.51 340.80 603.55 340.72 569.88 ship 0 0.985315 votes=1
333.31 444.69 333.85 418.16 344.81 418.38 344.27 444.91 ship 0 0.985095 votes=1
268.67 354.21 268.90 324.98 281.17 325.07 280.94 354.31 ship 0 0.984296 votes=1
590.67 532.69 611.62 520.22 615.75 527.16 594.80 539.63 ship 0 0.982889 votes=1
250.60 554.16 251.29 589.16 239.11 589.40 238.42 554.40 ship 0 0.982713 votes=1
296.82 520.30 297.72 550.37 286.86 550.69 285.96 520.62 ship 0 0.981887 votes=1
491.78 363.71 517.05 364.31 516.85 372.83 491.58 372.23 ship 0 0.980786 votes=1
351.40 556.30 352.58 524.17 363.03 524.55 361.85 556.68 ship 0 0.979935 votes=1
209.07 352.07 209.90 324.20 219.54 324.48 218.70 352.36 ship 0 0.978706 votes=1
499.62 486.04 501.69 460.24 512.45 461.10 510.38 486.90 ship 0 0.977237 votes=1
532.91 487.63 533.36 464.32 544.98 464.55 544.53 487.85 ship 0 0.977135 votes=1
233.18 476.44 234.95 448.65 247.79 449.47 246.02 477.26 ship 0 0.975573 votes=1
532.75 453.97 533.55 420.99 545.44 421.28 544.63 454.26 ship 0 0.973718 votes=1
231.46 327.04 231.62 353.55 220.72 353.62 220.56 327.11 ship 0 0.972943 votes=1
292.82 325.91 293.19 353.66 281.27 353.82 280.90 326.07 ship 0 0.972941 votes=1
149.35 349.28 149.55 270.42 175.59 270.48 175.40 349.35 ship 0 0.971861 votes=1
248.16 437.54 249.59 403.74 261.50 404.24 260.07 438.05 ship 0 0.970043 votes=1
297.59 477.33 299.16 450.80 309.16 451.38 307.60 477.92 ship 0 0.969476 votes=1
367.92 455.55 367.95 479.91 357.81 479.92 357.78 455.56 ship 0 0.968055 votes=1
334.24 344.01 334.69 365.18 325.05 365.38 324.60 344.22 ship 0 0.967689 votes=1
476.49 487.61 478.64 465.26 487.84 466.15 485.70 488.49 ship 0 0.967042 votes=1
222.45 472.50 223.22 448.50 233.10 448.81 232.33 472.82 ship 0 0.963536 votes=1
283.73 451.60 283.73 478.87 273.81 478.88 273.81 451.60 ship 0 0.961427 votes=1
463.33 483.94 466.61 458.92 476.78 460.25 473.50 485.27 ship 0 0.959761 votes=1
455.35 483.57 455.57 459.82 465.66 459.92 465.44 483.67 ship 0 0.950987 votes=1
581.00 457.87 581.12 432.52 591.82 432.57 591.69 457.93 ship 0 0.950799 votes=1
214.17 523.17 214.70 556.19 198.37 556.45 197.84 523.43 ship 0 0.947426 votes=1
169.01 278.31 590.83 310.80 585.20 383.86 163.38 351.36 harbor 0 0.946085 votes=1
308.82 443.12 309.44 411.80 320.05 412.01 319.43 443.33 ship 0 0.945240 votes=1
590.40 550.09 591.65 568.93 582.32 569.55 581.07 550.71 ship 0 0.944574 votes=1
10.83 167.93 27.18 163.58 28.91 170.10 12.56 174.44 ship 0 0.944418 votes=1
206.84 584.64 207.00 560.70 216.84 560.77 216.67 584.70 ship 0 0.939552 votes=1
137.03 517.07 662.41 528.70 660.40 619.33 135.02 607.70 harbor 0 0.935732 votes=1
209.78 406.55 594.87 422.27 592.15 488.91 207.06 473.19 harbor 0 0.935012 votes=1
404.53 455.63 404.55 481.28 393.03 481.29 393.01 455.63 ship 0 0.933001 votes=1
593.02 457.96 593.13 433.99 604.13 434.04 604.03 458.01 ship 0 0.931792 votes=1
629.44 547.61 637.97 568.15 630.05 571.44 621.51 550.90 ship 0 0.929617 votes=1
520.69 484.79 521.69 462.31 530.58 462.71 529.58 485.19 ship 0 0.921697 votes=1
195.74 351.68 196.17 325.51 206.93 325.68 206.51 351.86 ship 0 0.920873 votes=1
632.12 514.14 656.86 514.92 656.59 523.70 631.84 522.93 ship 0 0.920286 votes=1
427.46 372.35 428.62 347.73 439.39 348.24 438.23 372.86 ship 0 0.913481 votes=1
596.70 406.92 597.05 427.68 589.56 427.81 589.21 407.05 ship 0 0.897789 votes=1
590.14 377.25 593.62 396.89 585.56 398.31 582.08 378.67 ship 0 0.897560 votes=1
410.89 482.52 411.12 458.18 421.44 458.28 421.21 482.61 ship 0 0.895264 votes=1
417.40 372.47 418.03 347.73 429.32 348.02 428.69 372.76 ship 0 0.882970 votes=1
430.24 459.50 430.25 482.18 420.34 482.18 420.34 459.50 ship 0 0.869904 votes=1
647.46 557.50 667.85 542.79 672.76 549.60 652.37 564.30 ship 0 0.866964 votes=1
177.23 380.84 178.17 360.44 186.99 360.85 186.06 381.25 ship 0 0.831883 votes=1
301.83 610.67 302.77 565.00 319.00 565.33 318.06 611.00 ship 0 0.830685 votes=1
370.48 479.84 370.74 455.15 383.85 455.29 383.58 479.98 ship 0 0.826842 votes=1
436.98 305.82 438.20 338.94 428.41 339.30 427.20 306.18 ship 0 0.750779 votes=1
426.66 593.46 450.20 593.89 450.04 602.53 426.51 602.10 ship 0 0.729255 votes=1
520.33 364.90 539.63 364.73 539.71 372.88 520.40 373.05 ship 0 0.723569 votes=1
617.90 365.33 618.31 387.79 609.80 387.95 609.39 365.48 ship 0 0.697971 votes=1
615.49 549.82 620.78 566.54 607.46 570.75 602.17 554.03 ship 0 0.669246 votes=1
558.72 313.09 558.79 359.50 543.91 359.52 543.84 313.11 ship 0 0.662238 votes=1
490.12 356.80 490.26 311.48 502.22 311.52 502.08 356.84 ship 0 0.645245 votes=1
644.46 547.32 663.41 533.73 668.27 540.50 649.31 554.09 ship 0 0.642338 votes=1
348.48 476.83 349.46 454.61 358.34 455.01 357.35 477.22 ship 0 0.640518 votes=1
630.94 411.99 636.81 432.59 626.10 435.64 620.23 415.05 ship 0 0.611287 votes=1
