412.02 532.92 488.72 526.24 490.90 551.33 414.20 558.01 ship 0 0.999351 votes=1
142.67 705.17 170.91 732.31 159.96 743.71 131.72 716.56 vehicle 0 0.998998 votes=1
268.10 452.50 268.35 394.80 287.90 394.88 287.65 452.58 ship 0 0.998669 votes=1
193.49 324.33 196.45 371.40 177.12 372.62 174.16 325.55 ship 0 0.998040 votes=1
323.11 329.97 324.53 380.82 304.38 381.38 302.96 330.53 ship 0 0.997750 votes=1
192.46 414.68 192.76 455.96 176.84 456.07 176.54 414.79 ship 0 0.997426 votes=1
216.34 447.70 255.17 446.63 255.60 462.10 216.77 463.18 ship 0 0.986323 votes=1
340.51 443.41 384.41 443.79 384.29 457.76 340.39 457.38 ship 0 0.968214 votes=1
453.55 88.02 472.66 519.26 413.71 521.87 394.60 90.63 harbor 0 0.913072 votes=1
292.05 199.56 315.30 450.77 294.10 452.73 270.85 201.53 harbor 0 0.885613 votes=1
173.79 233.03 181.43 471.03 159.86 471.72 152.22 233.72 harbor 0 0.858660 votes=1
76.09 585.01 154.07 592.39 152.12 612.98 74.14 605.60 vehicle 0 0.655531 votes=1
