491.61 570.92 492.57 646.38 462.49 646.76 461.52 571.31 vehicle 0 0.999563 votes=1
71.11 375.15 138.42 387.22 133.45 414.94 66.14 402.86 vehicle 0 0.999516 votes=1
409.26 566.72 412.97 645.83 382.67 647.25 378.97 568.14 vehicle 0 0.999430 votes=1
332.06 320.89 389.48 339.59 381.91 362.84 324.48 344.14 vehicle 0 0.999330 votes=1
151.88 112.60 208.64 122.77 204.03 148.48 147.27 138.31 vehicle 0 0.999249 votes=1
206.87 152.88 272.26 168.24 266.10 194.47 200.71 179.12 vehicle 0 0.999239 votes=1
128.68 169.21 193.33 183.59 187.26 210.85 122.62 196.48 vehicle 0 0.999078 votes=1
219.80 122.10 280.10 136.09 274.23 161.40 213.93 147.42 vehicle 0 0.999066 votes=1
360.51 274.90 420.11 295.15 412.22 318.37 352.62 298.12 vehicle 0 0.999038 votes=1
231.95 85.60 295.18 98.94 289.40 126.37 226.16 113.04 vehicle 0 0.998801 votes=1
112.87 238.19 177.48 256.46 169.70 283.96 105.09 265.69 vehicle 0 0.998751 votes=1
186.85 252.41 243.17 269.54 235.47 294.83 179.16 277.69 vehicle 0 0.998481 votes=1
385.49 186.83 448.27 202.59 442.21 226.76 379.42 211.00 vehicle 0 0.998284 votes=1
406.70 140.75 466.23 161.68 458.00 185.10 398.46 164.16 vehicle 0 0.997843 votes=1
262.11 547.76 326.26 573.01 315.20 601.12 251.05 575.87 vehicle 0 0.997838 votes=1
602.01 569.00 603.28 648.58 574.58 649.04 573.31 569.46 vehicle 0 0.993948 votes=1
