338.23 736.93 373.69 740.35 372.46 753.07 337.00 749.65 ship 0 0.998334 votes=1
311.17 416.22 345.88 415.46 346.15 427.66 311.44 428.42 ship 0 0.997565 votes=1
338.18 721.29 379.23 724.41 378.23 737.58 337.18 734.46 ship 0 0.997559 votes=1
254.87 201.95 287.32 189.85 291.30 200.52 258.85 212.62 ship 0 0.997299 votes=1
189.87 47.69 221.14 37.76 224.31 47.76 193.04 57.69 ship 0 0.997273 votes=1
339.77 665.40 373.48 663.19 374.20 674.21 340.50 676.42 ship 0 0.997119 votes=1
212.06 100.63 238.78 90.39 242.26 99.46 215.53 109.70 ship 0 0.997087 votes=1
188.07 36.67 210.33 26.51 214.13 34.84 191.87 45.00 ship 0 0.996875 votes=1
511.40 568.01 517.63 590.80 508.99 593.16 502.77 570.37 ship 0 0.996604 votes=1
228.72 140.14 251.12 131.91 254.28 140.50 231.87 148.73 ship 0 0.996593 votes=1
199.87 73.25 228.50 63.35 232.37 74.53 203.73 84.43 ship 0 0.996449 votes=1
340.20 624.03 365.98 623.46 366.18 632.72 340.40 633.28 ship 0 0.996297 votes=1
588.69 361.85 597.61 385.74 586.58 389.86 577.66 365.96 ship 0 0.995860 votes=1
341.14 694.39 375.81 691.57 376.74 702.99 342.06 705.81 ship 0 0.995815 votes=1
440.86 136.08 471.18 136.23 471.12 148.36 440.80 148.21 ship 0 0.995441 votes=1
150.22 131.30 169.79 121.62 173.79 129.72 154.23 139.40 ship 0 0.994842 votes=1
93.22 12.53 114.56 -3.62 120.43 4.15 99.09 20.29 ship 0 0.994654 votes=1
226.30 442.24 248.83 441.59 249.10 451.17 226.58 451.82 ship 0 0.994451 votes=1
222.15 126.03 248.34 117.64 251.35 127.03 225.16 135.42 ship 0 0.994215 votes=1
482.10 622.12 491.62 642.35 483.88 646.00 474.35 625.76 ship 0 0.994083 votes=1
208.07 88.48 233.81 76.96 237.81 85.90 212.07 97.43 ship 0 0.993038 votes=1
502.63 737.16 503.92 713.91 513.64 714.45 512.35 737.70 ship 0 0.992707 votes=1
312.57 474.27 343.68 474.36 343.65 485.98 312.54 485.89 ship 0 0.991841 votes=1
339.23 534.09 363.53 533.61 363.72 543.22 339.42 543.70 ship 0 0.991779 votes=1
320.45 356.85 320.70 386.18 308.35 386.28 308.10 356.95 ship 0 0.991098 votes=1
525.01 354.72 541.12 342.57 546.04 349.10 529.93 361.25 ship 0 0.989706 votes=1
339.48 558.64 361.48 558.50 361.55 568.26 339.54 568.41 ship 0 0.989350 votes=1
241.89 782.52 267.62 786.11 266.26 795.91 240.52 792.33 ship 0 0.988526 votes=1
616.31 280.80 630.54 272.22 634.07 278.09 619.84 286.67 ship 0 0.988240 votes=1
261.94 366.06 262.26 387.82 253.20 387.95 252.88 366.19 ship 0 0.987513 votes=1
341.04 599.11 365.31 598.52 365.52 607.20 341.26 607.80 ship 0 0.986971 votes=1
290.79 361.96 290.89 385.87 281.63 385.91 281.52 362.00 ship 0 0.986450 votes=1
550.06 339.82 568.67 333.38 571.11 340.42 552.49 346.86 ship 0 0.986403 votes=1
630.24 459.96 723.72 456.39 725.40 500.30 631.92 503.87 harbor 0 0.984996 votes=1
265.72 291.55 265.89 316.03 255.32 316.10 255.16 291.62 ship 0 0.984641 votes=1
315.10 706.01 336.85 706.07 336.83 715.12 315.08 715.06 ship 0 0.984330 votes=1
341.49 680.65 371.52 680.04 371.74 690.56 341.70 691.17 ship 0 0.984120 votes=1
114.76 75.73 126.92 91.35 120.31 96.50 108.15 80.88 ship 0 0.983107 votes=1
317.34 433.17 340.72 433.69 340.51 442.72 317.14 442.19 ship 0 0.982405 votes=1
197.19 386.64 197.68 364.98 207.26 365.19 206.77 386.85 ship 0 0.981931 votes=1
447.18 278.52 467.20 289.67 463.26 296.75 443.24 285.60 ship 0 0.981666 votes=1
220.77 753.88 241.34 757.18 240.02 765.42 219.45 762.11 ship 0 0.981237 votes=1
181.67 504.73 207.20 504.28 207.36 513.92 181.83 514.36 ship 0 0.980648 votes=1
273.79 360.90 275.45 387.13 266.67 387.69 265.01 361.46 ship 0 0.980392 votes=1
551.22 559.66 555.92 541.09 562.60 542.78 557.90 561.35 ship 0 0.980381 votes=1
457.92 249.90 469.67 235.53 474.79 239.72 463.04 254.09 ship 0 0.979847 votes=1
284.74 470.15 306.52 473.32 305.30 481.71 283.51 478.54 ship 0 0.978777 votes=1
602.88 729.83 665.99 709.80 672.96 731.78 609.85 751.81 harbor 0 0.975779 votes=1
528.31 265.97 542.63 274.30 539.12 280.35 524.79 272.01 ship 0 0.973894 votes=1
468.77 291.82 478.11 276.03 484.96 280.08 475.61 295.87 ship 0 0.973256 votes=1
250.84 544.03 274.43 544.34 274.31 553.54 250.72 553.23 ship 0 0.971816 votes=1
219.68 773.35 238.30 779.39 236.07 786.26 217.45 780.22 ship 0 0.969952 votes=1
462.50 258.97 477.15 268.10 473.34 274.23 458.68 265.10 ship 0 0.969554 votes=1
258.95 728.60 282.34 726.21 283.24 734.97 259.84 737.36 ship 0 0.964851 votes=1
135.47 94.78 155.38 85.91 158.68 93.32 138.76 102.18 ship 0 0.964527 votes=1
446.86 264.34 466.49 276.74 462.23 283.48 442.60 271.07 ship 0 0.958414 votes=1
139.00 103.45 157.35 96.45 159.98 103.35 141.63 110.35 ship 0 0.957767 votes=1
455.35 151.66 476.27 151.92 476.17 159.82 455.25 159.56 ship 0 0.956364 votes=1
182.63 519.11 204.30 518.13 204.70 526.95 183.04 527.94 ship 0 0.954927 votes=1
234.46 738.42 255.11 738.18 255.21 746.60 234.56 746.84 ship 0 0.953314 votes=1
504.14 316.59 514.84 301.34 520.39 305.23 509.69 320.49 ship 0 0.952645 votes=1
261.76 745.71 283.66 745.08 283.91 753.78 262.01 754.41 ship 0 0.952520 votes=1
220.06 240.18 289.76 218.21 294.55 233.43 224.86 255.40 ship 0 0.941829 votes=1
258.84 678.68 281.16 677.78 281.50 686.12 259.18 687.03 ship 0 0.940338 votes=1
144.35 113.93 161.44 106.84 164.87 115.11 147.79 122.20 ship 0 0.937219 votes=1
314.85 689.64 334.50 689.27 334.66 697.31 315.00 697.68 ship 0 0.936195 votes=1
96.04 208.87 115.46 206.78 116.37 215.26 96.95 217.35 ship 0 0.935823 votes=1
489.59 274.86 499.81 263.06 504.75 267.34 494.53 279.14 ship 0 0.933683 votes=1
310.23 767.21 326.73 768.43 326.17 776.04 309.67 774.83 ship 0 0.930805 votes=1
467.82 255.89 476.25 241.79 481.72 245.06 473.30 259.16 ship 0 0.926934 votes=1
314.28 723.35 332.34 722.51 332.81 732.60 314.74 733.44 ship 0 0.918284 votes=1
259.22 644.32 280.73 645.25 280.36 653.84 258.85 652.92 ship 0 0.915748 votes=1
15.05 602.17 43.11 600.84 43.64 611.92 15.58 613.25 ship 0 0.913587 votes=1
362.17 505.10 365.99 783.85 317.56 784.51 313.74 505.76 harbor 0 0.912527 votes=1
226.54 466.72 248.04 465.90 248.39 475.04 226.89 475.86 ship 0 0.907160 votes=1
10.21 117.85 83.23 42.63 93.80 52.89 20.78 128.11 harbor 0 0.906601 votes=1
507.89 367.57 522.53 358.84 526.10 364.83 511.46 373.56 ship 0 0.904818 votes=1
186.55 579.84 203.62 578.36 204.31 586.30 187.24 587.78 ship 0 0.904518 votes=1
341.77 788.44 361.39 790.54 360.58 798.05 340.96 795.95 ship 0 0.903296 votes=1
250.38 555.77 276.00 555.61 276.06 564.41 250.44 564.57 ship 0 0.901973 votes=1
339.78 610.42 363.90 610.91 363.72 619.94 339.60 619.46 ship 0 0.895040 votes=1
228.59 600.51 249.31 601.48 248.93 609.58 228.21 608.61 ship 0 0.891026 votes=1
490.09 302.04 501.30 286.66 507.06 290.86 495.86 306.24 ship 0 0.886636 votes=1
554.18 272.03 566.63 283.01 562.32 287.90 549.86 276.92 ship 0 0.885345 votes=1
294.99 289.41 295.42 313.30 286.63 313.46 286.20 289.57 ship 0 0.879376 votes=1
234.64 714.97 254.59 715.39 254.40 724.55 234.45 724.13 ship 0 0.874160 votes=1
258.48 703.19 277.66 703.03 277.74 711.77 258.56 711.93 ship 0 0.873270 votes=1
187.59 634.96 209.12 634.28 209.46 645.06 187.93 645.74 ship 0 0.870295 votes=1
187.64 599.31 204.77 597.70 205.50 605.42 188.37 607.04 ship 0 0.869521 votes=1
232.09 682.16 250.80 681.87 250.94 690.49 232.23 690.78 ship 0 0.868472 votes=1
28.14 236.25 41.45 228.85 44.46 234.28 31.16 241.68 vehicle 0 0.868276 votes=1
542.85 284.96 554.66 294.40 549.63 300.68 537.83 291.24 ship 0 0.868175 votes=1
698.75 241.58 704.18 256.32 698.26 258.50 692.83 243.76 ship 0 0.867606 votes=1
259.00 691.95 281.49 690.66 281.99 699.42 259.50 700.71 ship 0 0.864289 votes=1
637.89 461.89 640.47 481.83 631.02 483.06 628.43 463.12 ship 0 0.857998 votes=1
226.97 154.52 260.25 143.10 262.81 150.55 229.52 161.97 ship 0 0.839529 votes=1
482.38 296.80 493.03 282.08 498.25 285.86 487.60 300.57 ship 0 0.832182 votes=1
176.22 286.02 295.84 280.51 297.47 315.99 177.86 321.49 harbor 0 0.810439 votes=1
432.04 267.28 445.79 275.26 442.22 281.40 428.48 273.42 ship 0 0.796049 votes=1
307.54 788.78 329.88 793.15 328.46 800.41 306.12 796.03 ship 0 0.793266 votes=1
114.66 223.26 281.75 185.72 289.72 221.22 122.63 258.75 harbor 0 0.792789 votes=1
40.95 73.60 202.76 4.04 265.90 150.92 104.09 220.48 harbor 0 0.766537 votes=1
228.90 577.59 249.14 577.48 249.18 585.96 228.95 586.07 ship 0 0.762991 votes=1
279.50 534.21 284.25 759.11 232.38 760.20 227.63 535.31 harbor 0 0.757160 votes=1
599.92 267.98 616.82 263.85 618.60 271.10 601.70 275.24 ship 0 0.754403 votes=1
210.14 678.93 210.57 711.90 193.05 712.13 192.62 679.16 ship 0 0.731219 votes=1
77.39 61.79 85.40 50.70 91.87 55.37 83.86 66.46 ship 0 0.710014 votes=1
237.86 290.94 238.02 312.98 229.28 313.04 229.13 291.00 ship 0 0.697938 votes=1
189.97 617.56 207.25 617.37 207.39 629.65 190.11 629.85 ship 0 0.690483 votes=1
4.65 762.74 22.51 771.77 18.78 779.14 0.92 770.11 ship 0 0.688851 votes=1
204.39 490.55 222.31 490.25 222.44 498.22 204.53 498.52 ship 0 0.681181 votes=1
504.23 158.47 520.63 185.46 509.35 192.32 492.95 165.33 harbor 0 0.665860 votes=1
26.88 551.55 34.45 533.05 42.03 536.15 34.46 554.65 vehicle 0 0.655793 votes=1
244.67 179.05 250.32 195.65 242.87 198.19 237.22 181.59 ship 0 0.646984 votes=1
496.87 309.18 508.76 294.27 514.18 298.59 502.28 313.50 ship 0 0.640914 votes=1
16.46 586.59 42.92 585.53 43.35 596.37 16.89 597.42 ship 0 0.631808 votes=1
114.58 111.41 126.56 124.45 120.01 130.47 108.03 117.43 ship 0 0.623049 votes=1
209.16 310.83 209.57 291.41 217.91 291.58 217.49 311.00 ship 0 0.615937 votes=1
577.44 360.76 703.23 317.50 711.93 342.81 586.14 386.06 harbor 0 0.612783 votes=1
714.51 735.95 735.08 728.80 737.76 736.49 717.19 743.64 ship 0 0.609527 votes=1
