17.88 70.35 117.37 81.27 114.75 105.18 15.26 94.27 ship 0 0.999014 votes=1
192.58 173.88 194.13 109.22 211.03 109.62 209.48 174.29 ship 0 0.998698 votes=1
146.04 176.12 146.57 214.71 134.32 214.88 133.78 176.29 ship 0 0.997389 votes=1
152.94 203.20 153.08 173.16 163.94 173.21 163.80 203.25 ship 0 0.996251 votes=1
75.47 696.97 122.04 697.14 121.95 722.12 75.38 721.95 harbor 0 0.980674 votes=1
347.83 453.68 793.23 451.44 793.40 485.42 348.01 487.66 bridge 0 0.972440 votes=1
344.58 413.44 789.68 410.69 789.90 446.74 344.80 449.49 bridge 0 0.969024 votes=1
94.03 131.60 193.69 130.18 194.65 198.04 94.99 199.46 harbor 0 0.967883 votes=1
416.70 297.58 420.26 314.61 412.85 316.16 409.28 299.13 ship 0 0.944677 votes=1
108.16 266.80 243.83 262.12 244.89 292.70 109.22 297.38 harbor 0 0.832104 votes=1
651.60 460.14 670.75 460.80 670.47 468.77 651.32 468.11 vehicle 0 0.808602 votes=1
453.36 422.11 470.69 422.82 470.42 429.42 453.09 428.72 vehicle 0 0.779297 votes=1
313.58 597.50 328.48 601.12 327.12 606.75 312.22 603.13 vehicle 0 0.697276 votes=1
792.53 133.65 796.40 150.93 787.70 152.88 783.83 135.60 vehicle 0 0.682093 votes=1
145.13 528.55 145.50 543.99 137.38 544.18 137.01 528.74 vehicle 0 0.662635 votes=1
186.80 200.04 189.80 176.46 197.59 177.45 194.60 201.03 ship 0 0.648568 votes=1
