38.04 475.74 116.71 474.06 117.68 519.65 39.02 521.33 harbor 0 0.988572 votes=1
640.13 641.44 644.17 616.04 652.54 617.37 648.49 642.77 ship 0 0.987064 votes=1
134.71 122.72 134.97 146.80 126.50 146.89 126.25 122.80 ship 0 0.974486 votes=1
82.93 523.37 83.55 497.44 93.08 497.67 92.47 523.60 ship 0 0.965134 votes=1
52.40 113.07 170.15 117.24 169.12 146.36 51.37 142.19 harbor 0 0.956927 votes=1
112.88 498.85 115.17 519.72 107.55 520.56 105.26 499.69 ship 0 0.936500 votes=1
42.95 302.31 638.98 323.71 638.15 346.99 42.11 325.59 bridge 0 0.915055 votes=1
46.69 724.11 85.57 723.94 85.62 735.01 46.74 735.18 harbor 0 0.907819 votes=1
160.61 143.74 160.88 123.43 169.78 123.55 169.51 143.86 ship 0 0.900366 votes=1
146.70 120.80 147.14 142.61 139.53 142.76 139.09 120.95 ship 0 0.880500 votes=1
