167.32 611.60 179.78 574.33 194.97 579.40 182.51 616.68 vehicle 0 0.999337 votes=1
285.06 481.49 485.42 482.09 485.14 577.71 284.77 577.11 tenniscourt 0 0.999197 votes=1
393.70 194.49 393.94 155.50 409.65 155.60 409.41 194.59 vehicle 0 0.999193 votes=1
531.00 35.62 579.36 34.39 579.78 51.08 531.42 52.31 vehicle 0 0.999143 votes=1
635.39 193.71 635.96 148.09 654.02 148.31 653.46 193.93 vehicle 0 0.998823 votes=1
537.13 108.03 574.24 107.48 574.49 123.95 537.37 124.49 vehicle 0 0.998763 votes=1
330.95 108.09 372.54 108.07 372.55 124.60 330.96 124.62 vehicle 0 0.998592 votes=1
260.79 110.53 301.86 110.39 301.91 125.72 260.85 125.86 vehicle 0 0.998322 votes=1
474.58 186.19 474.66 148.83 491.55 148.86 491.46 186.23 vehicle 0 0.998303 votes=1
151.60 194.75 152.47 156.31 167.74 156.66 166.86 195.10 vehicle 0 0.997425 votes=1
