81.57 428.98 147.82 428.35 148.09 455.66 81.84 456.30 vehicle 0 0.999559 votes=1
142.64 128.01 219.68 125.67 220.59 155.45 143.55 157.79 vehicle 0 0.999513 votes=1
356.91 453.30 369.43 523.03 341.73 528.01 329.21 458.27 vehicle 0 0.999509 votes=1
653.32 522.64 654.77 453.68 684.88 454.31 683.43 523.28 vehicle 0 0.999482 votes=1
76.79 386.02 146.97 385.71 147.09 413.08 76.91 413.39 vehicle 0 0.999463 votes=1
387.70 521.71 388.34 454.10 415.91 454.36 415.28 521.97 vehicle 0 0.999421 votes=1
61.27 510.01 147.70 503.31 150.22 535.76 63.79 542.46 vehicle 0 0.999341 votes=1
653.71 257.60 654.32 326.84 623.83 327.10 623.23 257.87 vehicle 0 0.999340 votes=1
539.64 510.81 540.95 441.73 567.90 442.24 566.59 511.32 vehicle 0 0.999260 votes=1
731.75 257.15 733.93 326.60 701.54 327.62 699.36 258.17 vehicle 0 0.997699 votes=1
118.22 739.41 147.51 780.77 127.49 794.95 98.20 753.59 vehicle 0 0.991114 votes=1
691.80 517.53 693.22 456.50 718.35 457.09 716.92 518.12 vehicle 0 0.977300 votes=1
