252.99 149.88 271.81 172.15 262.03 180.41 243.21 158.13 vehicle 0 0.999080 votes=1
282.15 368.28 302.77 391.15 293.49 399.52 272.87 376.64 vehicle 0 0.998969 votes=1
141.90 246.70 161.24 269.39 149.96 279.00 130.63 256.32 vehicle 0 0.998682 votes=1
652.40 628.63 672.80 654.71 661.55 663.51 641.15 637.43 vehicle 0 0.998592 votes=1
390.89 531.88 410.00 557.69 398.80 565.98 379.69 540.17 vehicle 0 0.998343 votes=1
194.26 82.31 212.01 103.50 200.94 112.77 183.19 91.58 vehicle 0 0.998129 votes=1
349.82 225.34 370.21 249.60 360.20 258.01 339.81 233.75 vehicle 0 0.997698 votes=1
368.09 285.38 385.89 307.14 374.30 316.62 356.50 294.87 vehicle 0 0.996752 votes=1
512.36 560.59 531.52 583.71 520.28 593.03 501.11 569.91 vehicle 0 0.995144 votes=1
278.38 36.09 725.56 501.99 508.35 710.47 61.17 244.57 bridge 0 0.926189 votes=1
