141.01 438.04 142.07 598.98 66.19 599.48 65.13 438.54 tenniscourt 0 0.999413 votes=1
609.03 430.08 610.60 593.07 534.62 593.80 533.05 430.81 tenniscourt 0 0.999163 votes=1
258.52 173.26 260.85 336.99 185.23 338.07 182.90 174.34 tenniscourt 0 0.999008 votes=1
727.38 167.55 729.17 329.07 652.48 329.92 650.69 168.40 tenniscourt 0 0.998982 votes=1
136.28 175.16 138.10 337.75 62.94 338.59 61.11 176.00 tenniscourt 0 0.998976 votes=1
263.03 436.50 264.88 596.99 189.02 597.86 187.16 437.38 tenniscourt 0 0.998926 votes=1
485.89 431.56 487.77 594.50 412.94 595.37 411.06 432.43 tenniscourt 0 0.998890 votes=1
481.94 171.58 484.26 332.57 409.28 333.66 406.96 172.66 tenniscourt 0 0.998826 votes=1
731.18 428.20 733.66 590.76 657.16 591.93 654.68 429.36 tenniscourt 0 0.998782 votes=1
604.69 167.55 608.28 329.58 531.20 331.29 527.61 169.25 tenniscourt 0 0.998780 votes=1
