342.25 432.26 346.01 337.43 365.26 338.19 361.50 433.02 ship 0 0.999327 votes=1
420.74 581.16 497.49 582.99 497.00 603.39 420.25 601.56 ship 0 0.999111 votes=1
344.42 275.19 348.00 178.70 369.39 179.50 365.80 275.99 ship 0 0.998931 votes=1
441.31 289.48 543.82 288.89 543.94 310.94 441.44 311.53 ship 0 0.998919 votes=1
326.41 644.95 326.95 729.99 307.60 730.11 307.06 645.08 ship 0 0.998843 votes=1
423.90 541.51 515.42 543.55 514.93 565.38 423.41 563.33 ship 0 0.998834 votes=1
679.34 372.82 788.81 372.75 788.82 397.63 679.36 397.70 ship 0 0.998805 votes=1
421.80 503.14 520.30 502.46 520.45 524.68 421.95 525.36 ship 0 0.998755 votes=1
91.19 438.58 164.46 439.47 164.24 457.60 90.97 456.71 ship 0 0.998722 votes=1
570.43 50.33 570.85 109.52 555.85 109.63 555.43 50.44 ship 0 0.998618 votes=1
704.67 329.94 793.54 329.86 793.56 350.50 704.69 350.58 ship 0 0.998605 votes=1
266.84 235.72 267.88 352.35 243.54 352.57 242.49 235.94 ship 0 0.998504 votes=1
214.29 73.75 226.07 114.81 213.10 118.53 201.32 77.47 ship 0 0.998417 votes=1
530.28 159.50 531.17 54.01 551.61 54.18 550.71 159.67 ship 0 0.998401 votes=1
413.43 456.70 506.35 456.51 506.39 473.09 413.47 473.28 ship 0 0.998394 votes=1
403.47 162.57 403.77 98.23 421.14 98.31 420.84 162.65 ship 0 0.998309 votes=1
670.29 285.46 793.26 286.53 793.05 310.23 670.08 309.16 ship 0 0.997915 votes=1
432.19 412.95 516.12 414.51 515.76 433.69 431.83 432.13 ship 0 0.997828 votes=1
434.06 249.04 533.58 250.10 533.34 272.64 433.83 271.59 ship 0 0.997793 votes=1
495.06 46.51 504.08 150.23 482.71 152.09 473.70 48.37 ship 0 0.997632 votes=1
635.78 62.99 636.40 174.62 608.71 174.77 608.10 63.14 ship 0 0.997413 votes=1
336.53 709.37 336.81 588.03 358.64 588.09 358.35 709.42 ship 0 0.996289 votes=1
114.56 348.49 169.91 348.84 169.81 363.85 114.47 363.50 ship 0 0.996227 votes=1
101.30 738.68 101.55 794.70 87.21 794.76 86.96 738.74 ship 0 0.996193 votes=1
72.30 120.33 80.46 148.55 70.32 151.48 62.16 123.25 ship 0 0.996146 votes=1
93.06 108.33 101.45 141.88 88.58 145.10 80.19 111.55 ship 0 0.996124 votes=1
252.18 211.98 283.12 212.78 282.87 222.58 251.93 221.79 ship 0 0.994911 votes=1
160.05 730.90 160.11 788.24 145.80 788.25 145.74 730.92 ship 0 0.993677 votes=1
86.82 392.56 174.10 394.71 173.44 421.47 86.16 419.32 ship 0 0.993411 votes=1
196.83 78.92 204.40 108.74 194.43 111.27 186.86 81.45 ship 0 0.990869 votes=1
148.21 679.28 178.63 696.74 172.59 707.25 142.17 689.80 ship 0 0.987441 votes=1
49.20 578.37 86.54 578.22 86.59 589.78 49.24 589.93 ship 0 0.985193 votes=1
142.52 523.52 167.82 523.92 167.67 533.80 142.36 533.40 ship 0 0.981220 votes=1
42.80 686.64 82.52 686.20 82.66 698.90 42.94 699.34 ship 0 0.978076 votes=1
133.79 726.94 133.93 787.15 108.39 787.21 108.26 727.00 ship 0 0.976767 votes=1
60.37 125.36 64.87 153.34 54.86 154.95 50.36 126.97 ship 0 0.974124 votes=1
143.17 471.83 190.62 473.06 190.24 488.15 142.78 486.93 ship 0 0.970322 votes=1
479.59 121.95 482.69 150.02 474.09 150.97 470.99 122.90 ship 0 0.968720 votes=1
240.79 90.68 241.84 113.17 233.52 113.56 232.47 91.07 ship 0 0.953837 votes=1
147.49 546.46 184.02 558.18 180.13 570.31 143.59 558.59 ship 0 0.950651 votes=1
128.76 101.34 135.62 130.95 122.91 133.90 116.05 104.28 ship 0 0.935264 votes=1
43.09 786.87 43.11 758.28 52.90 758.29 52.88 786.87 ship 0 0.924077 votes=1
144.32 489.43 185.66 489.74 185.53 506.56 144.19 506.24 ship 0 0.906127 votes=1
161.91 86.16 171.84 121.87 150.89 127.69 140.97 91.98 ship 0 0.858492 votes=1
30.40 130.35 215.60 72.46 228.63 114.15 43.43 172.04 harbor 0 0.851582 votes=1
405.53 763.02 410.08 781.84 403.71 783.38 399.16 764.56 vehicle 0 0.795896 votes=1
147.68 505.91 173.17 508.89 171.98 519.12 146.48 516.14 ship 0 0.785043 votes=1
239.36 197.18 244.14 183.72 252.46 186.67 247.67 200.14 ship 0 0.717613 votes=1
236.02 219.17 237.40 115.58 304.57 116.48 303.18 220.07 harbor 0 0.708286 votes=1
145.91 653.62 181.55 669.16 175.59 682.81 139.95 667.27 ship 0 0.685956 votes=1
362.87 435.29 363.05 462.13 353.87 462.19 353.69 435.35 ship 0 0.669152 votes=1
