189.87 477.67 190.54 555.10 158.37 555.38 157.69 477.95 vehicle 0 0.999628 votes=1
396.31 216.25 397.44 141.95 428.51 142.43 427.38 216.72 vehicle 0 0.999619 votes=1
394.33 318.04 394.88 234.63 428.22 234.85 427.67 318.26 vehicle 0 0.999617 votes=1
234.51 254.37 235.31 330.14 204.27 330.47 203.47 254.70 vehicle 0 0.999607 votes=1
674.31 308.50 755.54 307.97 755.75 340.50 674.53 341.03 vehicle 0 0.999597 votes=1
514.55 481.82 515.62 561.90 483.74 562.32 482.67 482.25 vehicle 0 0.999573 votes=1
474.98 234.51 475.77 312.02 443.94 312.34 443.16 234.83 vehicle 0 0.999548 votes=1
565.23 480.34 565.70 562.47 532.36 562.66 531.88 480.53 vehicle 0 0.999519 votes=1
292.57 476.53 293.05 552.77 260.60 552.97 260.11 476.74 vehicle 0 0.999508 votes=1
282.84 141.65 284.41 219.39 248.55 220.12 246.98 142.37 vehicle 0 0.999416 votes=1
678.85 259.97 754.96 258.10 755.82 293.06 679.71 294.93 vehicle 0 0.999360 votes=1
297.44 325.03 297.50 241.81 331.05 241.83 331.00 325.05 vehicle 0 0.999313 votes=1
470.79 488.09 471.06 562.14 436.33 562.26 436.06 488.22 vehicle 0 0.999266 votes=1
376.59 477.72 376.98 553.99 345.41 554.15 345.02 477.88 vehicle 0 0.999198 votes=1
