162.14 465.36 167.68 412.58 185.96 414.50 180.43 467.28 ship 0 0.999240 votes=1
479.67 211.21 482.60 153.46 500.87 154.39 497.95 212.13 ship 0 0.999107 votes=1
198.86 471.26 200.55 421.62 217.51 422.20 215.82 471.84 ship 0 0.999097 votes=1
223.87 351.75 230.13 300.43 248.50 302.67 242.25 353.99 ship 0 0.999052 votes=1
563.29 328.87 564.03 281.33 581.19 281.60 580.45 329.14 ship 0 0.999020 votes=1
389.95 491.71 395.62 448.85 412.28 451.05 406.60 493.92 ship 0 0.998982 votes=1
493.47 687.42 494.86 639.18 512.03 639.68 510.63 687.92 ship 0 0.998973 votes=1
325.80 547.74 332.07 500.38 348.95 502.61 342.68 549.97 ship 0 0.998883 votes=1
130.94 526.85 136.67 475.66 154.25 477.63 148.52 528.82 ship 0 0.998826 votes=1
420.78 192.53 428.18 146.59 443.15 149.00 435.76 194.94 ship 0 0.998823 votes=1
560.94 510.82 566.30 467.05 580.57 468.80 575.21 512.57 ship 0 0.998809 votes=1
301.76 361.42 303.73 308.76 321.49 309.42 319.52 362.09 ship 0 0.998798 votes=1
449.27 560.62 452.59 512.84 469.13 513.98 465.81 561.77 ship 0 0.998796 votes=1
666.27 387.82 678.34 297.08 703.82 300.47 691.75 391.21 ship 0 0.998794 votes=1
190.32 167.18 195.16 115.88 211.66 117.43 206.82 168.74 ship 0 0.998718 votes=1
248.28 353.65 252.58 306.16 269.77 307.71 265.47 355.21 ship 0 0.998644 votes=1
474.10 563.31 475.48 516.15 494.21 516.70 492.83 563.85 ship 0 0.998564 votes=1
614.87 576.92 622.92 534.02 640.67 537.35 632.62 580.25 ship 0 0.998548 votes=1
442.34 376.47 450.09 326.43 468.65 329.31 460.89 379.34 ship 0 0.998522 votes=1
414.54 496.99 414.83 450.67 431.06 450.78 430.77 497.10 ship 0 0.998489 votes=1
303.45 544.43 303.77 495.94 320.82 496.05 320.49 544.54 ship 0 0.998479 votes=1
186.40 285.53 187.11 240.90 205.08 241.19 204.38 285.82 ship 0 0.998418 votes=1
592.46 577.92 599.53 529.06 616.70 531.54 609.64 580.40 ship 0 0.998416 votes=1
152.72 524.77 159.88 478.86 177.43 481.59 170.28 527.50 ship 0 0.998413 votes=1
617.00 396.72 620.71 347.96 638.65 349.33 634.94 398.08 ship 0 0.998393 votes=1
542.32 509.83 543.06 467.24 558.50 467.51 557.75 510.10 ship 0 0.998392 votes=1
279.80 662.58 282.79 618.46 297.39 619.44 294.41 663.57 ship 0 0.998375 votes=1
594.28 159.56 594.40 206.81 579.36 206.85 579.24 159.60 ship 0 0.998363 votes=1
175.84 710.60 180.55 666.27 197.21 668.04 192.51 712.37 ship 0 0.998333 votes=1
347.57 302.79 349.99 261.07 366.99 262.06 364.57 303.78 ship 0 0.998311 votes=1
572.91 709.29 573.77 753.96 556.74 754.29 555.88 709.62 ship 0 0.998310 votes=1
540.04 325.79 542.59 278.59 559.18 279.49 556.63 326.69 ship 0 0.998303 votes=1
656.56 483.53 719.83 487.07 718.72 506.91 655.45 503.37 ship 0 0.998283 votes=1
200.24 347.03 206.97 297.19 223.62 299.44 216.89 349.28 ship 0 0.998274 votes=1
434.23 497.21 436.09 451.43 451.87 452.07 450.01 497.85 ship 0 0.998261 votes=1
296.11 730.66 299.63 680.68 317.26 681.92 313.74 731.90 ship 0 0.998212 votes=1
599.91 763.44 604.78 714.53 623.34 716.39 618.46 765.29 ship 0 0.998204 votes=1
122.64 706.26 129.05 661.68 146.53 664.19 140.12 708.77 ship 0 0.998200 votes=1
540.86 384.98 546.86 338.40 564.28 340.64 558.27 387.23 ship 0 0.998186 votes=1
382.67 183.79 388.85 148.90 402.48 151.31 396.30 186.20 ship 0 0.998180 votes=1
222.66 723.17 228.73 671.66 247.36 673.86 241.29 725.37 ship 0 0.998169 votes=1
266.23 174.52 273.57 129.14 288.88 131.62 281.54 177.00 ship 0 0.998168 votes=1
649.71 546.08 719.37 551.35 717.68 573.71 648.02 568.44 ship 0 0.998150 votes=1
480.15 753.07 483.69 699.43 502.47 700.67 498.93 754.31 ship 0 0.998149 votes=1
568.58 573.75 573.96 523.50 591.91 525.42 586.54 575.67 ship 0 0.998146 votes=1
200.89 715.84 204.48 669.53 221.57 670.85 217.99 717.17 ship 0 0.998104 votes=1
536.61 691.01 537.74 646.76 553.44 647.16 552.31 691.41 ship 0 0.998098 votes=1
348.88 365.18 351.72 318.66 370.52 319.81 367.68 366.33 ship 0 0.998085 votes=1
299.81 668.52 302.71 626.15 319.07 627.27 316.17 669.64 ship 0 0.998077 votes=1
604.59 517.35 609.31 468.70 624.74 470.19 620.02 518.85 ship 0 0.998071 votes=1
148.91 709.37 152.48 663.08 169.76 664.41 166.20 710.70 ship 0 0.998065 votes=1
567.53 386.65 571.30 341.05 588.40 342.46 584.63 388.06 ship 0 0.998009 votes=1
365.63 675.98 367.31 624.75 383.72 625.29 382.04 676.52 ship 0 0.997943 votes=1
555.67 156.65 555.71 196.53 541.09 196.54 541.05 156.66 ship 0 0.997895 votes=1
593.02 396.63 596.61 344.14 615.34 345.43 611.75 397.91 ship 0 0.997862 votes=1
407.57 680.07 411.87 634.22 427.77 635.72 423.47 681.56 ship 0 0.997846 votes=1
377.89 549.10 380.18 505.32 398.59 506.28 396.30 550.07 ship 0 0.997829 votes=1
369.34 483.51 373.94 445.61 388.04 447.33 383.44 485.22 ship 0 0.997822 votes=1
674.54 768.22 680.20 720.88 697.73 722.97 692.08 770.32 ship 0 0.997809 votes=1
180.67 531.69 183.02 481.73 201.14 482.58 198.79 532.54 ship 0 0.997804 votes=1
450.62 268.69 451.19 312.84 435.10 313.05 434.53 268.90 ship 0 0.997782 votes=1
644.15 702.82 645.07 657.80 661.45 658.13 660.54 703.15 ship 0 0.997768 votes=1
652.50 765.68 652.93 719.29 670.34 719.46 669.90 765.84 ship 0 0.997672 votes=1
368.15 736.83 373.17 686.90 389.02 688.50 384.01 738.43 ship 0 0.997664 votes=1
578.50 755.91 583.50 711.53 600.17 713.41 595.18 757.79 ship 0 0.997617 votes=1
193.28 653.73 194.08 608.28 210.99 608.57 210.20 654.02 ship 0 0.997603 votes=1
495.39 378.39 497.41 333.82 513.90 334.57 511.88 379.14 ship 0 0.997526 votes=1
218.15 287.66 219.36 244.54 236.44 245.02 235.23 288.14 ship 0 0.997525 votes=1
585.56 329.08 585.82 286.16 601.48 286.26 601.22 329.18 ship 0 0.997442 votes=1
373.96 367.65 375.08 321.26 394.05 321.72 392.93 368.11 ship 0 0.997435 votes=1
422.53 371.30 424.08 322.44 441.93 323.00 440.38 371.86 ship 0 0.997425 votes=1
597.94 698.98 605.07 651.28 620.36 653.57 613.24 701.27 ship 0 0.997405 votes=1
402.25 557.07 403.67 512.22 419.58 512.72 418.16 557.57 ship 0 0.997377 votes=1
453.02 684.12 454.69 645.04 468.70 645.64 467.03 684.72 ship 0 0.997315 votes=1
704.62 713.12 710.11 668.32 727.23 670.42 721.73 715.22 ship 0 0.997287 votes=1
325.89 300.64 330.20 251.35 347.04 252.82 342.72 302.11 ship 0 0.997274 votes=1
257.10 292.52 265.33 244.68 281.75 247.51 273.52 295.35 ship 0 0.997088 votes=1
385.38 676.65 389.26 634.75 405.17 636.23 401.28 678.13 ship 0 0.997077 votes=1
426.80 560.30 427.82 511.26 444.89 511.62 443.88 560.65 ship 0 0.997067 votes=1
283.82 480.52 287.97 437.68 302.02 439.04 297.87 481.88 ship 0 0.997065 votes=1
503.25 206.12 504.34 154.28 518.61 154.58 517.52 206.42 ship 0 0.997034 votes=1
257.46 659.76 260.56 620.30 276.80 621.57 273.70 661.04 ship 0 0.997031 votes=1
430.77 739.54 438.18 694.44 454.72 697.15 447.31 742.26 ship 0 0.997025 votes=1
626.75 764.07 629.00 716.10 646.76 716.93 644.51 764.90 ship 0 0.997002 votes=1
684.72 709.63 689.19 664.94 706.03 666.62 701.56 711.31 ship 0 0.996978 votes=1
325.48 360.78 328.10 310.90 346.38 311.86 343.76 361.74 ship 0 0.996835 votes=1
476.41 501.82 479.61 458.11 494.19 459.18 490.99 502.88 ship 0 0.996793 votes=1
456.39 500.80 457.13 453.99 473.10 454.24 472.35 501.06 ship 0 0.996790 votes=1
249.77 722.93 254.15 673.81 272.58 675.45 268.20 724.57 ship 0 0.996781 votes=1
398.13 369.82 399.29 321.45 417.27 321.88 416.11 370.25 ship 0 0.996754 votes=1
578.82 696.26 581.71 651.55 598.28 652.62 595.38 697.33 ship 0 0.996730 votes=1
240.03 290.48 245.60 242.50 260.95 244.28 255.39 292.26 ship 0 0.996691 votes=1
435.59 199.36 447.73 142.49 463.59 145.87 451.45 202.75 ship 0 0.996687 votes=1
320.99 729.66 329.53 683.84 344.58 686.64 336.03 732.47 ship 0 0.996682 votes=1
287.94 166.52 291.26 131.41 303.97 132.61 300.66 167.72 ship 0 0.996631 votes=1
241.16 474.69 246.97 428.48 263.43 430.55 257.62 476.76 ship 0 0.996588 votes=1
499.86 565.09 500.06 520.02 516.48 520.09 516.28 565.17 ship 0 0.996577 votes=1
345.82 734.34 348.58 684.40 365.41 685.33 362.66 735.26 ship 0 0.996573 votes=1
347.97 552.79 355.07 501.06 372.34 503.43 365.25 555.16 ship 0 0.996553 votes=1
522.42 320.51 524.72 282.52 538.46 283.35 536.16 321.34 ship 0 0.996517 votes=1
342.65 174.68 348.43 136.50 363.04 138.71 357.26 176.89 ship 0 0.996446 votes=1
283.38 293.01 287.04 249.07 301.71 250.30 298.06 294.23 ship 0 0.996440 votes=1
275.27 723.41 275.91 678.00 292.39 678.23 291.76 723.64 ship 0 0.996337 votes=1
158.30 282.77 163.83 238.08 181.04 240.21 175.51 284.90 ship 0 0.996322 votes=1
496.28 503.27 501.73 458.31 518.36 460.33 512.91 505.28 ship 0 0.996298 votes=1
154.26 349.66 156.38 296.91 174.24 297.63 172.12 350.38 ship 0 0.996283 votes=1
277.80 362.61 279.81 308.82 297.77 309.49 295.76 363.28 ship 0 0.996274 votes=1
454.11 740.37 459.83 697.78 475.34 699.87 469.63 742.45 ship 0 0.996207 votes=1
137.85 463.60 145.86 418.33 164.22 421.58 156.22 466.85 ship 0 0.995885 votes=1
518.51 387.35 523.37 334.16 541.98 335.86 537.12 389.05 ship 0 0.995781 votes=1
507.18 750.59 508.33 703.75 527.46 704.22 526.31 751.06 ship 0 0.995776 votes=1
466.69 376.73 474.74 331.13 490.63 333.93 482.58 379.54 ship 0 0.995597 votes=1
210.75 155.28 215.82 122.80 229.06 124.87 224.00 157.34 ship 0 0.995553 votes=1
623.07 702.35 624.89 655.62 640.58 656.23 638.76 702.96 ship 0 0.995548 votes=1
627.95 518.85 631.78 475.37 647.87 476.79 644.04 520.27 ship 0 0.995454 votes=1
426.83 680.44 435.48 635.93 452.82 639.30 444.17 683.81 ship 0 0.995357 votes=1
253.60 537.46 258.79 492.96 274.97 494.85 269.78 539.34 ship 0 0.995324 votes=1
304.83 180.03 311.05 132.66 325.95 134.62 319.73 181.98 ship 0 0.995264 votes=1
470.42 684.97 473.76 638.50 489.71 639.65 486.38 686.12 ship 0 0.995240 votes=1
390.62 740.15 396.78 693.54 414.77 695.92 408.61 742.53 ship 0 0.995122 votes=1
513.61 689.27 516.57 645.26 531.16 646.24 528.19 690.25 ship 0 0.995093 votes=1
231.16 532.65 234.79 490.24 250.41 491.58 246.77 533.99 ship 0 0.995073 votes=1
462.24 185.76 465.14 147.20 479.94 148.32 477.05 186.87 ship 0 0.995021 votes=1
583.50 514.92 586.52 470.36 602.45 471.44 599.44 516.00 ship 0 0.994896 votes=1
496.32 317.99 502.74 272.41 518.34 274.60 511.91 320.19 ship 0 0.994721 votes=1
178.08 345.99 182.73 296.71 201.54 298.49 196.89 347.77 ship 0 0.994680 votes=1
406.09 178.55 410.23 146.31 422.25 147.85 418.11 180.10 ship 0 0.994656 votes=1
135.62 647.65 137.97 607.61 154.09 608.55 151.74 648.59 ship 0 0.994536 votes=1
261.86 479.27 267.72 433.81 283.71 435.87 277.84 481.33 ship 0 0.994344 votes=1
623.73 184.52 697.22 198.97 693.30 218.88 619.82 204.43 ship 0 0.994302 votes=1
357.69 193.89 366.26 140.36 384.65 143.31 376.08 196.84 ship 0 0.994205 votes=1
558.85 692.87 559.65 648.83 575.78 649.12 574.98 693.16 ship 0 0.994155 votes=1
347.18 485.39 354.31 439.74 370.10 442.20 362.97 487.85 ship 0 0.994117 votes=1
518.47 202.75 523.34 156.53 537.87 158.06 533.01 204.28 ship 0 0.993624 votes=1
369.32 303.86 371.33 263.43 386.06 264.17 384.04 304.59 ship 0 0.993544 votes=1
342.65 671.21 347.81 624.45 364.73 626.31 359.57 673.08 ship 0 0.993461 votes=1
628.06 332.34 630.35 293.53 644.31 294.35 642.02 333.16 ship 0 0.993238 votes=1
480.17 314.70 481.35 277.22 494.34 277.63 493.15 315.11 ship 0 0.993001 votes=1
455.08 315.17 457.79 267.27 473.58 268.16 470.87 316.06 ship 0 0.992820 votes=1
531.44 751.70 533.16 705.48 550.94 706.14 549.22 752.36 ship 0 0.992744 votes=1
646.88 335.48 654.09 292.15 671.32 295.02 664.10 338.35 ship 0 0.992716 votes=1
206.50 531.65 212.20 487.42 228.23 489.49 222.53 533.72 ship 0 0.992608 votes=1
665.09 706.69 668.75 663.33 684.75 664.68 681.08 708.04 ship 0 0.992335 votes=1
236.58 658.99 237.14 617.53 252.93 617.74 252.38 659.20 ship 0 0.992165 votes=1
326.00 484.37 329.47 436.73 348.52 438.12 345.04 485.76 ship 0 0.991940 votes=1
605.49 333.09 606.17 287.78 621.31 288.01 620.63 333.32 ship 0 0.991712 votes=1
277.77 540.32 282.06 493.96 300.86 495.70 296.57 542.06 ship 0 0.991552 votes=1
699.01 773.64 703.14 722.83 721.50 724.32 717.36 775.13 ship 0 0.991172 votes=1
388.96 306.73 395.59 261.21 411.29 263.49 404.66 309.02 ship 0 0.990736 votes=1
217.66 475.54 223.30 428.85 239.75 430.83 234.11 477.52 ship 0 0.990730 votes=1
215.59 655.27 217.63 614.69 233.86 615.51 231.82 656.09 ship 0 0.990375 votes=1
556.28 204.72 567.57 157.03 581.58 160.34 570.29 208.04 ship 0 0.989827 votes=1
726.17 772.04 735.81 676.68 762.17 679.35 752.52 774.71 ship 0 0.988589 votes=1
642.76 391.61 645.36 349.34 660.07 350.25 657.46 392.52 ship 0 0.988226 votes=1
324.91 176.22 328.52 132.49 342.80 133.67 339.19 177.39 ship 0 0.987218 votes=1
323.43 668.61 323.77 623.39 337.80 623.50 337.46 668.72 ship 0 0.985910 votes=1
411.28 310.57 416.82 267.32 430.80 269.11 425.26 312.36 ship 0 0.981710 votes=1
124.85 231.87 684.04 293.70 672.24 400.50 113.05 338.67 harbor 0 0.973299 votes=1
106.76 599.92 738.48 664.78 727.31 773.50 95.60 708.64 harbor 0 0.968917 votes=1
109.41 413.71 709.89 479.50 698.10 587.05 97.63 521.25 harbor 0 0.963835 votes=1
142.68 96.12 678.53 161.30 671.21 221.47 135.36 156.29 harbor 0 0.958281 votes=1
595.84 207.98 605.56 161.83 619.63 164.79 609.91 210.94 ship 0 0.956044 votes=1
304.29 482.60 308.89 439.66 323.71 441.24 319.12 484.19 ship 0 0.943570 votes=1
125.40 443.88 127.22 421.96 137.92 422.85 136.10 444.76 ship 0 0.872923 votes=1
640.39 167.74 717.92 183.90 714.16 201.93 636.63 185.77 ship 0 0.856696 votes=1
543.54 574.06 547.97 523.99 565.74 525.56 561.31 575.63 ship 0 0.802476 votes=1
167.09 174.03 174.11 118.26 191.64 120.47 184.63 176.24 ship 0 0.661105 votes=1
