318.52 234.45 324.99 447.40 115.55 453.76 109.08 240.82 baseballfield 0 0.999275 votes=1
425.19 645.95 428.79 508.83 495.38 510.57 491.78 647.70 tenniscourt 0 0.999244 votes=1
510.28 647.06 514.28 509.99 578.51 511.87 574.51 648.93 tenniscourt 0 0.996951 votes=1
646.34 532.79 647.84 504.77 658.98 505.36 657.48 533.38 vehicle 0 0.995877 votes=1
293.48 614.63 302.88 640.35 292.24 644.24 282.84 618.52 vehicle 0 0.995544 votes=1
519.03 739.14 544.57 739.28 544.51 749.96 518.97 749.81 vehicle 0 0.993481 votes=1
165.94 601.23 181.21 634.87 168.82 640.49 153.55 606.86 vehicle 0 0.986233 votes=1
411.23 714.69 435.05 715.25 434.79 726.10 410.97 725.54 vehicle 0 0.933788 votes=1
594.41 740.96 628.56 740.46 628.75 753.40 594.59 753.90 vehicle 0 0.926672 votes=1
681.30 466.85 681.38 498.33 667.24 498.37 667.16 466.89 vehicle 0 0.870970 votes=1
565.53 742.15 588.43 740.63 589.12 751.18 566.22 752.69 vehicle 0 0.628285 votes=1
