519.19 364.15 613.33 405.02 597.01 442.63 502.86 401.76 vehicle 0 0.999560 votes=1
260.91 255.89 351.98 295.01 336.24 331.66 245.16 292.54 vehicle 0 0.999547 votes=1
321.30 440.04 418.86 484.55 401.64 522.30 304.08 477.79 vehicle 0 0.999443 votes=1
677.70 410.27 714.02 317.36 753.45 332.78 717.13 425.68 vehicle 0 0.999167 votes=1
85.26 342.54 177.55 377.36 164.30 412.45 72.02 377.63 vehicle 0 0.998946 votes=1
493.56 690.62 527.57 602.07 566.58 617.06 532.57 705.60 vehicle 0 0.998576 votes=1
624.63 52.84 637.79 27.97 651.53 35.23 638.37 60.10 vehicle 0 0.870528 votes=1
601.52 42.31 613.83 19.25 626.58 26.06 614.27 49.12 vehicle 0 0.705470 votes=1
552.46 22.17 567.63 -6.16 580.76 0.87 565.59 29.21 vehicle 0 0.675238 votes=1
217.52 761.80 229.69 734.49 245.28 741.43 233.11 768.75 vehicle 0 0.633825 votes=1
