421.83 608.13 487.15 550.44 500.47 565.52 435.15 623.21 ship 0 0.998356 votes=1
727.61 599.57 749.89 606.53 747.43 614.42 725.15 607.46 ship 0 0.995071 votes=1
619.69 556.16 643.10 573.99 637.23 581.70 613.82 563.86 ship 0 0.991808 votes=1
436.50 475.92 454.39 482.88 451.97 489.11 434.08 482.15 ship 0 0.980415 votes=1
787.02 688.27 802.51 699.13 798.57 704.75 783.08 693.88 ship 0 0.975507 votes=1
240.13 57.68 253.66 82.15 245.40 86.72 231.86 62.25 ship 0 0.965805 votes=1
-29.95 173.27 658.42 261.11 644.62 369.27 -43.76 281.44 bridge 0 0.938883 votes=1
249.71 -2.88 252.88 87.85 238.73 88.34 235.55 -2.38 harbor 0 0.920164 votes=1
516.94 263.66 531.19 266.63 529.96 272.57 515.71 269.61 vehicle 0 0.892344 votes=1
64.26 103.06 66.17 89.36 72.17 90.20 70.27 103.89 ship 0 0.800300 votes=1
43.35 407.21 76.79 405.25 78.66 437.04 45.22 439.01 harbor 0 0.792421 votes=1
758.85 501.74 765.09 492.06 769.95 495.20 763.71 504.87 vehicle 0 0.770183 votes=1
4.85 553.32 28.47 579.96 23.91 584.00 0.29 557.35 harbor 0 0.758676 votes=1
3.92 559.60 15.72 596.12 9.21 598.22 -2.59 561.70 harbor 0 0.724932 votes=1
749.53 474.50 763.11 477.85 761.60 484.01 748.01 480.66 vehicle 0 0.622473 votes=1
