377.31 326.47 382.78 508.97 201.64 514.40 196.17 331.90 baseballfield 0 0.999446 votes=1
70.77 331.90 71.26 218.83 130.41 219.09 129.92 332.16 basketballcourt 0 0.999111 votes=1
712.62 432.49 712.85 542.79 603.55 543.01 603.32 432.72 baseballfield 0 0.998949 votes=1
63.45 217.95 64.07 329.21 14.52 329.48 13.91 218.22 basketballcourt 0 0.998805 votes=1
77.40 463.38 78.45 371.78 121.97 372.28 120.92 463.88 tenniscourt 0 0.998087 votes=1
486.52 661.54 488.95 640.87 497.34 641.86 494.91 662.53 vehicle 0 0.996409 votes=1
470.81 656.98 473.87 639.05 481.24 640.31 478.18 658.24 vehicle 0 0.993932 votes=1
268.48 762.04 268.63 784.43 259.00 784.49 258.86 762.10 vehicle 0 0.989690 votes=1
502.38 661.86 503.36 643.57 510.67 643.96 509.69 662.25 vehicle 0 0.941894 votes=1
285.35 761.03 285.47 781.40 277.26 781.44 277.13 761.08 vehicle 0 0.917066 votes=1
162.93 716.16 163.80 736.03 156.24 736.36 155.36 716.49 vehicle 0 0.893397 votes=1
543.06 760.27 544.04 742.82 551.12 743.22 550.13 760.67 vehicle 0 0.869116 votes=1
152.26 719.03 152.33 736.35 145.47 736.38 145.40 719.06 vehicle 0 0.626256 votes=1
