321.41 414.12 346.80 390.12 355.41 399.22 330.02 423.23 ship 0 0.997686 votes=1
429.47 306.42 455.94 280.79 464.89 290.04 438.43 315.67 ship 0 0.996997 votes=1
290.44 445.45 314.62 423.01 322.63 431.65 298.45 454.09 ship 0 0.996578 votes=1
331.32 376.91 357.05 352.49 366.01 361.93 340.28 386.35 ship 0 0.996419 votes=1
502.38 234.75 521.77 213.66 529.92 221.15 510.52 242.24 ship 0 0.996418 votes=1
229.09 505.42 245.68 488.01 251.90 493.92 235.31 511.34 ship 0 0.996395 votes=1
360.12 350.25 383.53 325.51 392.10 333.62 368.69 358.36 ship 0 0.996149 votes=1
350.12 385.95 372.66 366.37 380.46 375.35 357.92 394.93 ship 0 0.996072 votes=1
264.21 470.06 287.15 448.05 294.24 455.45 271.30 477.45 ship 0 0.994703 votes=1
252.94 455.59 275.69 435.41 283.03 443.68 260.27 463.86 ship 0 0.992890 votes=1
504.75 206.86 524.03 185.55 532.53 193.24 513.25 214.55 ship 0 0.992763 votes=1
458.22 250.88 480.96 231.02 488.43 239.58 465.69 259.44 ship 0 0.991486 votes=1
429.56 281.03 453.09 255.30 462.14 263.57 438.61 289.30 ship 0 0.989170 votes=1
400.48 310.63 420.11 289.43 428.37 297.08 408.74 318.28 ship 0 0.988211 votes=1
72.03 662.22 89.02 644.13 94.98 649.73 77.99 667.82 ship 0 0.986068 votes=1
172.65 539.35 186.53 523.87 193.50 530.12 179.62 545.60 ship 0 0.982982 votes=1
462.64 274.64 482.73 252.80 490.70 260.13 470.60 281.97 ship 0 0.982415 votes=1
229.88 479.07 250.46 459.50 258.30 467.74 237.72 487.32 ship 0 0.978320 votes=1
525.49 210.30 548.87 188.76 556.42 196.96 533.04 218.49 ship 0 0.975035 votes=1
552.22 186.86 573.93 163.00 584.28 172.42 562.58 196.28 ship 0 0.972805 votes=1
398.83 332.16 427.09 310.33 436.42 322.41 408.17 344.24 ship 0 0.972352 votes=1
305.05 405.90 327.17 382.38 335.99 390.67 313.86 414.19 ship 0 0.961336 votes=1
277.81 434.54 295.15 410.75 306.50 419.02 289.16 442.81 ship 0 0.948439 votes=1
201.80 511.43 215.31 490.80 224.33 496.71 210.82 517.33 ship 0 0.939193 votes=1
128.89 603.04 146.48 587.94 152.14 594.53 134.55 609.64 ship 0 0.923007 votes=1
483.40 229.83 499.83 210.65 508.29 217.89 491.87 237.07 ship 0 0.914282 votes=1
501.45 237.19 501.84 252.22 489.79 252.53 489.40 237.51 ship 0 0.905136 votes=1
605.50 132.16 618.71 121.90 623.06 127.50 609.86 137.76 ship 0 0.900946 votes=1
529.61 184.03 544.73 164.55 554.54 172.17 539.43 191.65 ship 0 0.897500 votes=1
