395.24 295.17 395.51 94.72 487.99 94.85 487.72 295.29 tenniscourt 0 0.999453 votes=1
273.52 296.15 273.70 96.53 366.96 96.62 366.77 296.24 tenniscourt 0 0.999451 votes=1
152.54 297.92 152.65 97.61 246.78 97.67 246.66 297.97 tenniscourt 0 0.999444 votes=1
389.09 599.49 389.36 398.87 481.25 398.99 480.98 599.61 tenniscourt 0 0.999440 votes=1
267.87 600.96 267.92 400.10 360.77 400.12 360.73 600.98 tenniscourt 0 0.999437 votes=1
239.78 401.51 240.22 601.90 147.25 602.10 146.81 401.71 tenniscourt 0 0.999426 votes=1
509.28 599.77 510.54 399.17 602.73 399.74 601.47 600.35 tenniscourt 0 0.999425 votes=1
515.92 294.72 516.35 93.94 608.38 94.14 607.94 294.92 tenniscourt 0 0.999395 votes=1
201.62 748.31 244.42 749.57 243.88 768.05 201.08 766.79 vehicle 0 0.999104 votes=1
259.13 749.26 304.58 751.34 303.74 769.85 258.29 767.78 vehicle 0 0.998285 votes=1
86.39 750.85 130.46 750.66 130.54 769.51 86.48 769.70 vehicle 0 0.997021 votes=1
