582.45 403.68 606.81 424.86 598.89 433.97 574.53 412.78 ship 0 0.985990 votes=1
448.77 363.61 589.40 209.78 639.08 255.19 498.45 409.02 harbor 0 0.985737 votes=1
578.46 278.19 597.84 295.87 591.64 302.67 572.26 284.98 ship 0 0.984470 votes=1
504.54 197.04 521.95 213.92 516.25 219.81 498.83 202.94 ship 0 0.981646 votes=1
466.21 238.45 483.47 253.70 478.32 259.52 461.07 244.27 ship 0 0.981480 votes=1
534.98 270.68 554.95 288.59 548.37 295.92 528.40 278.01 ship 0 0.978201 votes=1
442.30 130.35 458.50 143.28 453.91 149.04 437.71 136.10 ship 0 0.975964 votes=1
571.95 415.67 595.40 437.14 587.97 445.25 564.52 423.79 ship 0 0.972579 votes=1
586.65 220.07 606.05 239.07 599.06 246.20 579.66 227.20 ship 0 0.972575 votes=1
578.08 232.50 594.97 249.65 589.38 255.15 572.50 238.00 ship 0 0.966522 votes=1
508.81 347.57 532.22 368.73 524.83 376.91 501.42 355.75 ship 0 0.959460 votes=1
550.95 255.45 571.26 273.43 563.85 281.80 543.54 263.82 ship 0 0.959073 votes=1
354.83 305.68 517.20 129.11 564.74 172.83 402.37 349.39 harbor 0 0.958847 votes=1
562.28 426.65 584.83 447.86 578.16 454.94 555.61 433.73 ship 0 0.953192 votes=1
502.94 155.92 519.30 169.49 515.23 174.40 498.86 160.83 ship 0 0.949617 votes=1
177.30 493.79 321.67 340.47 353.54 370.48 209.17 523.80 harbor 0 0.949493 votes=1
497.02 163.92 512.30 177.58 507.96 182.44 492.68 168.77 ship 0 0.943996 votes=1
222.52 537.35 363.55 384.60 392.50 411.33 251.47 564.08 harbor 0 0.942225 votes=1
429.51 276.42 446.95 291.71 441.81 297.58 424.37 282.29 ship 0 0.927331 votes=1
495.92 368.12 515.06 384.68 508.65 392.09 489.51 375.53 ship 0 0.926934 votes=1
252.54 337.82 267.02 349.13 262.27 355.21 247.79 343.90 ship 0 0.919554 votes=1
526.28 176.71 540.10 190.32 535.30 195.19 521.48 181.58 ship 0 0.914664 votes=1
199.56 473.74 208.99 486.01 204.30 489.61 194.88 477.34 ship 0 0.906886 votes=1
547.78 433.88 576.16 458.60 567.71 468.30 539.33 443.58 ship 0 0.905174 votes=1
566.72 238.66 584.62 255.27 579.32 260.98 561.42 244.37 ship 0 0.901111 votes=1
537.51 443.86 698.02 281.09 726.46 309.13 565.95 471.90 harbor 0 0.895003 votes=1
227.63 364.85 240.55 377.90 235.55 382.85 222.63 369.80 ship 0 0.892851 votes=1
280.95 310.02 291.98 324.82 286.03 329.25 275.00 314.46 ship 0 0.892501 votes=1
291.89 288.08 307.72 304.78 301.98 310.22 286.15 293.52 ship 0 0.890670 votes=1
264.84 403.05 277.93 412.23 273.49 418.56 260.40 409.37 ship 0 0.887014 votes=1
248.84 430.68 251.05 418.66 262.34 420.73 260.13 432.75 ship 0 0.872904 votes=1
404.28 172.38 418.53 183.32 414.83 188.14 400.58 177.20 ship 0 0.870834 votes=1
483.35 179.03 497.35 193.71 493.18 197.68 479.18 183.01 ship 0 0.870737 votes=1
392.26 185.01 405.94 196.12 400.82 202.43 387.13 191.33 ship 0 0.861593 votes=1
457.57 208.08 472.33 217.28 467.72 224.68 452.96 215.48 ship 0 0.855859 votes=1
663.89 314.86 686.90 335.65 680.42 342.83 657.40 322.05 ship 0 0.839245 votes=1
430.21 144.00 443.70 157.27 439.47 161.58 425.98 148.31 ship 0 0.838528 votes=1
488.64 171.33 504.75 187.61 499.76 192.54 483.66 176.25 ship 0 0.836792 votes=1
278.56 389.72 291.00 396.68 287.40 403.11 274.96 396.16 ship 0 0.818680 votes=1
293.35 374.56 305.19 383.42 301.43 388.45 289.58 379.59 ship 0 0.816270 votes=1
248.34 522.95 250.03 512.83 259.78 514.45 258.09 524.58 ship 0 0.801134 votes=1
661.98 336.05 678.18 347.04 673.56 353.86 657.36 342.87 ship 0 0.764706 votes=1
601.20 383.85 624.31 403.70 616.66 412.61 593.55 392.76 ship 0 0.748650 votes=1
422.37 154.21 434.65 166.57 428.60 172.58 416.32 160.22 ship 0 0.723392 votes=1
228.92 446.91 233.33 463.30 224.96 465.55 220.55 449.16 ship 0 0.708821 votes=1
237.75 432.46 252.59 441.63 248.39 448.43 233.55 439.26 ship 0 0.699107 votes=1
410.13 255.55 425.50 271.40 420.34 276.41 404.96 260.56 ship 0 0.692671 votes=1
286.13 595.58 422.03 436.64 431.94 445.11 296.05 604.05 harbor 0 0.683586 votes=1
460.36 113.82 473.45 125.69 468.22 131.46 455.13 119.59 ship 0 0.670970 votes=1
264.07 327.38 277.48 337.81 272.62 344.07 259.20 333.64 ship 0 0.660225 votes=1
276.37 484.89 282.89 496.49 277.45 499.55 270.93 487.95 ship 0 0.648074 votes=1
129.35 455.51 278.04 301.65 299.36 322.24 150.67 476.11 harbor 0 0.624938 votes=1
184.61 410.53 198.11 418.82 194.68 424.41 181.18 416.12 ship 0 0.602692 votes=1
238.67 352.13 251.88 363.27 247.62 368.33 234.40 357.19 ship 0 0.600091 votes=1
