333.71 638.43 336.85 572.47 361.27 573.64 358.13 639.60 ship 0 0.999471 votes=1
229.60 166.70 230.36 260.98 196.85 261.25 196.10 166.97 ship 0 0.999423 votes=1
603.56 653.81 604.69 584.46 628.53 584.84 627.40 654.20 ship 0 0.999404 votes=1
594.94 755.00 598.46 673.94 623.88 675.04 620.36 756.11 ship 0 0.999398 votes=1
469.56 648.34 470.07 573.34 493.98 573.50 493.47 648.50 ship 0 0.999395 votes=1
557.00 652.57 558.68 569.37 590.40 570.01 588.72 653.21 ship 0 0.999375 votes=1
438.50 644.31 439.55 572.74 464.35 573.11 463.30 644.68 ship 0 0.999364 votes=1
268.34 637.80 268.88 569.79 292.15 569.98 291.61 637.99 ship 0 0.999344 votes=1
295.98 732.40 300.65 659.00 325.16 660.56 320.49 733.96 ship 0 0.999336 votes=1
548.89 771.24 554.43 672.33 587.32 674.17 581.79 773.08 ship 0 0.999283 votes=1
294.56 358.32 294.71 283.54 321.34 283.59 321.20 358.37 ship 0 0.999219 votes=1
642.76 654.93 644.54 588.26 670.33 588.95 668.55 655.62 ship 0 0.999146 votes=1
236.80 637.96 241.09 572.59 262.83 574.01 258.54 639.39 ship 0 0.999140 votes=1
509.79 649.01 517.85 559.33 549.87 562.20 541.81 651.88 ship 0 0.999123 votes=1
368.66 285.99 369.07 365.75 342.24 365.89 341.83 286.12 ship 0 0.999109 votes=1
399.22 645.49 405.75 566.29 431.02 568.38 424.50 647.58 ship 0 0.999106 votes=1
483.92 668.80 485.85 734.37 459.98 735.13 458.05 669.56 ship 0 0.999103 votes=1
291.97 258.47 304.88 175.52 333.07 179.90 320.17 262.86 ship 0 0.999067 votes=1
341.49 258.43 341.96 165.34 371.25 165.49 370.78 258.58 ship 0 0.998987 votes=1
282.70 161.77 282.76 259.30 247.67 259.32 247.62 161.79 ship 0 0.998962 votes=1
259.82 737.08 264.31 654.28 288.73 655.60 284.24 738.40 ship 0 0.998895 votes=1
170.40 187.01 171.74 254.24 145.81 254.75 144.46 187.53 ship 0 0.998786 votes=1
638.23 748.65 639.22 679.76 663.58 680.11 662.59 749.00 ship 0 0.998527 votes=1
305.51 633.00 306.44 569.42 330.51 569.77 329.58 633.35 ship 0 0.998391 votes=1
244.93 369.85 245.64 288.33 275.17 288.58 274.46 370.10 ship 0 0.997781 votes=1
129.89 631.35 133.87 564.11 159.50 565.63 155.52 632.87 ship 0 0.997475 votes=1
501.79 736.68 505.66 676.28 539.90 678.48 536.03 738.88 ship 0 0.993699 votes=1
132.08 163.49 360.54 163.31 360.72 383.08 132.26 383.26 harbor 0 0.985991 votes=1
159.69 628.29 161.51 571.28 185.15 572.04 183.33 629.05 ship 0 0.978009 votes=1
125.11 557.81 690.79 582.92 683.65 743.89 117.97 718.78 harbor 0 0.974104 votes=1
