696.55 138.98 773.18 138.25 773.38 160.08 696.76 160.81 ship 0 0.999376 votes=1
617.53 220.42 673.86 220.16 673.95 238.78 617.61 239.05 ship 0 0.999356 votes=1
494.18 142.47 555.57 142.71 555.50 161.37 494.10 161.13 ship 0 0.999345 votes=1
625.32 496.73 677.21 495.66 677.58 513.68 625.69 514.74 ship 0 0.999293 votes=1
627.45 471.49 677.21 470.21 677.64 487.06 627.88 488.33 ship 0 0.999289 votes=1
422.12 141.93 478.71 142.12 478.65 161.14 422.05 160.94 ship 0 0.999281 votes=1
427.24 219.39 477.22 217.55 477.82 233.67 427.84 235.51 ship 0 0.999258 votes=1
700.49 394.78 756.43 394.66 756.47 412.87 700.53 412.99 ship 0 0.999246 votes=1
697.56 571.11 760.99 570.38 761.21 589.75 697.78 590.48 ship 0 0.999229 votes=1
65.22 267.12 119.05 266.00 119.41 283.41 65.58 284.52 ship 0 0.999199 votes=1
426.69 552.10 482.64 553.18 482.26 572.78 426.31 571.70 ship 0 0.999186 votes=1
698.43 470.69 755.87 469.67 756.20 488.13 698.76 489.15 ship 0 0.999179 votes=1
249.55 577.38 291.67 576.66 291.92 591.48 249.80 592.20 ship 0 0.999170 votes=1
504.82 600.22 559.27 598.98 559.69 617.44 505.24 618.68 ship 0 0.999154 votes=1
504.77 433.98 554.46 434.49 554.31 449.04 504.62 448.53 ship 0 0.999141 votes=1
430.66 194.67 475.91 192.60 476.67 209.09 431.42 211.17 ship 0 0.999139 votes=1
702.93 546.68 752.51 545.89 752.78 562.53 703.20 563.32 ship 0 0.999110 votes=1
621.72 196.58 675.08 194.78 675.71 213.49 622.35 215.28 ship 0 0.999078 votes=1
72.37 445.13 120.90 445.06 120.92 462.39 72.40 462.46 ship 0 0.999050 votes=1
499.74 192.60 553.61 193.70 553.25 211.73 499.37 210.64 ship 0 0.999038 votes=1
628.87 548.03 676.63 547.15 676.94 563.76 629.18 564.65 ship 0 0.999038 votes=1
234.32 146.00 292.08 143.34 293.01 163.50 235.24 166.16 ship 0 0.999034 votes=1
627.94 448.38 674.87 446.01 675.76 463.58 628.83 465.95 ship 0 0.999012 votes=1
434.80 527.19 480.65 527.06 480.70 544.06 434.85 544.19 ship 0 0.999007 votes=1
72.35 147.60 127.59 147.63 127.58 165.96 72.34 165.92 ship 0 0.998986 votes=1
65.08 509.78 119.83 508.99 120.09 527.03 65.34 527.83 ship 0 0.998962 votes=1
306.45 146.45 360.75 147.64 360.36 165.89 306.05 164.70 ship 0 0.998955 votes=1
700.70 195.95 750.09 193.46 750.94 210.34 701.55 212.83 ship 0 0.998939 votes=1
620.34 321.97 676.75 319.75 677.50 338.92 621.09 341.14 ship 0 0.998932 votes=1
146.27 578.89 187.12 579.00 187.08 592.37 146.23 592.26 ship 0 0.998906 votes=1
142.77 554.42 184.79 553.42 185.17 569.50 143.16 570.51 ship 0 0.998904 votes=1
76.21 377.25 117.97 376.75 118.16 392.06 76.39 392.56 ship 0 0.998895 votes=1
497.60 409.31 548.24 408.58 548.47 424.24 497.83 424.97 ship 0 0.998879 votes=1
428.50 505.71 480.95 503.88 481.56 521.29 429.11 523.12 ship 0 0.998844 votes=1
627.71 571.29 676.19 569.89 676.68 586.76 628.20 588.16 ship 0 0.998838 votes=1
499.61 240.99 549.20 241.69 548.97 258.10 499.38 257.40 ship 0 0.998836 votes=1
701.68 442.79 758.84 443.02 758.75 463.58 701.59 463.34 ship 0 0.998831 votes=1
499.88 314.63 553.82 315.25 553.61 332.97 499.68 332.35 ship 0 0.998831 votes=1
496.18 170.13 552.01 170.02 552.05 187.55 496.22 187.67 ship 0 0.998827 votes=1
698.81 245.32 754.61 244.93 754.74 263.39 698.94 263.78 ship 0 0.998818 votes=1
696.07 293.78 757.06 294.40 756.87 313.16 695.88 312.54 ship 0 0.998816 votes=1
306.86 174.21 358.89 173.11 359.24 189.89 307.22 190.99 ship 0 0.998802 votes=1
249.76 511.64 290.76 510.30 291.21 523.92 250.21 525.27 ship 0 0.998790 votes=1
505.18 550.55 557.41 550.11 557.57 569.68 505.34 570.12 ship 0 0.998779 votes=1
624.66 243.77 671.41 243.91 671.35 261.89 624.61 261.75 ship 0 0.998777 votes=1
622.76 143.57 674.18 143.23 674.30 161.80 622.88 162.15 ship 0 0.998768 votes=1
698.85 341.39 762.58 342.05 762.37 362.49 698.64 361.83 ship 0 0.998766 votes=1
626.04 370.63 675.27 370.65 675.27 388.73 626.04 388.71 ship 0 0.998761 votes=1
699.60 270.77 756.99 270.82 756.97 288.97 699.59 288.92 ship 0 0.998754 votes=1
313.97 307.70 357.04 307.32 357.17 322.42 314.10 322.79 ship 0 0.998750 votes=1
138.86 176.52 179.49 175.60 179.79 188.77 139.16 189.69 ship 0 0.998711 votes=1
696.94 218.32 760.17 216.79 760.66 237.04 697.43 238.57 ship 0 0.998668 votes=1
72.85 489.18 116.66 489.00 116.73 505.09 72.91 505.26 ship 0 0.998657 votes=1
309.77 219.04 354.12 218.72 354.23 233.17 309.87 233.50 ship 0 0.998625 votes=1
442.58 597.82 483.37 598.43 483.12 614.81 442.33 614.20 ship 0 0.998618 votes=1
699.85 369.36 761.50 367.63 762.07 387.97 700.42 389.70 ship 0 0.998593 votes=1
700.00 494.31 759.02 494.31 759.02 512.91 700.00 512.91 ship 0 0.998588 votes=1
696.50 167.71 763.83 165.84 764.40 186.34 697.07 188.21 ship 0 0.998582 votes=1
315.53 532.63 358.90 531.91 359.15 547.03 315.78 547.75 ship 0 0.998581 votes=1
421.58 170.33 474.48 169.62 474.74 188.51 421.84 189.23 ship 0 0.998511 votes=1
251.47 490.40 288.53 489.44 288.87 502.62 251.81 503.57 ship 0 0.998426 votes=1
443.26 411.46 478.29 408.17 479.55 421.59 444.52 424.88 ship 0 0.998386 votes=1
621.21 345.81 677.15 342.73 678.22 362.22 622.28 365.30 ship 0 0.998384 votes=1
631.88 422.51 676.05 420.66 676.67 435.45 632.49 437.29 ship 0 0.998379 votes=1
143.30 331.60 187.29 331.50 187.32 346.30 143.33 346.39 ship 0 0.998367 votes=1
246.60 420.18 288.31 419.20 288.69 435.34 246.98 436.32 ship 0 0.998360 votes=1
143.97 512.06 187.86 512.22 187.81 526.73 143.91 526.57 ship 0 0.998351 votes=1
246.09 265.23 288.67 263.30 289.32 277.61 246.74 279.55 ship 0 0.998345 votes=1
307.34 374.16 353.92 373.56 354.12 389.41 307.54 390.01 ship 0 0.998328 votes=1
312.59 488.11 355.31 487.63 355.46 501.60 312.74 502.08 ship 0 0.998319 votes=1
314.67 419.55 362.10 420.26 361.88 435.03 314.45 434.32 ship 0 0.998315 votes=1
241.33 218.54 292.16 217.16 292.62 233.91 241.78 235.29 ship 0 0.998302 votes=1
628.26 171.27 676.62 168.82 677.47 185.74 629.11 188.18 ship 0 0.998295 votes=1
429.15 480.55 477.74 479.36 478.08 493.42 429.49 494.61 ship 0 0.998288 votes=1
242.68 174.31 287.98 172.89 288.48 188.88 243.18 190.30 ship 0 0.998261 votes=1
432.66 362.83 481.20 361.35 481.72 378.40 433.18 379.88 ship 0 0.998244 votes=1
252.73 399.16 289.66 398.33 289.97 411.76 253.04 412.59 ship 0 0.998224 votes=1
149.08 375.72 188.88 375.53 188.95 390.09 149.15 390.28 ship 0 0.998199 votes=1
145.72 489.50 183.42 489.92 183.28 502.31 145.58 501.89 ship 0 0.998185 votes=1
143.00 422.78 186.70 422.84 186.69 436.67 142.98 436.61 ship 0 0.998161 votes=1
83.99 575.88 124.43 581.62 122.52 595.07 82.08 589.33 ship 0 0.998128 votes=1
132.68 147.20 187.17 147.45 187.08 165.99 132.60 165.75 ship 0 0.998122 votes=1
431.49 456.43 479.92 455.91 480.12 473.83 431.68 474.35 ship 0 0.998122 votes=1
246.80 375.17 288.84 374.68 289.02 389.76 246.97 390.26 ship 0 0.998116 votes=1
631.82 520.82 677.02 520.65 677.09 537.36 631.88 537.53 ship 0 0.998095 votes=1
631.41 596.86 671.50 596.72 671.56 611.61 631.46 611.75 ship 0 0.998038 votes=1
681.02 678.65 681.63 704.06 671.58 704.30 670.97 678.89 vehicle 0 0.998019 votes=1
137.59 287.59 181.63 286.52 181.99 301.39 137.95 302.46 ship 0 0.997999 votes=1
497.98 454.92 552.72 454.91 552.72 471.96 497.98 471.96 ship 0 0.997982 votes=1
701.18 319.75 757.17 319.69 757.19 337.29 701.20 337.35 ship 0 0.997981 votes=1
501.84 478.81 554.43 477.61 554.82 494.70 502.23 495.90 ship 0 0.997976 votes=1
77.63 398.60 119.82 398.38 119.89 412.27 77.71 412.49 ship 0 0.997968 votes=1
498.98 502.74 555.57 502.83 555.54 520.66 498.95 520.57 ship 0 0.997955 votes=1
142.91 355.10 182.70 356.26 182.28 370.76 142.49 369.60 ship 0 0.997951 votes=1
145.71 443.83 195.56 444.19 195.44 460.57 145.59 460.21 ship 0 0.997939 votes=1
310.95 397.94 361.75 397.94 361.76 413.87 310.95 413.88 ship 0 0.997938 votes=1
312.57 286.07 345.38 285.60 345.55 297.59 312.74 298.05 ship 0 0.997912 votes=1
246.61 240.15 288.75 239.89 288.84 255.23 246.70 255.49 ship 0 0.997863 votes=1
73.22 423.15 119.75 423.08 119.77 437.15 73.25 437.22 ship 0 0.997813 votes=1
313.01 443.53 353.77 443.27 353.86 457.41 313.10 457.68 ship 0 0.997773 votes=1
253.14 465.56 288.48 464.60 288.83 477.30 253.49 478.26 ship 0 0.997683 votes=1
501.46 340.57 541.97 339.50 542.34 353.59 501.83 354.65 ship 0 0.997676 votes=1
312.56 262.90 346.85 263.33 346.69 275.84 312.40 275.41 ship 0 0.997652 votes=1
307.98 329.75 355.03 330.28 354.86 345.89 307.80 345.36 ship 0 0.997644 votes=1
71.17 354.07 120.23 355.25 119.81 372.83 70.74 371.65 ship 0 0.997644 votes=1
72.49 244.88 117.35 241.14 118.58 255.91 73.72 259.65 ship 0 0.997564 votes=1
627.66 399.35 676.73 394.88 678.27 411.74 629.20 416.21 ship 0 0.997532 votes=1
314.84 463.72 358.55 465.06 358.09 480.08 314.38 478.74 ship 0 0.997531 votes=1
76.41 176.84 114.76 176.55 114.87 191.55 76.52 191.84 ship 0 0.997518 votes=1
144.34 401.27 181.56 400.86 181.69 413.19 144.47 413.59 ship 0 0.997448 votes=1
247.03 196.84 291.88 196.25 292.08 210.85 247.22 211.44 ship 0 0.997447 votes=1
503.71 524.86 552.27 524.88 552.27 544.41 503.70 544.40 ship 0 0.997385 votes=1
250.80 682.13 251.53 704.84 240.99 705.17 240.27 682.46 vehicle 0 0.997355 votes=1
145.39 242.31 179.77 242.75 179.60 255.80 145.22 255.36 ship 0 0.997335 votes=1
77.09 331.94 120.72 331.46 120.89 346.81 77.26 347.29 ship 0 0.997239 votes=1
142.06 265.36 181.45 264.56 181.71 277.22 142.32 278.02 ship 0 0.997202 votes=1
246.80 330.57 290.67 330.63 290.65 345.44 246.78 345.37 ship 0 0.997172 votes=1
76.69 533.13 122.57 535.40 121.70 553.01 75.82 550.74 ship 0 0.997040 votes=1
81.25 466.98 121.65 466.89 121.68 480.11 81.28 480.19 ship 0 0.997015 votes=1
82.07 313.21 117.50 311.67 118.13 325.99 82.70 327.53 ship 0 0.996949 votes=1
698.81 421.83 750.54 422.54 750.30 439.58 698.58 438.87 ship 0 0.996919 votes=1
74.97 197.51 118.69 195.93 119.22 210.68 75.51 212.26 ship 0 0.996897 votes=1
429.77 432.35 479.57 429.79 480.53 448.38 430.73 450.95 ship 0 0.996867 votes=1
75.75 222.10 117.24 221.18 117.56 235.52 76.07 236.43 ship 0 0.996715 votes=1
432.31 342.62 476.83 338.94 477.93 352.29 433.42 355.97 ship 0 0.996637 votes=1
499.44 265.40 549.58 264.86 549.77 282.12 499.62 282.67 ship 0 0.996590 votes=1
309.48 241.50 350.71 240.21 351.12 253.31 309.89 254.60 ship 0 0.995963 votes=1
501.16 288.97 535.12 288.02 535.49 301.18 501.52 302.13 ship 0 0.995892 votes=1
254.66 287.29 290.32 287.42 290.27 299.66 254.62 299.52 ship 0 0.995636 votes=1
437.91 385.71 479.08 385.36 479.21 401.22 438.04 401.57 ship 0 0.995305 votes=1
255.79 443.96 290.49 442.40 291.03 454.33 256.32 455.90 ship 0 0.995251 votes=1
625.03 294.61 669.61 301.77 667.21 316.70 622.63 309.53 ship 0 0.995174 votes=1
261.16 533.81 288.38 533.58 288.48 545.52 261.26 545.76 ship 0 0.995114 votes=1
504.75 362.86 534.02 362.49 534.16 374.18 504.90 374.55 ship 0 0.994433 votes=1
714.65 681.29 716.27 705.28 704.57 706.07 702.95 682.08 vehicle 0 0.993998 votes=1
453.53 578.48 477.90 579.41 477.51 589.53 453.14 588.60 ship 0 0.993870 votes=1
316.82 556.27 346.07 555.84 346.26 568.19 317.00 568.62 ship 0 0.993594 votes=1
140.14 310.09 183.29 309.98 183.33 325.18 140.18 325.28 ship 0 0.993455 votes=1
427.82 240.15 477.67 239.07 478.05 256.87 428.21 257.94 ship 0 0.990976 votes=1
175.82 157.36 182.44 624.13 84.12 625.52 77.50 158.75 harbor 0 0.966269 votes=1
749.67 153.29 753.11 628.31 632.51 629.18 629.06 154.17 harbor 0 0.964492 votes=1
466.15 681.35 466.15 703.18 456.30 703.18 456.30 681.35 vehicle 0 0.957315 votes=1
97.43 698.16 99.51 677.03 108.32 677.90 106.23 699.03 vehicle 0 0.951008 votes=1
543.30 148.77 550.33 642.99 437.26 644.60 430.23 150.38 harbor 0 0.949741 votes=1
345.35 146.97 351.24 631.48 256.71 632.63 250.82 148.12 harbor 0 0.945980 votes=1
