202.04 325.05 202.70 250.11 226.90 250.33 226.24 325.27 ship 0 0.999419 votes=1
169.13 322.98 173.53 238.40 201.53 239.86 197.12 324.44 ship 0 0.999356 votes=1
167.00 32.47 167.47 124.76 140.17 124.90 139.70 32.61 ship 0 0.999231 votes=1
75.33 128.39 76.94 30.59 106.12 31.08 104.51 128.87 ship 0 0.999156 votes=1
198.42 126.91 199.05 42.39 225.93 42.59 225.30 127.11 ship 0 0.999148 votes=1
40.11 311.39 41.61 223.86 72.05 224.38 70.56 311.91 ship 0 0.999133 votes=1
137.15 320.78 137.27 231.07 165.73 231.10 165.61 320.81 ship 0 0.999072 votes=1
168.25 128.48 169.28 40.65 196.88 40.97 195.84 128.80 ship 0 0.998951 votes=1
288.25 31.02 289.47 131.70 257.60 132.09 256.38 31.41 ship 0 0.998947 votes=1
263.27 329.86 268.52 233.10 299.99 234.81 294.74 331.57 ship 0 0.998889 votes=1
29.30 100.20 30.31 185.34 3.00 185.67 1.98 100.52 ship 0 0.998868 votes=1
293.81 338.12 309.72 224.05 344.38 228.88 328.47 342.96 ship 0 0.998863 votes=1
390.52 140.16 395.76 38.54 426.81 40.15 421.57 141.76 ship 0 0.998856 votes=1
353.94 134.33 361.50 37.91 391.17 40.24 383.61 136.66 ship 0 0.998787 votes=1
72.98 313.21 79.12 243.19 105.56 245.50 99.42 315.53 ship 0 0.998476 votes=1
553.98 269.20 618.52 162.20 650.43 181.44 585.89 288.45 ship 0 0.998389 votes=1
710.95 113.42 713.58 81.88 727.19 83.01 724.56 114.56 ship 0 0.998336 votes=1
310.55 142.04 325.27 38.76 355.93 43.13 341.21 146.41 ship 0 0.997736 votes=1
644.41 296.09 698.09 213.72 723.24 230.10 669.55 312.48 ship 0 0.997701 votes=1
581.60 309.35 657.43 187.09 687.78 205.91 611.95 328.17 ship 0 0.997553 votes=1
419.57 433.11 420.06 465.74 405.28 465.97 404.79 433.34 ship 0 0.997397 votes=1
254.02 46.74 256.48 125.06 230.47 125.88 228.01 47.55 ship 0 0.997312 votes=1
713.85 329.02 758.23 252.54 782.37 266.54 737.99 343.03 ship 0 0.996561 votes=1
443.54 180.27 503.76 89.27 531.88 107.88 471.67 198.88 ship 0 0.994523 votes=1
496.61 710.36 517.76 751.16 497.30 761.76 476.16 720.97 ship 0 0.994373 votes=1
726.74 183.32 764.93 205.08 758.15 216.97 719.96 195.22 ship 0 0.987679 votes=1
37.21 217.49 334.99 244.27 324.11 365.33 26.33 338.55 harbor 0 0.900854 votes=1
6.63 11.48 489.85 18.96 487.97 140.56 4.74 133.08 harbor 0 0.824377 votes=1
573.20 801.49 789.10 314.34 848.54 340.69 632.64 827.83 bridge 0 0.772510 votes=1
496.46 -76.95 856.07 144.30 724.00 358.97 364.39 137.72 harbor 0 0.685532 votes=1
