14.76 470.60 282.62 3.86 501.76 129.62 233.90 596.37 Expressway-Service-area 0 0.998114 votes=1
296.91 631.69 585.31 150.87 794.08 276.09 505.69 756.91 Expressway-Service-area 0 0.997097 votes=1
333.95 333.84 352.83 296.10 359.95 299.66 341.07 337.40 vehicle 0 0.994034 votes=1
240.67 376.43 261.21 341.31 268.12 345.36 247.58 380.48 vehicle 0 0.984350 votes=1
290.39 290.49 302.79 264.61 309.82 267.98 297.43 293.86 vehicle 0 0.983443 votes=1
483.08 490.49 499.16 462.36 504.81 465.60 488.73 493.73 vehicle 0 0.973071 votes=1
449.82 451.32 463.23 425.51 469.15 428.58 455.74 454.40 vehicle 0 0.966106 votes=1
416.21 406.74 431.71 380.28 440.20 385.25 424.69 411.71 vehicle 0 0.838706 votes=1
222.04 352.90 253.03 294.30 262.63 299.37 231.64 357.98 vehicle 0 0.807482 votes=1
144.56 720.85 177.40 655.26 191.99 662.57 159.14 728.15 overpass 0 0.805472 votes=1
169.37 727.66 211.82 660.65 254.50 687.69 212.05 754.70 bridge 0 0.751110 votes=1
