96.05 327.69 98.78 265.63 116.88 266.43 114.16 328.49 ship 0 0.999525 votes=1
737.10 380.94 738.12 284.31 765.51 284.60 764.49 381.23 ship 0 0.999495 votes=1
633.87 332.25 634.12 385.87 616.01 385.96 615.75 332.33 ship 0 0.999434 votes=1
40.07 334.33 40.32 266.43 61.35 266.51 61.09 334.41 ship 0 0.999430 votes=1
513.54 382.36 513.88 335.10 530.15 335.21 529.81 382.48 ship 0 0.999406 votes=1
211.78 332.41 215.78 261.82 235.61 262.94 231.61 333.53 ship 0 0.999403 votes=1
71.15 330.90 72.81 270.18 91.72 270.69 90.06 331.42 ship 0 0.999372 votes=1
490.11 387.96 491.05 336.12 507.45 336.41 506.51 388.26 ship 0 0.999350 votes=1
36.23 400.41 36.70 349.23 53.56 349.39 53.08 400.56 ship 0 0.999328 votes=1
459.36 312.85 460.82 265.74 476.65 266.23 475.19 313.33 ship 0 0.999290 votes=1
186.67 332.83 188.26 273.31 207.47 273.83 205.89 333.34 ship 0 0.999256 votes=1
647.49 390.03 648.62 329.48 667.54 329.83 666.42 390.38 ship 0 0.999155 votes=1
14.61 395.58 14.95 345.35 31.30 345.46 30.96 395.69 ship 0 0.999105 votes=1
296.66 263.14 297.28 311.11 279.70 311.33 279.09 263.37 ship 0 0.999016 votes=1
15.82 329.17 16.04 275.59 33.01 275.66 32.79 329.24 ship 0 0.999011 votes=1
172.92 279.99 173.39 334.57 154.93 334.73 154.46 280.15 ship 0 0.999005 votes=1
610.63 333.98 611.17 388.61 591.83 388.80 591.30 334.17 ship 0 0.998932 votes=1
410.69 373.16 411.60 329.70 424.64 329.97 423.73 373.43 ship 0 0.998921 votes=1
248.90 338.18 251.66 261.67 272.70 262.43 269.94 338.93 ship 0 0.998899 votes=1
357.54 312.25 358.38 264.85 376.21 265.17 375.37 312.57 ship 0 0.998842 votes=1
370.54 369.53 371.06 330.67 386.14 330.87 385.62 369.73 ship 0 0.998840 votes=1
154.56 352.30 154.72 394.82 140.37 394.88 140.21 352.35 ship 0 0.998728 votes=1
176.04 395.08 177.16 353.45 191.02 353.82 189.90 395.46 ship 0 0.998666 votes=1
329.79 311.23 332.04 268.09 344.87 268.75 342.62 311.90 ship 0 0.998606 votes=1
159.49 392.86 160.32 352.77 173.94 353.05 173.12 393.14 ship 0 0.998408 votes=1
235.86 391.35 235.93 355.22 249.13 355.25 249.07 391.38 ship 0 0.998235 votes=1
78.88 403.17 79.57 352.24 95.69 352.46 94.99 403.39 ship 0 0.998193 votes=1
383.98 88.16 424.00 80.37 426.43 92.88 386.41 100.68 ship 0 0.998056 votes=1
725.70 334.51 726.06 388.88 708.91 388.99 708.55 334.62 ship 0 0.997960 votes=1
347.42 375.29 348.10 327.20 364.34 327.43 363.66 375.52 ship 0 0.997864 votes=1
689.43 333.89 689.49 386.30 673.53 386.32 673.47 333.90 ship 0 0.997860 votes=1
255.86 385.37 255.94 355.56 267.51 355.59 267.43 385.40 ship 0 0.997699 votes=1
451.40 367.01 452.80 331.36 466.03 331.88 464.63 367.53 ship 0 0.997529 votes=1
120.32 396.53 121.27 354.82 135.12 355.14 134.17 396.84 ship 0 0.997380 votes=1
513.21 311.24 513.85 275.64 526.66 275.87 526.02 311.47 ship 0 0.997279 votes=1
424.52 275.46 424.98 307.26 412.96 307.44 412.50 275.64 ship 0 0.996940 votes=1
216.58 385.17 218.20 349.97 231.52 350.59 229.89 385.79 ship 0 0.996618 votes=1
674.88 278.23 674.94 310.98 663.29 311.00 663.23 278.25 ship 0 0.996612 votes=1
696.19 271.55 696.74 314.44 683.60 314.61 683.06 271.72 ship 0 0.996518 votes=1
631.60 311.17 631.99 285.07 643.01 285.23 642.63 311.34 ship 0 0.996480 votes=1
714.70 311.63 716.55 274.79 728.81 275.41 726.96 312.25 ship 0 0.995402 votes=1
134.81 83.47 171.75 95.06 166.71 111.13 129.77 99.54 ship 0 0.994628 votes=1
583.03 314.81 583.52 272.10 599.28 272.28 598.79 314.99 ship 0 0.994398 votes=1
330.05 362.16 330.46 327.66 342.68 327.80 342.28 362.30 ship 0 0.993959 votes=1
195.71 391.13 195.82 356.48 207.43 356.52 207.32 391.17 ship 0 0.993524 votes=1
428.35 359.26 429.04 333.70 439.73 333.99 439.04 359.55 ship 0 0.991816 votes=1
74.00 35.67 109.86 52.72 102.46 68.28 66.60 51.23 ship 0 0.988565 votes=1
241.70 14.34 288.00 21.44 283.94 47.95 237.64 40.86 ship 0 0.984226 votes=1
429.86 309.92 430.32 279.23 442.20 279.41 441.75 310.10 ship 0 0.977560 votes=1
1.38 268.47 740.06 259.70 741.56 385.75 2.87 394.52 harbor 0 0.951259 votes=1
73.39 362.00 73.42 391.46 62.72 391.47 62.69 362.02 ship 0 0.946867 votes=1
