277.69 325.25 280.10 380.99 249.57 382.31 247.16 326.57 groundtrackfield 0 0.997441 votes=1
36.79 657.36 40.69 711.90 12.07 713.94 8.17 659.40 groundtrackfield 0 0.996673 votes=1
443.00 157.34 444.93 201.34 420.49 202.41 418.56 158.41 groundtrackfield 0 0.991772 votes=1
281.67 9.41 283.58 64.48 256.05 65.44 254.14 10.36 groundtrackfield 0 0.991030 votes=1
603.56 510.88 607.20 473.49 629.59 475.67 625.95 513.06 groundtrackfield 0 0.990058 votes=1
751.56 491.95 779.47 455.77 796.47 468.88 768.57 505.07 groundtrackfield 0 0.989823 votes=1
209.64 103.42 213.61 155.16 185.01 157.36 181.04 105.61 groundtrackfield 0 0.988570 votes=1
271.23 673.98 275.79 723.61 249.09 726.06 244.53 676.44 groundtrackfield 0 0.988097 votes=1
375.05 582.04 376.29 625.69 354.81 626.30 353.56 582.65 groundtrackfield 0 0.977226 votes=1
187.23 444.44 188.05 477.23 173.31 477.60 172.49 444.81 groundtrackfield 0 0.729421 votes=1
