672.14 738.43 672.29 683.90 690.97 683.95 690.82 738.48 ship 0 0.999404 votes=1
639.97 60.76 641.22 120.39 621.34 120.80 620.08 61.18 ship 0 0.999337 votes=1
664.90 60.31 666.62 119.10 646.61 119.69 644.89 60.89 ship 0 0.999281 votes=1
662.63 679.93 663.47 739.16 643.80 739.44 642.97 680.20 ship 0 0.999234 votes=1
591.76 739.69 591.78 686.45 609.83 686.46 609.82 739.69 ship 0 0.999213 votes=1
520.52 116.89 521.49 71.76 537.16 72.10 536.19 117.23 ship 0 0.999167 votes=1
588.17 139.43 588.97 192.22 571.80 192.48 571.00 139.69 ship 0 0.999158 votes=1
436.40 276.18 436.64 333.31 419.31 333.38 419.07 276.26 ship 0 0.999141 votes=1
91.91 747.79 92.28 694.46 109.03 694.58 108.66 747.91 ship 0 0.999132 votes=1
284.76 125.90 285.21 63.87 305.51 64.02 305.06 126.05 ship 0 0.999118 votes=1
485.74 141.68 486.62 191.68 469.90 191.97 469.02 141.98 ship 0 0.999107 votes=1
488.11 59.41 488.99 121.18 467.61 121.49 466.73 59.71 ship 0 0.999088 votes=1
426.30 687.98 427.13 745.59 408.61 745.86 407.78 688.25 ship 0 0.999082 votes=1
29.90 695.38 42.03 625.81 64.43 629.71 52.30 699.29 ship 0 0.999076 votes=1
595.45 192.46 595.67 137.93 615.00 138.00 614.78 192.54 ship 0 0.999069 votes=1
479.58 685.78 480.64 750.69 460.23 751.02 459.17 686.11 ship 0 0.999058 votes=1
407.16 349.18 407.34 396.36 391.77 396.42 391.59 349.24 ship 0 0.999044 votes=1
415.72 196.66 415.77 142.35 434.68 142.37 434.63 196.68 ship 0 0.999043 votes=1
50.38 283.09 53.36 396.56 26.25 397.27 23.27 283.80 ship 0 0.999042 votes=1
564.19 272.35 566.37 328.63 547.81 329.35 545.64 273.07 ship 0 0.999032 votes=1
383.04 141.13 383.13 196.20 363.50 196.23 363.40 141.17 ship 0 0.999026 votes=1
151.47 71.07 152.00 127.65 134.24 127.81 133.71 71.24 ship 0 0.999009 votes=1
585.87 74.32 586.34 119.37 570.97 119.53 570.50 74.48 ship 0 0.999005 votes=1
109.92 337.00 110.69 279.27 127.53 279.49 126.76 337.22 ship 0 0.998989 votes=1
561.53 515.58 561.88 558.79 547.14 558.91 546.78 515.71 ship 0 0.998969 votes=1
794.94 53.20 795.28 114.32 777.21 114.42 776.87 53.30 ship 0 0.998963 votes=1
162.44 337.84 162.71 286.41 178.35 286.50 178.07 337.93 ship 0 0.998956 votes=1
163.17 450.59 168.18 500.73 150.91 502.46 145.89 452.32 ship 0 0.998940 votes=1
203.84 287.00 204.23 336.56 186.34 336.70 185.95 287.14 ship 0 0.998913 votes=1
107.01 671.94 107.66 624.13 125.65 624.37 124.99 672.18 ship 0 0.998873 votes=1
641.57 140.87 641.87 196.95 621.49 197.05 621.20 140.98 ship 0 0.998872 votes=1
697.41 117.89 698.72 66.84 717.01 67.31 715.69 118.36 ship 0 0.998865 votes=1
188.67 195.17 188.95 144.39 203.29 144.47 203.00 195.25 ship 0 0.998851 votes=1
320.51 690.15 321.86 748.20 304.78 748.60 303.43 690.55 ship 0 0.998846 votes=1
127.48 150.16 127.87 200.55 109.30 200.70 108.91 150.30 ship 0 0.998816 votes=1
254.16 144.19 254.51 194.59 238.49 194.71 238.14 144.31 ship 0 0.998805 votes=1
283.23 669.50 283.59 625.75 300.91 625.89 300.54 669.64 ship 0 0.998803 votes=1
398.40 688.73 401.89 742.75 382.89 743.98 379.40 689.96 ship 0 0.998798 votes=1
641.89 279.05 644.10 330.96 624.88 331.78 622.67 279.87 ship 0 0.998795 votes=1
627.27 451.27 627.66 496.93 611.64 497.07 611.25 451.40 ship 0 0.998771 votes=1
163.37 689.75 163.65 748.40 145.27 748.49 144.99 689.84 ship 0 0.998765 votes=1
177.56 145.70 178.32 197.51 160.67 197.77 159.91 145.95 ship 0 0.998763 votes=1
512.49 139.71 512.85 193.43 494.88 193.55 494.51 139.84 ship 0 0.998755 votes=1
743.77 680.99 743.99 741.48 723.89 741.55 723.66 681.07 ship 0 0.998737 votes=1
514.52 737.46 514.84 683.48 533.66 683.59 533.34 737.58 ship 0 0.998735 votes=1
256.01 281.03 258.18 333.38 239.93 334.14 237.76 281.78 ship 0 0.998721 votes=1
570.11 496.35 570.59 457.26 584.02 457.43 583.54 496.51 ship 0 0.998717 votes=1
432.03 70.01 432.25 119.55 415.79 119.62 415.57 70.08 ship 0 0.998713 votes=1
230.20 456.18 230.65 502.30 213.87 502.46 213.42 456.34 ship 0 0.998712 votes=1
513.62 277.18 514.05 328.96 496.49 329.11 496.06 277.33 ship 0 0.998696 votes=1
411.50 397.38 412.67 350.77 427.75 351.15 426.58 397.76 ship 0 0.998681 votes=1
355.83 744.29 357.12 691.85 375.45 692.29 374.16 744.74 ship 0 0.998659 votes=1
564.93 147.74 565.63 196.26 548.32 196.51 547.61 147.99 ship 0 0.998645 votes=1
561.46 623.32 562.44 664.02 547.80 664.37 546.82 623.67 ship 0 0.998629 votes=1
410.45 281.37 411.06 330.75 394.21 330.96 393.60 281.58 ship 0 0.998613 votes=1
588.70 386.53 588.88 347.92 602.29 347.98 602.11 386.59 ship 0 0.998580 votes=1
657.81 188.79 657.93 140.08 673.68 140.12 673.56 188.83 ship 0 0.998575 votes=1
610.18 390.85 610.32 345.52 626.74 345.57 626.60 390.90 ship 0 0.998569 votes=1
358.63 279.19 359.11 331.79 342.16 331.94 341.68 279.34 ship 0 0.998553 votes=1
347.90 501.66 348.00 459.60 364.14 459.64 364.04 501.70 ship 0 0.998537 votes=1
364.05 517.54 365.02 564.57 348.48 564.91 347.52 517.88 ship 0 0.998534 votes=1
459.24 669.71 459.55 622.82 477.34 622.94 477.02 669.83 ship 0 0.998531 votes=1
340.56 120.85 340.80 70.49 357.62 70.57 357.38 120.93 ship 0 0.998495 votes=1
261.30 500.35 261.52 458.12 276.25 458.20 276.03 500.43 ship 0 0.998480 votes=1
75.01 150.34 75.18 204.04 57.67 204.10 57.49 150.40 ship 0 0.998472 votes=1
566.01 394.50 566.43 348.89 581.74 349.03 581.32 394.64 ship 0 0.998471 votes=1
143.03 630.90 143.49 673.07 129.69 673.22 129.22 631.05 ship 0 0.998466 votes=1
391.28 497.54 392.14 452.18 406.95 452.46 406.09 497.82 ship 0 0.998454 votes=1
660.01 496.53 660.57 441.23 678.65 441.41 678.09 496.71 ship 0 0.998437 votes=1
77.84 519.88 78.87 565.22 63.19 565.57 62.16 520.24 ship 0 0.998380 votes=1
384.03 68.50 384.30 122.11 365.62 122.20 365.35 68.59 ship 0 0.998344 votes=1
539.59 346.11 539.70 389.59 525.72 389.63 525.61 346.14 ship 0 0.998339 votes=1
263.50 558.55 263.57 518.76 277.62 518.79 277.55 558.57 ship 0 0.998337 votes=1
315.53 331.24 316.31 283.64 332.54 283.91 331.77 331.50 ship 0 0.998325 votes=1
460.18 559.37 460.40 516.03 475.93 516.11 475.71 559.44 ship 0 0.998319 votes=1
743.45 66.67 744.22 120.90 724.62 121.17 723.85 66.94 ship 0 0.998317 votes=1
389.77 124.87 389.85 70.07 408.73 70.09 408.66 124.90 ship 0 0.998311 votes=1
564.16 70.22 564.17 121.56 546.85 121.57 546.83 70.23 ship 0 0.998307 votes=1
87.46 337.28 88.54 290.00 104.53 290.37 103.44 337.65 ship 0 0.998302 votes=1
460.79 68.89 461.03 121.61 441.52 121.70 441.28 68.98 ship 0 0.998283 votes=1
212.38 333.41 212.97 287.92 229.96 288.14 229.38 333.63 ship 0 0.998280 votes=1
233.90 630.99 233.93 672.62 218.98 672.63 218.95 631.00 ship 0 0.998266 votes=1
539.82 742.78 540.41 684.67 558.33 684.85 557.74 742.96 ship 0 0.998261 votes=1
243.59 688.64 244.12 751.13 222.09 751.31 221.56 688.82 ship 0 0.998233 votes=1
119.56 457.38 120.02 504.91 105.16 505.06 104.70 457.53 ship 0 0.998228 votes=1
454.63 627.38 455.62 666.37 442.19 666.71 441.20 627.72 ship 0 0.998228 votes=1
297.30 352.29 298.16 397.66 282.80 397.95 281.95 352.58 ship 0 0.998199 votes=1
269.73 689.96 270.47 745.54 250.52 745.80 249.78 690.22 ship 0 0.998162 votes=1
215.73 690.25 216.51 748.30 198.56 748.54 197.77 690.49 ship 0 0.998137 votes=1
584.05 689.07 584.72 737.09 567.63 737.32 566.96 689.31 ship 0 0.998127 votes=1
480.62 498.74 481.22 458.33 495.69 458.55 495.09 498.96 ship 0 0.998124 votes=1
615.69 279.27 616.09 329.57 599.63 329.71 599.22 279.40 ship 0 0.998118 votes=1
159.19 128.74 159.66 75.02 177.61 75.18 177.14 128.89 ship 0 0.998102 votes=1
612.75 70.86 613.65 122.54 595.88 122.85 594.97 71.17 ship 0 0.998101 votes=1
325.42 502.72 325.95 457.97 342.68 458.17 342.15 502.92 ship 0 0.998099 votes=1
658.32 393.28 659.86 346.64 675.55 347.16 674.01 393.80 ship 0 0.998068 votes=1
295.58 688.18 295.87 745.73 276.60 745.83 276.31 688.28 ship 0 0.998028 votes=1
143.19 461.72 143.74 500.92 128.61 501.13 128.06 461.93 ship 0 0.998019 votes=1
187.60 460.58 187.75 501.94 173.16 502.00 173.01 460.63 ship 0 0.998007 votes=1
507.22 685.47 508.58 747.78 487.23 748.25 485.87 685.94 ship 0 0.997934 votes=1
342.14 622.97 342.40 669.30 328.11 669.38 327.85 623.05 ship 0 0.997893 votes=1
541.69 625.31 541.80 668.11 526.45 668.15 526.34 625.35 ship 0 0.997884 votes=1
320.00 456.99 320.42 501.72 302.87 501.88 302.45 457.15 ship 0 0.997876 votes=1
452.24 451.51 452.39 500.07 436.21 500.12 436.07 451.56 ship 0 0.997873 votes=1
357.61 144.03 358.49 195.93 340.27 196.24 339.39 144.33 ship 0 0.997864 votes=1
514.28 347.69 514.90 387.58 500.19 387.81 499.57 347.92 ship 0 0.997852 votes=1
238.87 501.88 239.38 454.37 255.24 454.54 254.74 502.05 ship 0 0.997842 votes=1
561.17 347.91 561.36 393.24 544.43 393.31 544.24 347.98 ship 0 0.997808 votes=1
305.99 561.07 307.47 515.10 323.31 515.61 321.83 561.58 ship 0 0.997797 votes=1
254.27 350.18 254.98 397.12 236.97 397.39 236.26 350.45 ship 0 0.997767 votes=1
86.65 673.30 87.30 626.99 102.39 627.20 101.74 673.52 ship 0 0.997759 votes=1
339.97 348.70 340.01 395.55 323.56 395.56 323.53 348.71 ship 0 0.997751 votes=1
462.19 282.70 462.83 330.31 444.57 330.56 443.93 282.94 ship 0 0.997718 votes=1
365.89 331.86 368.36 280.26 385.35 281.07 382.88 332.67 ship 0 0.997709 votes=1
515.63 625.44 520.24 669.24 504.90 670.86 500.29 627.05 ship 0 0.997664 votes=1
100.70 521.11 102.80 564.65 87.97 565.36 85.87 521.83 ship 0 0.997611 votes=1
545.11 497.88 545.70 455.09 561.44 455.31 560.85 498.10 ship 0 0.997592 votes=1
674.31 277.07 675.90 327.58 659.50 328.10 657.92 277.59 ship 0 0.997588 votes=1
76.83 464.47 77.33 503.81 62.10 504.00 61.59 464.66 ship 0 0.997579 votes=1
472.63 346.54 473.00 393.20 455.18 393.34 454.81 346.68 ship 0 0.997566 votes=1
648.92 622.89 649.39 666.59 634.86 666.75 634.39 623.04 ship 0 0.997533 votes=1
453.54 516.79 454.33 564.88 436.97 565.16 436.19 517.08 ship 0 0.997531 votes=1
449.02 352.01 449.68 401.34 434.68 401.54 434.02 352.21 ship 0 0.997498 votes=1
46.84 92.37 48.23 202.53 23.65 202.83 22.26 92.68 ship 0 0.997441 votes=1
540.79 513.56 541.10 559.12 525.19 559.23 524.88 513.67 ship 0 0.997425 votes=1
363.07 347.53 363.08 396.15 347.11 396.16 347.10 347.53 ship 0 0.997417 votes=1
99.52 149.75 100.16 199.13 83.64 199.34 83.01 149.96 ship 0 0.997384 votes=1
184.86 354.15 186.68 395.49 172.05 396.13 170.23 354.80 ship 0 0.997365 votes=1
604.82 514.48 607.04 556.92 592.61 557.67 590.39 515.24 ship 0 0.997351 votes=1
524.11 498.45 524.14 456.73 539.88 456.74 539.86 498.46 ship 0 0.997279 votes=1
498.84 627.96 498.97 665.77 485.90 665.81 485.77 628.00 ship 0 0.997260 votes=1
326.88 563.18 327.02 515.64 343.39 515.69 343.26 563.23 ship 0 0.997236 votes=1
495.25 348.50 496.38 391.96 481.38 392.35 480.25 348.89 ship 0 0.997234 votes=1
497.48 515.50 499.67 558.03 484.64 558.80 482.45 516.27 ship 0 0.997230 votes=1
281.12 502.87 282.10 456.51 297.06 456.83 296.08 503.19 ship 0 0.997208 votes=1
128.17 562.05 128.77 519.28 144.29 519.49 143.70 562.26 ship 0 0.997194 votes=1
585.31 513.35 586.12 564.31 568.09 564.59 567.28 513.63 ship 0 0.997182 votes=1
141.23 352.79 141.73 399.36 126.21 399.53 125.72 352.95 ship 0 0.997105 votes=1
469.37 329.85 471.19 280.34 488.41 280.97 486.59 330.48 ship 0 0.997095 votes=1
99.81 459.87 99.98 505.62 83.40 505.68 83.23 459.93 ship 0 0.997071 votes=1
634.91 556.86 635.66 512.98 650.48 513.23 649.73 557.11 ship 0 0.997051 votes=1
369.82 500.43 370.05 462.01 384.18 462.10 383.95 500.52 ship 0 0.997018 votes=1
370.75 671.55 370.99 625.66 387.32 625.74 387.08 671.64 ship 0 0.997016 votes=1
518.56 513.95 519.73 560.67 503.34 561.08 502.16 514.36 ship 0 0.996980 votes=1
122.02 518.61 122.31 566.04 105.82 566.14 105.53 518.71 ship 0 0.996934 votes=1
278.08 624.01 278.34 672.22 260.42 672.32 260.16 624.11 ship 0 0.996867 votes=1
625.91 513.49 627.31 558.96 612.18 559.42 610.78 513.96 ship 0 0.996811 votes=1
501.07 500.48 501.65 456.20 518.53 456.42 517.95 500.70 ship 0 0.996766 votes=1
410.95 627.59 411.72 670.31 396.92 670.58 396.14 627.85 ship 0 0.996623 votes=1
289.16 334.82 289.29 276.57 308.46 276.62 308.32 334.87 ship 0 0.996508 votes=1
451.32 684.56 455.22 743.12 436.18 744.39 432.29 685.83 ship 0 0.996393 votes=1
82.60 401.32 82.84 355.72 99.01 355.80 98.77 401.40 ship 0 0.996378 votes=1
671.14 119.87 676.10 59.53 694.46 61.04 689.51 121.37 ship 0 0.996354 votes=1
410.21 519.58 410.87 559.76 395.93 560.01 395.27 519.83 ship 0 0.996349 votes=1
616.68 668.74 617.60 621.27 630.74 621.52 629.82 668.99 ship 0 0.996324 votes=1
79.13 622.97 79.74 673.92 62.79 674.12 62.18 623.18 ship 0 0.996237 votes=1
135.22 197.34 135.57 146.15 153.66 146.28 153.30 197.46 ship 0 0.996086 votes=1
415.04 669.63 415.63 625.20 431.72 625.42 431.13 669.85 ship 0 0.995775 votes=1
345.63 687.15 350.43 748.28 330.10 749.88 325.30 688.75 ship 0 0.995774 votes=1
511.40 63.20 512.57 124.29 494.11 124.65 492.94 63.56 ship 0 0.995716 votes=1
615.17 741.52 615.43 688.18 637.63 688.29 637.36 741.64 ship 0 0.995700 votes=1
679.33 514.41 679.54 556.17 666.58 556.24 666.37 514.48 ship 0 0.995686 votes=1
77.13 280.83 77.32 339.39 58.05 339.46 57.86 280.90 ship 0 0.995684 votes=1
521.58 330.05 521.58 281.28 537.22 281.28 537.22 330.05 ship 0 0.995488 votes=1
192.72 503.64 193.40 459.17 208.72 459.40 208.04 503.88 ship 0 0.995346 votes=1
646.38 459.71 646.69 494.14 634.49 494.26 634.17 459.83 ship 0 0.994288 votes=1
589.74 497.61 590.42 452.68 607.04 452.92 606.36 497.86 ship 0 0.993616 votes=1
379.31 348.38 382.24 389.48 368.97 390.43 366.04 349.33 ship 0 0.993430 votes=1
607.91 623.00 607.98 666.98 591.61 667.00 591.54 623.02 ship 0 0.993359 votes=1
383.69 517.08 385.05 555.82 371.80 556.29 370.44 517.55 ship 0 0.992640 votes=1
471.94 456.89 473.50 499.95 457.79 500.52 456.23 457.46 ship 0 0.992332 votes=1
322.78 633.16 323.21 670.68 308.85 670.85 308.42 633.32 ship 0 0.992052 votes=1
237.96 674.12 238.49 625.35 255.74 625.54 255.21 674.31 ship 0 0.989932 votes=1
49.36 70.25 50.94 98.17 38.80 98.86 37.22 70.93 ship 0 0.988563 votes=1
427.12 517.77 429.24 549.37 415.96 550.26 413.84 518.66 ship 0 0.981200 votes=1
52.17 630.66 759.65 620.83 761.34 742.36 53.86 752.19 harbor 0 0.964094 votes=1
46.70 67.99 738.57 66.19 738.91 195.37 47.03 197.18 harbor 0 0.962828 votes=1
56.48 457.83 675.14 452.72 676.02 560.01 57.37 565.11 harbor 0 0.954509 votes=1
52.57 284.50 679.02 275.09 680.74 389.83 54.29 399.24 harbor 0 0.951336 votes=1
