240.73 336.21 352.40 335.67 352.92 443.07 241.25 443.60 baseballfield 0 0.999426 votes=1
655.24 324.66 762.77 320.27 767.09 426.19 659.56 430.58 baseballfield 0 0.999388 votes=1
479.62 56.35 480.72 149.92 425.72 150.57 424.61 57.00 basketballcourt 0 0.999076 votes=1
351.23 60.60 352.25 152.25 298.62 152.85 297.60 61.20 basketballcourt 0 0.999056 votes=1
416.24 58.55 416.95 150.98 362.26 151.40 361.55 58.97 basketballcourt 0 0.998999 votes=1
286.76 62.23 288.52 153.52 234.83 154.55 233.07 63.27 basketballcourt 0 0.998876 votes=1
185.47 41.81 186.94 382.52 24.11 383.22 22.64 42.51 groundtrackfield 0 0.995756 votes=1
538.68 161.34 538.79 141.05 549.24 141.11 549.13 161.39 vehicle 0 0.971557 votes=1
521.36 144.43 522.83 165.07 514.32 165.67 512.85 145.04 vehicle 0 0.949763 votes=1
351.82 587.06 377.31 586.78 377.40 594.74 351.91 595.02 vehicle 0 0.939321 votes=1
533.06 136.49 533.07 91.63 545.01 91.63 545.00 136.50 vehicle 0 0.938917 votes=1
76.26 775.63 79.48 792.29 71.62 793.81 68.41 777.15 vehicle 0 0.935054 votes=1
509.67 85.00 509.84 135.98 497.09 136.02 496.93 85.04 vehicle 0 0.919036 votes=1
539.83 62.06 539.94 80.69 531.22 80.74 531.11 62.11 vehicle 0 0.815651 votes=1
511.21 105.40 511.42 88.71 519.45 88.81 519.23 105.50 vehicle 0 0.622566 votes=1
