8.63 19.00 164.05 17.96 165.07 171.96 9.65 172.99 baseballfield 0 0.999435 votes=1
199.27 519.15 199.31 424.23 244.34 424.25 244.30 519.17 tenniscourt 0 0.998808 votes=1
244.54 568.62 244.91 663.68 199.59 663.86 199.21 568.80 tenniscourt 0 0.998689 votes=1
792.87 80.39 798.54 765.37 431.13 768.41 425.46 83.43 groundtrackfield 0 0.998616 votes=1
357.78 422.54 358.59 518.73 314.33 519.10 313.52 422.92 tenniscourt 0 0.998558 votes=1
301.70 423.97 302.19 518.38 257.31 518.61 256.83 424.20 tenniscourt 0 0.998254 votes=1
359.07 568.30 360.11 662.82 315.08 663.31 314.05 568.79 tenniscourt 0 0.998238 votes=1
141.34 518.50 142.53 424.96 186.79 425.53 185.60 519.06 tenniscourt 0 0.998151 votes=1
302.48 568.22 303.82 663.22 257.79 663.87 256.45 568.87 tenniscourt 0 0.997648 votes=1
140.20 663.62 141.16 569.33 187.63 569.81 186.67 664.09 tenniscourt 0 0.997474 votes=1
