190.87 395.03 243.70 410.66 238.75 427.38 185.92 411.75 ship 0 0.998958 votes=1
301.76 603.71 352.64 618.36 348.20 633.77 297.32 619.11 ship 0 0.998805 votes=1
275.06 179.47 320.13 195.34 314.56 211.14 269.49 195.27 ship 0 0.998586 votes=1
327.27 564.37 369.93 578.79 364.89 593.70 322.23 579.29 ship 0 0.998584 votes=1
385.85 613.99 476.68 642.16 468.43 668.75 377.60 640.57 ship 0 0.998452 votes=1
378.06 653.41 435.05 668.28 428.91 691.78 371.93 676.90 ship 0 0.998338 votes=1
413.49 526.37 470.90 540.72 465.73 561.41 408.32 547.05 ship 0 0.998248 votes=1
430.30 473.16 477.91 486.84 473.67 501.60 426.06 487.92 ship 0 0.998197 votes=1
394.65 404.66 430.23 417.68 424.68 432.85 389.09 419.83 ship 0 0.998058 votes=1
423.98 500.06 480.35 514.77 475.39 533.76 419.03 519.05 ship 0 0.997982 votes=1
436.98 448.19 483.06 460.34 479.16 475.14 433.08 463.00 ship 0 0.997651 votes=1
138.16 388.74 179.16 400.62 175.07 414.73 134.07 402.85 ship 0 0.997301 votes=1
397.93 587.96 451.26 608.28 445.21 624.16 391.88 603.84 ship 0 0.997194 votes=1
399.15 356.02 445.91 368.69 441.82 383.76 395.07 371.09 ship 0 0.997166 votes=1
172.30 472.03 218.24 494.32 211.27 508.68 165.33 486.40 ship 0 0.997096 votes=1
465.78 353.55 513.30 369.57 508.22 384.66 460.70 368.64 ship 0 0.996891 votes=1
188.10 426.55 233.55 438.63 229.33 454.50 183.88 442.42 ship 0 0.996632 votes=1
479.94 312.08 521.52 323.70 517.54 337.94 475.96 326.32 ship 0 0.996580 votes=1
295.38 140.34 330.93 153.76 326.10 166.55 290.55 153.13 ship 0 0.996221 votes=1
340.24 537.08 383.50 552.25 377.92 568.15 334.67 552.98 ship 0 0.996050 votes=1
438.59 272.26 473.90 281.24 470.51 294.60 435.19 285.62 ship 0 0.995027 votes=1
405.77 332.76 454.39 347.24 450.23 361.19 401.62 346.71 ship 0 0.994456 votes=1
473.42 333.99 513.94 344.66 510.28 358.58 469.76 347.91 ship 0 0.994065 votes=1
346.89 506.92 389.39 521.03 384.66 535.30 342.15 521.18 ship 0 0.993638 votes=1
407.89 554.42 472.44 572.45 466.46 593.88 401.90 575.86 ship 0 0.992221 votes=1
261.60 221.97 297.37 234.48 292.75 247.66 256.98 235.14 ship 0 0.991790 votes=1
485.90 292.67 526.96 303.71 523.21 317.68 482.14 306.64 ship 0 0.989690 votes=1
287.59 160.88 320.23 172.71 315.60 185.48 282.96 173.64 ship 0 0.989345 votes=1
453.92 395.68 497.80 410.39 492.12 427.33 448.25 412.62 ship 0 0.988142 votes=1
292.15 663.75 464.96 140.26 583.29 179.32 410.49 702.81 harbor 0 0.987755 votes=1
459.29 374.53 488.56 385.02 484.44 396.52 455.17 386.02 ship 0 0.984971 votes=1
110.68 484.94 264.69 46.74 361.71 80.84 207.70 519.04 harbor 0 0.984593 votes=1
228.39 160.94 265.83 173.95 261.05 187.69 223.61 174.69 ship 0 0.980559 votes=1
669.67 358.97 680.89 328.46 693.34 333.04 682.12 363.55 ship 0 0.961310 votes=1
581.77 268.53 709.76 309.72 689.80 371.72 561.82 330.54 harbor 0 0.932002 votes=1
443.48 225.85 487.45 238.60 483.14 253.46 439.17 240.70 ship 0 0.822305 votes=1
642.59 170.33 683.03 189.50 676.18 203.96 635.74 184.78 ship 0 0.809377 votes=1
334.92 97.29 359.76 117.63 350.92 128.43 326.08 108.09 ship 0 0.807492 votes=1
