517.28 129.63 518.07 389.76 320.68 390.35 319.90 130.22 stadium 0 0.998648 votes=1
440.16 456.28 440.60 506.19 421.18 506.36 420.73 456.46 tenniscourt 0 0.996877 votes=1
244.42 567.15 244.55 521.88 266.93 521.95 266.80 567.22 tenniscourt 0 0.993764 votes=1
271.79 566.97 272.20 521.25 293.08 521.44 292.67 567.16 tenniscourt 0 0.992831 votes=1
439.43 520.13 440.30 569.40 420.54 569.75 419.67 520.48 tenniscourt 0 0.991705 votes=1
325.06 507.90 325.25 459.14 346.05 459.22 345.87 507.98 tenniscourt 0 0.991242 votes=1
410.68 457.30 410.73 507.89 389.04 507.92 388.99 457.33 tenniscourt 0 0.990737 votes=1
297.35 504.24 298.65 458.93 319.72 459.54 318.41 504.85 tenniscourt 0 0.990563 votes=1
348.62 565.92 349.59 520.37 369.22 520.79 368.25 566.33 tenniscourt 0 0.989672 votes=1
266.16 459.00 266.48 505.05 245.70 505.19 245.39 459.14 tenniscourt 0 0.989325 votes=1
321.64 565.87 323.41 519.30 345.96 520.15 344.19 566.73 tenniscourt 0 0.988089 votes=1
387.05 567.10 388.04 518.78 411.24 519.26 410.26 567.57 tenniscourt 0 0.987867 votes=1
332.09 637.91 332.92 594.11 356.52 594.55 355.69 638.35 tenniscourt 0 0.987481 votes=1
471.94 519.90 472.50 569.77 449.42 570.03 448.86 520.16 tenniscourt 0 0.986372 votes=1
350.35 507.20 351.01 458.82 370.62 459.09 369.96 507.47 tenniscourt 0 0.982902 votes=1
449.65 507.73 449.95 457.89 471.26 458.02 470.96 507.86 tenniscourt 0 0.982458 votes=1
272.35 504.17 272.38 460.12 291.30 460.13 291.27 504.18 tenniscourt 0 0.979392 votes=1
243.50 418.96 244.22 381.12 263.18 381.48 262.46 419.31 tenniscourt 0 0.952056 votes=1
296.34 382.47 296.56 419.99 276.81 420.10 276.58 382.58 tenniscourt 0 0.874764 votes=1
