456.65 225.46 562.41 255.93 552.79 289.33 447.03 258.86 ship 0 0.999455 votes=1
332.76 553.05 393.71 570.96 387.01 593.77 326.06 575.86 ship 0 0.999359 votes=1
404.02 603.02 474.53 632.56 464.76 655.87 394.25 626.33 ship 0 0.999301 votes=1
478.76 367.14 544.85 382.03 539.43 406.09 473.33 391.20 ship 0 0.999294 votes=1
410.79 574.67 474.24 597.91 466.17 619.96 402.71 596.72 ship 0 0.999161 votes=1
327.70 585.50 383.23 599.73 377.57 621.80 322.04 607.57 ship 0 0.999061 votes=1
356.81 498.55 412.72 515.75 406.12 537.18 350.22 519.98 ship 0 0.999022 votes=1
409.50 298.07 476.32 318.50 468.86 342.87 402.05 322.44 ship 0 0.998979 votes=1
404.82 262.60 484.24 283.73 477.31 309.78 397.89 288.65 ship 0 0.998885 votes=1
463.07 416.75 532.64 439.28 525.45 461.46 455.89 438.94 ship 0 0.998735 votes=1
310.70 650.95 358.71 679.25 347.71 697.91 299.70 669.61 ship 0 0.998703 votes=1
504.56 288.51 574.27 311.81 565.85 336.99 496.15 313.70 ship 0 0.998595 votes=1
391.41 357.78 455.65 374.94 449.85 396.69 385.60 379.53 ship 0 0.998541 votes=1
495.38 318.40 551.49 337.64 545.42 355.34 489.31 336.10 ship 0 0.998487 votes=1
232.10 298.65 295.21 320.97 287.70 342.20 224.59 319.88 ship 0 0.998075 votes=1
218.14 353.42 295.19 373.45 288.44 399.41 211.39 379.38 ship 0 0.998021 votes=1
428.20 524.57 481.87 546.87 473.85 566.18 420.18 543.89 ship 0 0.997819 votes=1
271.38 693.63 326.16 725.22 314.35 745.69 259.58 714.10 ship 0 0.997788 votes=1
446.26 466.91 512.13 488.86 504.72 511.11 438.85 489.17 ship 0 0.997603 votes=1
395.01 632.66 439.18 646.81 434.57 661.18 390.41 647.03 ship 0 0.997039 votes=1
357.95 465.22 423.17 491.59 415.54 510.46 350.32 484.09 ship 0 0.995509 votes=1
386.37 448.93 434.16 462.12 429.59 478.71 381.79 465.51 ship 0 0.994898 votes=1
137.82 794.81 158.34 721.83 186.87 729.86 166.35 802.83 ship 0 0.994531 votes=1
501.24 737.50 634.51 305.39 727.04 333.92 593.77 766.04 harbor 0 0.993416 votes=1
191.63 441.05 270.23 457.84 264.45 484.91 185.85 468.11 ship 0 0.979461 votes=1
136.02 638.63 212.27 660.84 205.17 685.20 128.92 663.00 ship 0 0.977018 votes=1
207.97 384.64 287.31 406.71 279.51 434.74 200.17 412.66 ship 0 0.958348 votes=1
267.30 752.76 435.79 249.53 562.64 292.00 394.14 795.23 harbor 0 0.937768 votes=1
79.39 767.69 240.64 191.84 337.34 218.92 176.09 794.77 harbor 0 0.924511 votes=1
224.77 514.39 230.84 486.86 242.89 489.52 236.83 517.05 ship 0 0.903074 votes=1
154.93 569.64 178.63 480.03 218.47 490.57 194.77 580.18 ship 0 0.898298 votes=1
256.14 209.49 336.93 236.90 327.49 264.73 246.70 237.32 ship 0 0.891144 votes=1
141.45 631.54 150.65 595.44 164.26 598.91 155.06 635.00 ship 0 0.851255 votes=1
