418.53 409.14 423.54 398.05 434.14 402.84 429.13 413.93 airplane 0 0.957259 votes=1
347.82 325.07 358.67 329.33 354.71 339.43 343.85 335.17 airplane 0 0.936842 votes=1
528.03 499.90 539.81 503.22 536.63 514.54 524.84 511.22 airplane 0 0.925589 votes=1
388.26 378.27 394.76 368.70 403.27 374.48 396.77 384.04 airplane 0 0.923988 votes=1
515.15 504.89 519.13 493.34 529.95 497.07 525.97 508.62 airplane 0 0.920017 votes=1
354.22 345.95 359.35 335.59 369.66 340.71 364.52 351.06 airplane 0 0.914682 votes=1
431.97 410.20 443.80 412.48 441.75 423.07 429.92 420.78 airplane 0 0.905808 votes=1
210.04 68.76 750.18 615.26 665.65 698.80 125.50 152.31 airport 0 0.891406 votes=1
379.91 354.59 390.97 359.84 385.86 370.61 374.79 365.36 airplane 0 0.874836 votes=1
512.83 482.17 523.60 490.02 515.96 500.52 505.18 492.67 airplane 0 0.852674 votes=1
369.80 346.01 381.70 351.68 376.33 362.95 364.43 357.29 airplane 0 0.849423 votes=1
501.89 472.84 516.22 482.48 509.18 492.94 494.85 483.30 airplane 0 0.693125 votes=1
