587.87 415.91 760.37 418.01 758.28 589.40 585.78 587.30 baseballfield 0 0.999424 votes=1
396.52 381.23 396.65 245.71 460.96 245.77 460.83 381.30 tenniscourt 0 0.999086 votes=1
461.24 466.31 461.40 602.37 397.25 602.45 397.09 466.39 tenniscourt 0 0.999069 votes=1
214.27 466.65 214.68 602.94 150.48 603.13 150.07 466.84 tenniscourt 0 0.999050 votes=1
377.82 245.38 378.30 381.94 313.90 382.17 313.43 245.60 tenniscourt 0 0.998819 votes=1
213.30 246.03 213.89 382.68 149.83 382.95 149.24 246.31 tenniscourt 0 0.998817 votes=1
131.99 467.02 132.86 602.74 68.13 603.16 67.27 467.43 tenniscourt 0 0.998761 votes=1
295.43 246.15 295.60 382.08 231.97 382.16 231.80 246.23 tenniscourt 0 0.998718 votes=1
66.78 383.02 66.86 246.27 131.62 246.31 131.54 383.06 tenniscourt 0 0.998707 votes=1
296.26 467.28 296.70 602.78 233.25 602.98 232.81 467.48 tenniscourt 0 0.998678 votes=1
379.17 466.01 379.84 602.48 314.91 602.80 314.25 466.32 tenniscourt 0 0.998664 votes=1
124.41 89.52 191.98 89.25 192.23 151.62 124.66 151.89 tenniscourt 0 0.873818 votes=1
