389.86 403.02 421.55 403.02 421.55 415.96 389.86 415.96 vehicle 0 0.999004 votes=1
287.88 426.78 332.20 427.41 331.98 442.77 287.66 442.14 vehicle 0 0.998924 votes=1
535.17 424.54 570.97 423.96 571.19 437.20 535.39 437.79 vehicle 0 0.998632 votes=1
751.67 693.28 759.73 757.12 738.40 759.81 730.35 695.97 ship 0 0.998414 votes=1
193.90 431.42 229.77 430.92 229.96 444.99 194.09 445.49 vehicle 0 0.997988 votes=1
253.48 375.89 292.45 375.77 292.49 388.95 253.52 389.07 vehicle 0 0.997383 votes=1
29.98 344.08 801.42 326.52 804.16 446.64 32.71 464.20 bridge 0 0.986484 votes=1
752.61 235.38 785.57 234.31 785.96 246.38 753.01 247.45 vehicle 0 0.968956 votes=1
13.21 433.07 97.00 432.14 97.21 451.45 13.43 452.38 vehicle 0 0.954437 votes=1
745.98 720.17 746.82 640.12 790.43 640.58 789.59 720.63 harbor 0 0.919639 votes=1
613.53 307.39 676.49 307.64 676.39 332.28 613.43 332.03 ship 0 0.710276 votes=1
