573.44 409.48 602.68 433.07 594.90 442.71 565.66 419.12 ship 0 0.996739 votes=1
555.27 429.43 586.93 458.07 578.14 467.78 546.48 439.14 ship 0 0.995618 votes=1
377.16 269.32 401.21 289.14 394.39 297.42 370.34 277.60 ship 0 0.995369 votes=1
303.94 116.54 323.87 125.29 320.84 132.19 300.91 123.44 ship 0 0.994635 votes=1
120.60 91.54 141.64 100.36 138.77 107.19 117.74 98.38 ship 0 0.994429 votes=1
688.30 501.68 710.26 519.68 704.53 526.68 682.57 508.67 ship 0 0.994256 votes=1
468.53 366.09 490.87 385.59 484.75 392.60 462.41 373.10 ship 0 0.993842 votes=1
411.80 231.09 432.97 248.93 426.93 256.10 405.76 238.26 ship 0 0.993784 votes=1
372.39 336.12 390.49 349.48 385.93 355.67 367.83 342.30 ship 0 0.993287 votes=1
462.03 378.77 480.51 395.15 474.84 401.55 456.35 385.17 ship 0 0.992599 votes=1
585.43 352.89 629.72 390.55 620.95 400.87 576.66 363.21 ship 0 0.992379 votes=1
360.54 291.71 382.45 309.02 376.92 316.01 355.02 298.70 ship 0 0.991315 votes=1
335.97 317.90 358.59 336.78 352.26 344.36 329.64 325.49 ship 0 0.991134 votes=1
594.89 385.87 622.12 407.75 614.47 417.27 587.25 395.39 ship 0 0.990538 votes=1
384.96 260.60 409.82 279.12 404.51 286.24 379.65 267.72 ship 0 0.990267 votes=1
562.56 376.78 572.92 403.63 561.96 407.86 551.60 381.01 ship 0 0.990168 votes=1
352.42 302.46 374.08 317.41 369.38 324.22 347.71 309.27 ship 0 0.990032 votes=1
439.43 349.88 456.89 364.93 451.60 371.07 434.13 356.02 ship 0 0.988317 votes=1
383.87 322.08 401.74 336.95 395.27 344.72 377.41 329.84 ship 0 0.988292 votes=1
476.37 357.77 498.03 374.87 492.67 381.66 471.02 364.56 ship 0 0.988080 votes=1
426.44 367.23 442.20 379.80 437.34 385.89 421.58 373.32 ship 0 0.987741 votes=1
426.27 222.17 464.20 253.78 457.37 261.98 419.44 230.37 ship 0 0.987694 votes=1
455.55 334.99 472.53 347.95 467.64 354.35 450.66 341.40 ship 0 0.986925 votes=1
420.85 278.50 438.73 291.56 434.36 297.55 416.47 284.50 ship 0 0.985793 votes=1
566.24 558.06 675.66 444.73 744.08 510.79 634.66 624.12 harbor 0 0.985680 votes=1
101.84 318.45 134.86 203.99 177.59 216.32 144.57 330.78 harbor 0 0.984839 votes=1
432.22 402.78 458.03 424.93 450.36 433.86 424.55 411.72 ship 0 0.984813 votes=1
415.06 288.97 431.11 301.28 426.49 307.31 410.44 295.00 ship 0 0.983631 votes=1
417.15 375.51 433.52 389.99 428.30 395.90 411.93 381.41 ship 0 0.982562 votes=1
401.43 303.68 418.80 316.58 414.21 322.75 396.85 309.84 ship 0 0.982533 votes=1
404.45 379.32 424.00 398.54 417.34 405.32 397.79 386.10 ship 0 0.980335 votes=1
368.21 283.00 390.73 299.39 385.70 306.30 363.18 289.91 ship 0 0.979047 votes=1
394.13 309.99 410.67 325.65 404.55 332.12 388.00 316.46 ship 0 0.976522 votes=1
442.74 395.87 463.67 413.22 458.64 419.28 437.71 401.93 ship 0 0.973147 votes=1
470.44 320.87 488.08 334.34 482.79 341.26 465.16 327.79 ship 0 0.971013 votes=1
515.19 320.47 536.66 337.03 530.39 345.15 508.93 328.59 ship 0 0.970500 votes=1
493.57 455.04 501.50 480.02 492.37 482.92 484.44 457.94 ship 0 0.966950 votes=1
465.46 478.69 589.65 340.93 645.41 391.20 521.22 528.96 harbor 0 0.964759 votes=1
191.69 321.23 227.22 225.04 254.75 235.20 219.22 331.39 harbor 0 0.963730 votes=1
144.40 212.49 171.16 219.99 168.69 228.77 141.94 221.27 ship 0 0.963396 votes=1
35.12 290.59 63.80 199.01 100.21 210.41 71.53 301.99 harbor 0 0.958753 votes=1
392.72 400.91 503.15 281.53 546.98 322.07 436.55 441.45 harbor 0 0.956700 votes=1
443.00 256.29 459.11 268.28 454.71 274.19 438.60 262.19 ship 0 0.955465 votes=1
632.15 582.76 649.16 598.22 643.91 604.00 626.90 588.54 ship 0 0.952424 votes=1
400.26 239.85 428.20 258.39 422.53 266.93 394.59 248.39 ship 0 0.949263 votes=1
507.42 330.08 524.29 346.47 518.01 352.93 501.14 336.54 ship 0 0.946834 votes=1
485.74 348.19 508.16 366.52 502.30 373.69 479.88 355.35 ship 0 0.944038 votes=1
436.27 262.91 453.23 275.10 448.88 281.15 431.92 268.97 ship 0 0.943410 votes=1
326.48 334.71 350.15 353.88 343.17 362.50 319.50 343.33 ship 0 0.941087 votes=1
575.07 361.48 580.92 385.50 573.75 387.25 567.91 363.22 ship 0 0.940284 votes=1
480.95 314.55 493.07 325.30 488.23 330.76 476.11 320.01 ship 0 0.940146 votes=1
516.97 285.92 544.88 313.00 531.53 326.76 503.63 299.68 ship 0 0.928029 votes=1
497.78 339.71 517.26 358.31 510.82 365.06 491.34 346.45 ship 0 0.926376 votes=1
486.94 305.96 502.59 318.59 498.23 323.99 482.59 311.36 ship 0 0.918175 votes=1
321.90 346.99 413.09 222.35 463.86 259.50 372.68 384.13 harbor 0 0.915885 votes=1
494.81 297.40 507.98 310.92 502.53 316.23 489.37 302.71 ship 0 0.912136 votes=1
260.98 330.82 306.11 214.32 331.78 224.27 286.65 340.76 harbor 0 0.892526 votes=1
409.40 294.96 424.10 307.84 419.06 313.60 404.35 300.72 ship 0 0.876968 votes=1
453.34 385.89 470.10 403.54 463.22 410.07 446.46 392.42 ship 0 0.876039 votes=1
433.33 361.60 447.97 374.65 444.37 378.69 429.73 365.64 ship 0 0.819674 votes=1
58.96 193.40 85.96 197.61 84.66 205.94 57.66 201.73 ship 0 0.713692 votes=1
223.65 230.19 245.22 237.21 242.88 244.40 221.31 237.37 ship 0 0.653825 votes=1
508.48 490.14 531.27 509.19 526.10 515.36 503.32 496.31 ship 0 0.628481 votes=1
