253.57 549.34 331.03 558.57 327.99 584.11 250.53 574.88 ship 0 0.999266 votes=1
156.20 151.60 221.47 153.63 220.77 176.23 155.50 174.21 ship 0 0.999146 votes=1
562.65 462.34 674.21 406.78 689.97 438.44 578.41 494.00 ship 0 0.999008 votes=1
277.96 299.05 379.18 335.68 367.67 367.48 266.46 330.86 ship 0 0.998945 votes=1
246.26 615.86 323.38 637.43 316.37 662.51 239.24 640.94 ship 0 0.998801 votes=1
226.53 470.67 275.10 471.65 274.74 489.86 226.16 488.88 ship 0 0.998488 votes=1
532.66 21.46 588.13 53.10 576.02 74.34 520.55 42.70 ship 0 0.998341 votes=1
533.04 216.97 585.72 178.35 599.18 196.70 546.49 235.32 ship 0 0.998259 votes=1
273.91 380.59 374.94 402.13 367.89 435.20 266.86 413.66 ship 0 0.998160 votes=1
212.87 658.68 221.22 613.61 238.43 616.80 230.09 661.87 ship 0 0.998054 votes=1
505.90 142.29 557.74 129.55 562.20 147.69 510.36 160.44 ship 0 0.997820 votes=1
188.41 294.91 259.93 316.54 252.45 341.26 180.93 319.63 ship 0 0.997803 votes=1
561.67 5.20 609.19 35.73 599.65 50.58 552.13 20.05 ship 0 0.997776 votes=1
513.24 111.47 567.02 115.12 565.91 131.46 512.13 127.81 ship 0 0.997473 votes=1
512.67 267.56 587.10 212.64 609.19 242.58 534.76 297.50 ship 0 0.997394 votes=1
503.71 85.16 567.59 89.46 566.30 108.72 502.42 104.42 ship 0 0.997226 votes=1
518.24 192.40 567.89 152.70 582.18 170.57 532.53 210.28 ship 0 0.997208 votes=1
215.12 179.87 281.20 183.35 280.17 203.03 214.09 199.55 ship 0 0.996856 votes=1
237.52 584.02 299.77 592.84 296.58 615.37 234.32 606.55 ship 0 0.996732 votes=1
247.19 499.69 294.73 519.00 288.69 533.88 241.15 514.57 ship 0 0.996554 votes=1
678.44 402.14 760.97 355.89 775.10 381.10 692.57 427.35 ship 0 0.996389 votes=1
556.95 311.31 629.47 263.29 642.75 283.33 570.23 331.36 ship 0 0.996239 votes=1
629.00 310.36 675.46 281.89 685.99 299.06 639.52 327.54 ship 0 0.996130 votes=1
644.52 145.96 674.23 145.89 674.25 157.33 644.54 157.39 vehicle 0 0.992896 votes=1
258.97 332.66 340.78 356.89 333.15 382.66 251.34 358.44 ship 0 0.990864 votes=1
178.79 321.05 253.95 343.33 246.75 367.59 171.59 345.31 ship 0 0.982007 votes=1
212.06 206.38 270.39 213.06 268.41 230.39 210.07 223.71 ship 0 0.979298 votes=1
204.70 543.55 207.38 497.75 225.56 498.81 222.88 544.61 ship 0 0.966029 votes=1
552.33 62.50 573.45 71.87 569.23 81.38 548.11 72.01 ship 0 0.925441 votes=1
203.62 374.24 260.66 382.37 257.41 405.16 200.37 397.02 ship 0 0.910060 votes=1
172.13 41.23 283.06 73.89 279.16 87.16 168.22 54.50 harbor 0 0.849681 votes=1
575.39 425.08 777.15 324.11 787.45 344.68 585.68 445.65 harbor 0 0.728940 votes=1
186.09 699.03 241.39 714.88 237.27 729.24 181.97 713.39 harbor 0 0.724826 votes=1
641.30 471.04 773.46 413.98 809.33 497.07 677.17 554.12 harbor 0 0.711761 votes=1
654.80 34.09 709.73 268.24 553.42 304.91 498.49 70.75 harbor 0 0.632050 votes=1
