19.95 367.11 464.12 57.25 601.20 253.75 157.03 563.61 Expressway-Service-area 0 0.998386 votes=1
202.23 611.56 660.49 271.13 800.73 459.92 342.48 800.35 Expressway-Service-area 0 0.997132 votes=1
529.59 319.95 549.48 304.49 553.33 309.43 533.43 324.89 vehicle 0 0.991609 votes=1
460.23 520.33 490.29 523.77 489.43 531.23 459.37 527.80 vehicle 0 0.978692 votes=1
547.14 376.17 567.53 353.37 572.46 357.78 552.07 380.58 vehicle 0 0.965581 votes=1
492.76 448.19 519.72 449.21 519.47 455.77 492.51 454.75 vehicle 0 0.964396 votes=1
501.71 487.50 532.26 487.15 532.35 495.15 501.80 495.50 vehicle 0 0.962950 votes=1
392.13 373.80 417.64 356.30 421.60 362.06 396.09 379.57 vehicle 0 0.957355 votes=1
442.82 477.74 474.08 478.08 474.00 485.95 442.73 485.61 vehicle 0 0.949814 votes=1
451.66 534.06 478.75 535.87 478.34 542.00 451.25 540.19 vehicle 0 0.948016 votes=1
388.55 262.66 412.99 262.31 413.08 268.31 388.64 268.66 vehicle 0 0.883250 votes=1
468.45 567.67 493.98 546.58 499.21 552.92 473.69 574.00 vehicle 0 0.881155 votes=1
269.54 474.74 298.06 452.63 302.30 458.09 273.78 480.20 vehicle 0 0.872755 votes=1
389.95 363.75 416.25 348.90 420.46 356.35 394.16 371.20 vehicle 0 0.841213 votes=1
334.14 554.64 365.93 553.06 366.33 561.11 334.54 562.69 vehicle 0 0.839320 votes=1
314.07 573.60 346.60 571.94 346.96 578.96 314.43 580.62 vehicle 0 0.736651 votes=1
343.09 564.76 365.82 560.33 367.31 567.99 344.58 572.42 vehicle 0 0.684667 votes=1
265.79 463.78 294.51 444.30 300.70 453.43 271.98 472.91 vehicle 0 0.672675 votes=1
