361.35 459.04 398.24 458.45 398.45 471.56 361.56 472.14 ship 0 0.999311 votes=1
417.11 391.47 460.19 390.11 460.63 404.25 417.56 405.61 ship 0 0.999311 votes=1
603.69 602.82 674.26 599.38 675.36 621.82 604.78 625.26 ship 0 0.999308 votes=1
574.93 404.43 635.57 403.88 635.73 421.85 575.09 422.40 ship 0 0.999140 votes=1
355.19 344.09 387.04 343.95 387.09 356.79 355.24 356.94 ship 0 0.999139 votes=1
107.60 421.36 165.26 419.73 165.78 437.95 108.12 439.58 ship 0 0.999069 votes=1
106.99 349.13 163.94 347.54 164.38 363.44 107.43 365.03 ship 0 0.999061 votes=1
577.36 385.15 631.28 379.42 633.20 397.48 579.28 403.20 ship 0 0.999025 votes=1
418.78 359.78 454.35 358.79 454.71 371.75 419.14 372.74 ship 0 0.999016 votes=1
585.47 504.74 637.86 498.28 639.83 514.28 587.44 520.73 ship 0 0.998857 votes=1
107.75 371.10 163.08 369.54 163.59 387.91 108.27 389.47 ship 0 0.998833 votes=1
349.54 559.62 399.47 557.30 400.21 573.02 350.27 575.34 ship 0 0.998760 votes=1
360.00 441.54 398.22 440.76 398.48 453.40 360.26 454.18 ship 0 0.998749 votes=1
412.27 311.74 452.30 310.99 452.58 325.86 412.55 326.61 ship 0 0.998680 votes=1
413.78 341.25 455.08 340.86 455.21 353.85 413.90 354.24 ship 0 0.998660 votes=1
109.06 495.99 167.58 495.58 167.70 512.08 109.17 512.49 ship 0 0.998652 votes=1
412.67 443.58 443.08 442.63 443.42 453.50 413.01 454.45 ship 0 0.998600 votes=1
113.44 518.17 168.25 517.73 168.39 535.63 113.58 536.07 ship 0 0.998524 votes=1
648.64 501.42 704.42 497.38 705.52 512.63 649.74 516.67 ship 0 0.998451 votes=1
586.80 352.44 624.69 353.02 624.49 365.65 586.60 365.06 ship 0 0.998386 votes=1
351.03 392.49 395.12 390.71 395.69 404.79 351.60 406.57 ship 0 0.998209 votes=1
185.34 615.18 234.74 613.76 235.18 629.34 185.79 630.75 ship 0 0.998053 votes=1
119.06 544.48 164.67 543.35 165.12 561.44 119.51 562.56 ship 0 0.998018 votes=1
351.66 535.00 404.87 535.66 404.67 552.14 351.46 551.48 ship 0 0.998017 votes=1
417.99 557.31 475.12 555.33 475.74 573.28 418.61 575.26 ship 0 0.997878 votes=1
106.60 470.55 165.55 468.90 166.03 485.96 107.07 487.60 ship 0 0.997844 votes=1
646.19 381.17 703.06 379.33 703.57 395.00 646.70 396.84 ship 0 0.997838 votes=1
425.32 506.39 463.62 507.14 463.39 519.33 425.08 518.58 ship 0 0.997820 votes=1
644.43 332.24 697.94 329.07 698.84 344.30 645.34 347.48 ship 0 0.997767 votes=1
597.87 290.49 621.50 292.22 620.77 302.29 597.13 300.55 ship 0 0.997516 votes=1
183.90 563.59 233.59 564.31 233.38 578.64 183.70 577.92 ship 0 0.997410 votes=1
582.71 451.88 610.43 452.26 610.29 462.51 582.57 462.13 ship 0 0.997393 votes=1
588.81 551.63 637.13 550.60 637.43 564.60 589.11 565.63 ship 0 0.997256 votes=1
183.73 592.38 232.74 592.11 232.82 606.71 183.81 606.98 ship 0 0.996933 votes=1
661.07 547.81 706.38 549.47 705.90 562.41 660.60 560.75 ship 0 0.996611 votes=1
650.52 575.99 703.18 575.58 703.31 592.36 650.65 592.77 ship 0 0.996039 votes=1
345.80 314.81 392.76 313.72 393.12 329.18 346.16 330.27 ship 0 0.995732 votes=1
587.71 581.78 632.80 580.55 633.16 593.87 588.08 595.10 ship 0 0.995306 votes=1
649.74 529.56 701.19 526.07 702.17 540.46 650.72 543.94 ship 0 0.994550 votes=1
645.90 305.42 698.33 303.50 698.92 319.51 646.48 321.43 ship 0 0.994130 votes=1
231.21 255.00 239.01 613.09 111.00 615.88 103.21 257.79 harbor 0 0.993981 votes=1
343.60 299.69 370.91 298.87 371.22 309.33 343.91 310.15 ship 0 0.992305 votes=1
438.85 493.33 465.10 490.81 466.04 500.57 439.79 503.09 ship 0 0.992040 votes=1
680.46 483.96 704.06 482.55 704.68 493.03 681.08 494.44 ship 0 0.991425 votes=1
409.03 294.74 446.64 294.21 446.80 305.96 409.19 306.48 ship 0 0.990924 votes=1
700.42 254.36 708.22 595.78 584.04 598.62 576.25 257.20 harbor 0 0.990803 votes=1
439.16 456.81 469.23 455.16 469.79 465.26 439.71 466.91 ship 0 0.990505 votes=1
677.26 449.17 703.94 451.23 703.20 460.96 676.51 458.90 ship 0 0.990088 votes=1
440.44 541.54 466.80 539.76 467.48 549.94 441.13 551.71 ship 0 0.988570 votes=1
650.95 486.42 676.61 483.32 677.85 493.58 652.19 496.67 ship 0 0.988096 votes=1
458.17 260.89 470.53 605.52 351.69 609.79 339.33 265.15 harbor 0 0.987253 votes=1
609.54 486.41 635.24 486.07 635.38 496.02 609.67 496.36 ship 0 0.986571 votes=1
674.03 435.88 700.97 435.96 700.94 445.57 674.01 445.49 ship 0 0.983676 votes=1
677.06 399.43 700.20 399.75 700.06 409.86 676.92 409.53 ship 0 0.981445 votes=1
181.76 517.45 232.80 515.53 233.25 527.44 182.21 529.36 ship 0 0.980446 votes=1
584.06 539.65 613.85 534.48 615.63 544.71 585.84 549.88 ship 0 0.980367 votes=1
646.32 401.22 668.62 400.81 668.80 410.64 646.50 411.05 ship 0 0.975370 votes=1
613.63 200.76 613.96 173.16 623.91 173.28 623.58 200.88 vehicle 0 0.954904 votes=1
649.88 438.23 673.34 436.74 673.92 445.84 650.46 447.33 ship 0 0.939003 votes=1
