261.77 600.09 307.19 624.40 299.52 638.73 254.10 614.42 ship 0 0.998703 votes=1
469.28 627.88 491.31 586.13 505.35 593.54 483.32 635.28 ship 0 0.998365 votes=1
416.94 308.86 456.50 328.41 450.76 340.01 411.20 320.47 ship 0 0.997836 votes=1
397.99 343.16 437.81 361.53 431.40 375.45 391.58 357.08 ship 0 0.997593 votes=1
252.59 781.89 297.73 753.76 307.35 769.19 262.21 797.32 ship 0 0.997307 votes=1
88.14 389.43 129.74 415.86 121.28 429.18 79.68 402.75 ship 0 0.997247 votes=1
554.89 321.83 590.64 339.88 584.10 352.82 548.36 334.77 ship 0 0.997232 votes=1
518.02 526.16 533.27 492.81 545.13 498.24 529.88 531.59 ship 0 0.997139 votes=1
96.37 87.90 142.08 120.90 131.45 135.62 85.74 102.62 ship 0 0.997104 votes=1
173.85 106.34 202.97 128.22 195.38 138.31 166.26 116.44 ship 0 0.997096 votes=1
306.48 509.41 351.25 531.72 343.57 547.15 298.80 524.84 ship 0 0.997064 votes=1
446.82 541.27 487.00 560.83 481.05 573.04 440.88 553.47 ship 0 0.997026 votes=1
342.92 342.23 374.13 357.99 368.33 369.46 337.13 353.69 ship 0 0.996933 votes=1
379.39 280.04 410.24 298.50 404.09 308.78 373.24 290.32 ship 0 0.996813 votes=1
467.54 499.77 508.17 516.61 501.98 531.55 461.35 514.71 ship 0 0.996690 votes=1
331.26 358.54 366.95 375.43 361.49 386.98 325.79 370.09 ship 0 0.996556 votes=1
210.71 541.55 259.08 567.86 251.53 581.74 203.16 555.43 ship 0 0.996549 votes=1
263.03 469.80 302.72 490.93 295.51 504.47 255.82 483.33 ship 0 0.996404 votes=1
378.19 378.39 420.44 401.52 413.57 414.07 371.32 390.94 ship 0 0.996394 votes=1
349.54 324.09 383.36 343.37 377.00 354.53 343.18 335.25 ship 0 0.996388 votes=1
161.99 395.13 197.99 421.50 189.58 432.98 153.58 406.60 ship 0 0.996260 votes=1
249.68 485.05 292.65 509.61 285.60 521.96 242.62 497.39 ship 0 0.996229 votes=1
545.04 340.68 581.94 359.78 575.20 372.80 538.30 353.69 ship 0 0.996221 votes=1
173.18 379.02 208.75 405.80 200.49 416.77 164.92 389.99 ship 0 0.996155 votes=1
307.86 407.32 338.31 425.69 331.66 436.72 301.20 418.35 ship 0 0.996032 votes=1
427.08 289.69 467.03 311.09 460.12 323.99 420.17 302.60 ship 0 0.995839 votes=1
201.85 560.62 254.53 595.79 244.35 611.04 191.66 575.87 ship 0 0.995813 votes=1
325.95 470.52 366.78 490.65 359.91 504.58 319.08 484.45 ship 0 0.995801 votes=1
583.38 387.61 597.98 356.91 610.87 363.05 596.28 393.75 ship 0 0.995720 votes=1
148.12 31.40 191.94 69.19 179.69 83.41 135.86 45.62 ship 0 0.995652 votes=1
205.78 255.29 236.70 277.24 229.38 287.55 198.46 265.60 ship 0 0.995553 votes=1
433.93 560.11 477.02 581.80 470.43 594.88 427.35 573.19 ship 0 0.995192 votes=1
344.83 736.27 365.00 774.42 353.70 780.40 333.52 742.25 ship 0 0.995192 votes=1
425.09 222.97 460.14 228.85 457.90 242.19 422.85 236.31 ship 0 0.995098 votes=1
525.50 381.65 565.91 395.61 560.99 409.87 520.57 395.91 ship 0 0.995006 votes=1
312.98 389.53 347.19 409.53 340.76 420.52 306.55 400.52 ship 0 0.994972 votes=1
231.83 524.47 271.85 545.89 263.84 560.85 223.83 539.43 ship 0 0.994942 votes=1
279.86 159.10 310.46 181.64 302.79 192.04 272.19 169.51 ship 0 0.994923 votes=1
574.00 282.57 609.14 299.19 603.69 310.72 568.55 294.10 ship 0 0.994813 votes=1
259.05 185.13 287.53 207.94 278.20 219.59 249.72 196.77 ship 0 0.994684 votes=1
589.31 246.14 627.74 262.04 622.46 274.79 584.03 258.90 ship 0 0.994545 votes=1
504.34 420.22 543.54 436.70 538.36 449.03 499.16 432.55 ship 0 0.994462 votes=1
279.61 458.03 309.96 475.95 303.68 486.59 273.32 468.67 ship 0 0.994449 votes=1
151.01 132.26 183.73 161.09 174.47 171.60 141.75 142.78 ship 0 0.994381 votes=1
102.27 368.78 145.40 396.83 135.90 411.44 92.77 383.39 ship 0 0.994253 votes=1
395.25 208.36 433.33 212.87 431.76 226.20 393.67 221.69 ship 0 0.994229 votes=1
581.22 263.25 617.90 277.65 612.69 290.92 576.01 276.52 ship 0 0.994207 votes=1
345.47 433.21 387.46 456.38 380.54 468.91 338.56 445.74 ship 0 0.994186 votes=1
435.85 271.98 473.59 291.71 466.46 305.33 428.73 285.61 ship 0 0.994142 votes=1
335.40 451.27 377.15 473.67 370.42 486.22 328.67 463.81 ship 0 0.993986 votes=1
384.99 264.67 419.38 280.06 414.20 291.64 379.81 276.25 ship 0 0.993899 votes=1
58.14 141.24 95.96 171.88 83.05 187.83 45.22 157.19 ship 0 0.993526 votes=1
315.57 488.23 361.61 511.29 354.30 525.88 308.27 502.82 ship 0 0.993430 votes=1
520.13 401.58 555.16 419.70 549.09 431.43 514.06 413.32 ship 0 0.993211 votes=1
268.70 573.04 322.14 594.72 315.47 611.18 262.02 589.50 ship 0 0.993015 votes=1
387.85 360.96 425.62 380.34 418.32 394.57 380.55 375.19 ship 0 0.992969 votes=1
499.29 439.67 535.34 456.87 529.57 468.96 493.52 451.77 ship 0 0.992916 votes=1
41.82 163.85 78.99 193.13 70.02 204.52 32.85 175.24 ship 0 0.992505 votes=1
216.93 240.89 246.32 262.99 238.50 273.40 209.10 251.29 ship 0 0.992268 votes=1
396.65 249.25 426.91 265.77 421.17 276.29 390.90 259.77 ship 0 0.992153 votes=1
155.33 308.60 191.02 335.98 183.25 346.11 147.56 318.73 ship 0 0.992108 votes=1
86.96 110.23 123.95 141.36 112.77 154.65 75.77 123.53 ship 0 0.991988 votes=1
287.42 441.19 318.94 458.60 312.65 469.99 281.13 452.59 ship 0 0.991430 votes=1
407.98 323.92 448.62 346.03 441.18 359.71 400.54 337.60 ship 0 0.991232 votes=1
148.55 324.45 182.04 349.48 173.40 361.04 139.91 336.00 ship 0 0.990926 votes=1
360.42 310.37 392.47 328.97 386.07 339.99 354.02 321.40 ship 0 0.990887 votes=1
478.84 481.17 515.40 500.97 508.68 513.39 472.11 493.59 ship 0 0.990774 votes=1
185.53 93.28 214.59 115.46 206.69 125.81 177.63 103.63 ship 0 0.990701 votes=1
566.92 302.81 599.00 319.40 593.08 330.85 561.00 314.25 ship 0 0.990523 votes=1
446.09 254.84 486.90 274.68 480.63 287.58 439.82 267.73 ship 0 0.990459 votes=1
297.52 422.51 330.01 441.70 322.57 454.29 290.07 435.11 ship 0 0.990263 votes=1
356.78 414.86 400.49 436.80 393.89 449.95 350.18 428.00 ship 0 0.990013 votes=1
190.82 268.03 227.65 289.17 220.62 301.42 183.78 280.28 ship 0 0.989811 votes=1
114.54 354.37 155.40 379.31 148.24 391.04 107.38 366.10 ship 0 0.988998 votes=1
111.57 67.15 158.37 103.58 147.30 117.81 100.50 81.38 ship 0 0.988756 votes=1
534.69 361.27 570.99 378.22 565.40 390.19 529.10 373.24 ship 0 0.988636 votes=1
370.80 295.51 399.87 311.62 394.71 320.94 365.64 304.82 ship 0 0.988633 votes=1
369.23 395.79 411.70 419.27 405.58 430.33 363.12 406.85 ship 0 0.987918 votes=1
566.31 423.33 581.01 394.63 590.82 399.66 576.12 428.36 ship 0 0.987038 votes=1
370.59 706.69 415.40 683.18 422.06 695.87 377.25 719.39 ship 0 0.986002 votes=1
207.68 571.93 407.41 210.07 499.21 260.73 299.47 622.59 harbor 0 0.985277 votes=1
140.34 422.39 174.10 454.30 162.05 467.05 128.29 435.14 ship 0 0.984571 votes=1
243.43 506.69 279.62 525.73 273.99 536.44 237.79 517.41 ship 0 0.984308 votes=1
453.88 239.66 492.61 254.06 487.47 267.88 448.74 253.47 ship 0 0.984118 votes=1
88.00 203.26 127.84 229.81 116.78 246.40 76.94 219.86 ship 0 0.982495 votes=1
148.18 410.21 184.34 432.87 176.60 445.23 140.44 422.57 ship 0 0.981835 votes=1
25.89 269.71 57.99 234.34 68.30 243.69 36.19 279.06 ship 0 0.979485 votes=1
598.94 353.22 612.45 323.50 622.06 327.87 608.55 357.59 ship 0 0.977376 votes=1
282.55 554.72 334.45 580.18 327.76 593.83 275.85 568.37 ship 0 0.972942 votes=1
427.10 614.30 466.48 630.01 461.65 642.14 422.26 626.43 ship 0 0.963587 votes=1
548.45 458.07 566.77 430.38 577.86 437.71 559.54 465.40 ship 0 0.963058 votes=1
410.85 610.66 608.27 215.80 671.16 247.24 473.73 642.10 harbor 0 0.955016 votes=1
496.25 570.91 517.00 531.94 528.71 538.17 507.96 577.15 ship 0 0.932509 votes=1
-38.79 239.69 165.49 26.16 245.18 102.40 40.90 315.92 harbor 0 0.920130 votes=1
172.42 12.99 207.99 56.03 193.21 68.25 157.64 25.20 ship 0 0.914136 votes=1
85.66 408.26 278.53 144.59 329.56 181.92 136.70 445.59 harbor 0 0.744710 votes=1
246.03 201.84 278.93 222.74 271.96 233.72 239.05 212.82 ship 0 0.652591 votes=1
