183.03 472.24 183.26 399.34 217.71 399.44 217.48 472.35 tenniscourt 0 0.998622 votes=1
261.86 398.51 261.93 472.91 227.79 472.94 227.72 398.54 tenniscourt 0 0.998557 votes=1
190.87 100.02 736.52 98.29 737.29 342.03 191.64 343.76 groundtrackfield 0 0.998278 votes=1
95.91 473.48 96.15 400.58 130.34 400.69 130.10 473.59 tenniscourt 0 0.997976 votes=1
139.60 473.30 139.75 399.57 174.02 399.64 173.87 473.36 tenniscourt 0 0.997973 votes=1
94.46 594.36 95.22 521.02 129.68 521.38 128.92 594.72 tenniscourt 0 0.997956 votes=1
271.05 471.89 271.19 398.31 305.41 398.37 305.27 471.96 tenniscourt 0 0.997913 votes=1
149.12 594.39 149.53 521.18 184.86 521.38 184.46 594.59 tenniscourt 0 0.997670 votes=1
204.75 594.24 205.21 520.58 239.58 520.79 239.13 594.45 tenniscourt 0 0.996899 votes=1
552.12 415.52 572.93 402.49 577.44 409.69 556.62 422.72 vehicle 0 0.991542 votes=1
339.31 580.72 353.25 569.49 357.71 575.04 343.77 586.26 vehicle 0 0.989554 votes=1
428.18 491.56 440.38 482.60 444.52 488.24 432.31 497.19 vehicle 0 0.989545 votes=1
413.47 520.08 422.56 511.50 427.01 516.21 417.91 524.79 vehicle 0 0.957877 votes=1
