610.94 165.05 618.72 303.20 552.75 306.92 544.97 168.77 tenniscourt 0 0.999397 votes=1
693.49 158.43 701.87 296.76 636.40 300.73 628.02 162.39 tenniscourt 0 0.999364 votes=1
239.69 269.47 240.20 124.96 306.65 125.19 306.14 269.70 tenniscourt 0 0.999318 votes=1
238.69 511.23 239.38 365.19 307.10 365.51 306.42 511.55 tenniscourt 0 0.999187 votes=1
608.33 434.13 614.72 572.71 549.55 575.72 543.16 437.14 tenniscourt 0 0.999176 votes=1
692.86 431.00 698.37 568.78 632.56 571.41 627.05 433.63 tenniscourt 0 0.999137 votes=1
136.99 123.61 137.33 267.62 68.31 267.78 67.98 123.77 tenniscourt 0 0.999111 votes=1
154.42 267.39 155.24 123.87 222.90 124.25 222.08 267.78 tenniscourt 0 0.999109 votes=1
151.84 510.00 152.35 364.76 219.33 364.99 218.82 510.23 tenniscourt 0 0.998997 votes=1
63.78 509.08 63.90 365.21 132.46 365.26 132.34 509.14 tenniscourt 0 0.998886 votes=1
