124.54 257.45 127.49 323.24 104.89 324.25 101.94 258.46 ship 0 0.999468 votes=1
523.68 265.46 524.50 339.26 501.62 339.51 500.80 265.71 ship 0 0.999310 votes=1
166.03 254.59 166.87 318.33 137.23 318.73 136.39 254.98 ship 0 0.999209 votes=1
491.77 261.07 492.39 329.40 471.57 329.59 470.95 261.25 ship 0 0.998986 votes=1
676.74 224.24 678.93 296.69 655.38 297.40 653.19 224.95 ship 0 0.998896 votes=1
296.54 249.31 297.19 309.89 278.54 310.09 277.90 249.51 ship 0 0.998744 votes=1
590.94 322.27 590.97 238.35 618.50 238.36 618.47 322.28 ship 0 0.998738 votes=1
443.05 326.19 444.46 263.34 463.66 263.77 462.24 326.62 ship 0 0.998686 votes=1
549.36 256.89 550.52 323.83 531.81 324.15 530.65 257.21 ship 0 0.998327 votes=1
197.73 253.84 198.49 303.69 180.86 303.96 180.10 254.11 ship 0 0.998250 votes=1
251.95 307.06 252.36 249.33 272.22 249.47 271.81 307.20 ship 0 0.998225 votes=1
320.13 254.68 320.53 314.99 304.33 315.10 303.93 254.79 ship 0 0.997910 votes=1
222.04 251.23 222.30 311.63 204.51 311.70 204.25 251.31 ship 0 0.997905 votes=1
432.77 266.48 434.39 322.28 418.28 322.75 416.65 266.95 ship 0 0.997696 votes=1
47.92 256.73 52.93 310.76 33.66 312.55 28.64 258.52 ship 0 0.997567 votes=1
459.70 94.28 459.91 120.63 448.75 120.72 448.54 94.37 vehicle 0 0.997437 votes=1
94.71 254.28 100.05 299.92 83.90 301.81 78.56 256.17 ship 0 0.997400 votes=1
75.06 253.13 78.18 314.66 58.16 315.68 55.04 254.15 ship 0 0.997177 votes=1
227.83 301.51 228.47 252.71 245.96 252.94 245.32 301.74 ship 0 0.995849 votes=1
381.47 332.65 382.02 257.71 406.09 257.89 405.54 332.83 ship 0 0.994768 votes=1
16.42 141.41 330.41 130.93 336.33 308.49 22.35 318.97 harbor 0 0.972350 votes=1
179.41 58.27 179.67 81.01 168.50 81.14 168.24 58.40 vehicle 0 0.955664 votes=1
579.30 144.20 579.53 117.75 589.60 117.84 589.37 144.29 vehicle 0 0.953962 votes=1
368.42 212.84 719.51 199.22 724.10 317.38 373.01 331.00 harbor 0 0.931244 votes=1
