311.51 257.59 415.80 252.71 417.22 283.08 312.93 287.96 ship 0 0.999485 votes=1
611.39 411.64 611.54 470.01 590.33 470.06 590.18 411.69 ship 0 0.999389 votes=1
15.64 399.89 106.77 396.30 107.80 422.57 16.68 426.16 ship 0 0.999303 votes=1
527.41 413.22 528.67 475.18 508.58 475.59 507.31 413.63 ship 0 0.999290 votes=1
471.87 407.28 472.63 477.12 449.21 477.37 448.46 407.54 ship 0 0.999218 votes=1
573.53 763.50 573.94 707.36 594.91 707.51 594.50 763.66 ship 0 0.999200 votes=1
550.43 314.08 622.04 314.31 621.96 337.92 550.35 337.69 ship 0 0.999199 votes=1
386.70 499.54 387.07 576.48 362.82 576.60 362.45 499.66 ship 0 0.999195 votes=1
20.02 472.34 112.76 472.71 112.64 501.93 19.90 501.56 ship 0 0.999190 votes=1
637.77 407.99 642.97 470.12 622.25 471.86 617.04 409.73 ship 0 0.999177 votes=1
193.33 719.88 195.74 774.65 177.22 775.47 174.81 720.69 ship 0 0.999147 votes=1
28.47 365.73 137.98 361.28 139.13 389.54 29.62 394.00 ship 0 0.999126 votes=1
389.57 478.58 390.27 410.66 414.15 410.90 413.45 478.83 ship 0 0.999124 votes=1
458.56 699.92 459.54 763.59 438.70 763.91 437.73 700.24 ship 0 0.999108 votes=1
351.20 715.33 354.56 770.55 335.83 771.69 332.47 716.47 ship 0 0.999103 votes=1
668.54 490.14 669.06 544.60 649.83 544.79 649.32 490.32 ship 0 0.999092 votes=1
12.29 672.50 88.86 669.43 89.85 694.12 13.28 697.18 ship 0 0.999086 votes=1
529.41 496.84 530.31 556.59 509.04 556.91 508.14 497.16 ship 0 0.999081 votes=1
17.08 598.10 101.85 588.04 104.82 613.04 20.05 623.11 ship 0 0.999081 votes=1
731.95 206.37 794.03 208.41 793.35 229.09 731.27 227.05 ship 0 0.999030 votes=1
469.63 196.38 619.70 194.09 620.25 230.48 470.18 232.77 ship 0 0.999024 votes=1
17.29 319.70 124.51 315.00 125.75 343.22 18.52 347.92 ship 0 0.999007 votes=1
697.37 417.34 700.78 469.00 683.71 470.13 680.29 418.47 ship 0 0.998989 votes=1
537.90 708.34 539.95 767.00 519.92 767.71 517.86 709.04 ship 0 0.998958 votes=1
257.55 775.19 257.58 714.82 280.51 714.83 280.48 775.20 ship 0 0.998931 votes=1
355.71 419.67 356.00 478.67 336.43 478.76 336.15 419.77 ship 0 0.998900 votes=1
554.12 498.43 555.05 546.26 539.03 546.57 538.10 498.74 ship 0 0.998900 votes=1
246.75 721.82 247.46 775.70 229.10 775.94 228.39 722.06 ship 0 0.998888 votes=1
553.81 417.57 554.00 474.14 534.78 474.20 534.59 417.63 ship 0 0.998879 votes=1
583.53 495.60 584.29 554.95 562.96 555.22 562.20 495.87 ship 0 0.998870 votes=1
12.64 514.82 99.30 514.62 99.36 540.77 12.70 540.96 ship 0 0.998861 votes=1
441.97 416.44 442.50 478.51 419.75 478.70 419.23 416.63 ship 0 0.998858 votes=1
643.15 720.10 643.85 758.97 628.43 759.25 627.73 720.37 ship 0 0.998744 votes=1
267.29 484.16 267.80 417.55 290.21 417.72 289.70 484.33 ship 0 0.998655 votes=1
436.75 701.25 437.10 766.60 415.66 766.72 415.30 701.37 ship 0 0.998586 votes=1
616.98 707.81 617.37 765.76 597.67 765.89 597.28 707.95 ship 0 0.998574 votes=1
328.30 416.42 330.60 476.02 308.20 476.88 305.90 417.28 ship 0 0.998553 votes=1
328.72 718.28 329.12 774.04 310.27 774.17 309.87 718.42 ship 0 0.998541 votes=1
496.62 253.96 581.47 250.12 582.56 274.25 497.71 278.09 ship 0 0.998527 votes=1
329.33 505.01 332.11 564.78 309.28 565.84 306.51 506.07 ship 0 0.998525 votes=1
487.79 705.34 487.82 769.50 466.70 769.51 466.67 705.35 ship 0 0.998506 votes=1
614.93 494.07 617.63 559.70 593.32 560.70 590.63 495.07 ship 0 0.998499 votes=1
510.02 709.37 512.12 765.75 492.66 766.48 490.57 710.10 ship 0 0.998495 votes=1
221.99 722.83 222.63 773.54 205.63 773.75 205.00 723.04 ship 0 0.998476 votes=1
476.89 553.21 477.34 495.93 499.59 496.10 499.14 553.38 ship 0 0.998476 votes=1
704.53 470.34 705.18 396.71 729.51 396.93 728.85 470.56 ship 0 0.998451 votes=1
380.60 716.74 381.30 768.50 364.30 768.73 363.60 716.97 ship 0 0.998382 votes=1
142.35 730.55 142.55 775.92 127.62 775.98 127.42 730.61 ship 0 0.998380 votes=1
93.52 773.23 98.15 701.40 123.78 703.06 119.14 774.88 ship 0 0.998353 votes=1
384.21 411.18 384.45 480.67 360.85 480.75 360.61 411.26 ship 0 0.998339 votes=1
52.12 262.42 181.63 258.71 182.90 303.10 53.39 306.81 ship 0 0.998337 votes=1
415.56 499.85 416.06 554.52 398.19 554.69 397.70 500.01 ship 0 0.998193 votes=1
565.91 704.35 567.12 765.85 544.22 766.30 543.01 704.80 ship 0 0.998027 votes=1
299.96 724.83 301.90 771.59 287.19 772.20 285.25 725.44 ship 0 0.997995 votes=1
684.01 651.63 751.90 660.26 749.05 682.67 681.16 674.03 ship 0 0.997989 votes=1
668.36 677.23 675.82 753.12 651.92 755.47 644.46 679.58 ship 0 0.997796 votes=1
758.68 403.84 758.73 465.18 735.43 465.20 735.38 403.86 ship 0 0.997693 votes=1
20.31 634.30 87.70 633.87 87.84 656.30 20.45 656.73 ship 0 0.997493 votes=1
664.59 410.26 666.60 471.27 649.12 471.84 647.12 410.84 ship 0 0.997032 votes=1
644.03 495.79 644.83 555.14 624.15 555.42 623.35 496.07 ship 0 0.996501 votes=1
678.35 560.11 679.46 488.77 701.96 489.12 700.85 560.46 ship 0 0.996403 votes=1
691.32 634.11 750.59 636.32 749.84 656.54 690.57 654.34 ship 0 0.996273 votes=1
727.54 489.92 727.97 551.88 708.48 552.01 708.05 490.05 ship 0 0.996103 votes=1
348.22 208.00 441.03 207.24 441.28 237.19 348.47 237.96 ship 0 0.995920 votes=1
359.42 501.16 359.64 566.34 337.33 566.41 337.12 501.23 ship 0 0.994775 votes=1
452.64 560.76 453.14 496.34 472.75 496.49 472.24 560.92 ship 0 0.994538 votes=1
730.08 568.41 730.33 619.72 715.72 619.79 715.47 568.48 ship 0 0.992887 votes=1
405.26 716.79 406.55 770.38 389.99 770.78 388.70 717.19 ship 0 0.992798 votes=1
169.45 724.08 170.17 774.65 152.46 774.90 151.74 724.33 ship 0 0.991257 votes=1
714.09 576.15 714.57 622.65 700.34 622.79 699.86 576.30 ship 0 0.990696 votes=1
735.62 555.73 735.66 495.14 755.64 495.15 755.60 555.74 ship 0 0.988606 votes=1
6.58 438.44 103.32 434.38 104.59 464.69 7.85 468.75 ship 0 0.987152 votes=1
730.51 619.00 731.07 568.51 754.02 568.76 753.46 619.26 ship 0 0.985330 votes=1
698.63 583.91 699.71 614.92 688.08 615.33 687.00 584.32 ship 0 0.974054 votes=1
283.32 411.14 774.31 410.88 774.39 565.27 283.40 565.54 harbor 0 0.966046 votes=1
783.88 769.95 785.58 741.58 797.77 742.31 796.07 770.68 vehicle 0 0.879393 votes=1
90.39 713.79 683.67 694.79 686.17 772.96 92.89 791.96 harbor 0 0.850562 votes=1
-13.42 730.61 4.06 239.95 119.24 244.05 101.76 734.71 harbor 0 0.802048 votes=1
