622.86 343.74 702.20 345.80 700.38 415.65 621.05 413.59 storagetank 0 0.998945 votes=1
413.21 206.16 498.89 209.62 496.07 279.50 410.38 276.04 storagetank 0 0.998925 votes=1
189.93 536.92 259.43 538.88 257.91 592.61 188.41 590.65 storagetank 0 0.998876 votes=1
365.02 323.75 451.52 329.02 447.25 399.14 360.75 393.87 storagetank 0 0.998772 votes=1
194.09 613.11 297.27 613.42 297.02 697.21 193.84 696.90 storagetank 0 0.998751 votes=1
96.02 536.38 155.86 536.05 156.11 583.36 96.28 583.68 storagetank 0 0.998574 votes=1
700.65 138.13 788.55 145.72 781.50 227.33 693.60 219.74 storagetank 0 0.998567 votes=1
291.10 540.38 358.17 545.18 354.37 598.18 287.31 593.38 storagetank 0 0.998211 votes=1
329.75 450.37 392.94 453.53 390.45 503.37 327.26 500.21 storagetank 0 0.996662 votes=1
195.93 440.21 217.08 444.05 215.57 452.36 194.43 448.52 vehicle 0 0.875374 votes=1
696.96 450.63 697.36 465.72 682.67 466.11 682.27 451.02 storagetank 0 0.870010 votes=1
658.11 453.51 676.62 453.41 676.70 468.23 658.19 468.32 storagetank 0 0.835061 votes=1
643.88 452.97 657.46 453.07 657.36 466.59 643.78 466.50 storagetank 0 0.694626 votes=1
