407.40 462.62 500.75 465.95 497.44 558.93 404.08 555.60 storagetank 0 0.998568 votes=1
254.46 418.77 258.87 325.07 350.52 329.38 346.11 423.08 storagetank 0 0.998199 votes=1
188.36 400.15 282.99 400.51 282.63 494.69 188.00 494.33 storagetank 0 0.998192 votes=1
592.44 234.58 727.05 237.98 723.82 365.80 589.22 362.40 storagetank 0 0.998168 votes=1
408.60 224.15 537.94 228.95 533.41 350.87 404.08 346.08 storagetank 0 0.998015 votes=1
591.34 378.38 724.23 372.91 729.62 503.67 596.72 509.15 storagetank 0 0.997471 votes=1
426.93 368.74 536.23 370.65 534.67 460.19 425.37 458.28 storagetank 0 0.994683 votes=1
285.28 450.70 363.74 452.69 361.94 523.50 283.48 521.51 storagetank 0 0.994606 votes=1
292.23 293.75 319.10 296.95 316.06 322.48 289.19 319.28 storagetank 0 0.984831 votes=1
348.18 293.17 348.56 320.81 322.92 321.16 322.54 293.52 storagetank 0 0.975758 votes=1
224.00 320.61 226.03 293.83 252.52 295.83 250.49 322.62 storagetank 0 0.945034 votes=1
520.66 343.18 588.25 337.40 592.13 382.73 524.54 388.51 storagetank 0 0.920313 votes=1
70.84 124.82 94.50 125.51 93.81 149.03 70.15 148.34 storagetank 0 0.919215 votes=1
216.49 281.14 233.33 280.53 233.89 296.01 217.05 296.62 storagetank 0 0.703713 votes=1
483.88 551.78 502.11 525.60 512.89 533.10 494.66 559.28 vehicle 0 0.696995 votes=1
