84.17 679.68 117.16 678.83 117.45 689.82 84.45 690.67 ship 0 0.996917 votes=1
40.69 560.22 72.55 559.60 72.75 569.91 40.90 570.54 ship 0 0.996302 votes=1
37.33 423.87 65.60 423.10 65.85 432.22 37.57 432.99 ship 0 0.996243 votes=1
255.81 287.81 272.82 636.66 175.35 641.42 158.34 292.56 harbor 0 0.992076 votes=1
496.92 280.34 499.91 414.73 426.45 416.37 423.47 281.97 harbor 0 0.985823 votes=1
411.16 272.12 424.13 677.86 326.28 680.99 313.31 275.25 harbor 0 0.983352 votes=1
78.25 422.54 103.24 421.69 103.55 430.87 78.56 431.71 ship 0 0.982813 votes=1
84.57 558.82 110.72 558.43 110.87 568.02 84.72 568.42 ship 0 0.981875 votes=1
99.34 289.05 114.28 689.16 46.03 691.71 31.09 291.60 harbor 0 0.980385 votes=1
49.04 682.10 78.75 681.08 79.05 689.67 49.33 690.68 ship 0 0.977070 votes=1
537.49 335.73 568.04 335.34 568.16 344.96 537.61 345.34 ship 0 0.966516 votes=1
524.93 255.91 690.18 244.39 692.54 278.24 527.29 289.76 harbor 0 0.789279 votes=1
373.03 278.40 390.77 278.68 390.67 285.46 372.92 285.18 ship 0 0.651848 votes=1
