672.37 629.40 692.15 640.77 687.81 648.31 668.04 636.94 vehicle 0 0.995246 votes=1
736.08 563.94 755.49 573.41 751.66 581.25 732.25 571.78 vehicle 0 0.988274 votes=1
548.96 123.77 548.98 395.71 503.00 395.71 502.98 123.77 bridge 0 0.985424 votes=1
576.29 666.25 593.00 658.41 596.44 665.72 579.73 673.57 vehicle 0 0.983197 votes=1
467.48 444.41 468.01 420.62 477.11 420.82 476.58 444.62 vehicle 0 0.981105 votes=1
438.48 421.49 441.82 164.54 487.37 165.13 484.04 422.08 bridge 0 0.973368 votes=1
673.68 543.47 695.16 553.71 691.63 561.12 670.15 550.88 vehicle 0 0.963732 votes=1
581.10 694.14 596.84 686.48 600.33 693.62 584.58 701.29 vehicle 0 0.962460 votes=1
675.60 528.71 689.94 536.49 686.70 542.48 672.36 534.70 vehicle 0 0.960026 votes=1
576.37 596.75 595.17 589.10 598.12 596.35 579.32 604.00 vehicle 0 0.951131 votes=1
573.93 784.85 592.18 773.85 596.03 780.24 577.77 791.23 vehicle 0 0.946507 votes=1
672.93 676.11 688.46 684.84 684.90 691.17 669.37 682.43 vehicle 0 0.943050 votes=1
578.13 581.54 592.95 575.51 595.75 582.39 580.93 588.42 vehicle 0 0.942925 votes=1
742.51 523.38 756.44 531.28 752.82 537.67 738.89 529.76 vehicle 0 0.934381 votes=1
658.82 299.53 661.38 321.47 652.28 322.53 649.72 300.59 ship 0 0.932584 votes=1
669.77 557.17 694.65 569.21 691.17 576.41 666.29 564.36 vehicle 0 0.920968 votes=1
737.53 594.45 759.08 606.97 755.29 613.48 733.75 600.96 vehicle 0 0.920090 votes=1
576.94 568.40 593.41 561.34 596.40 568.31 579.92 575.37 vehicle 0 0.916875 votes=1
677.07 590.90 693.92 599.79 690.41 606.43 673.57 597.54 vehicle 0 0.909304 votes=1
184.38 756.54 187.57 738.39 195.43 739.77 192.24 757.92 vehicle 0 0.895759 votes=1
744.19 583.97 759.13 591.17 755.57 598.56 740.63 591.35 vehicle 0 0.890038 votes=1
578.18 631.80 593.66 627.19 596.42 636.43 580.93 641.04 vehicle 0 0.860196 votes=1
598.11 474.52 618.88 474.50 618.89 483.65 598.12 483.67 vehicle 0 0.855630 votes=1
575.49 609.61 595.01 598.27 599.02 605.19 579.51 616.53 vehicle 0 0.840540 votes=1
701.37 565.61 717.99 575.49 714.22 581.82 697.60 571.94 vehicle 0 0.782747 votes=1
575.29 552.98 596.84 544.31 599.93 551.98 578.38 560.65 vehicle 0 0.753154 votes=1
745.38 628.84 759.58 636.33 756.43 642.28 742.24 634.79 vehicle 0 0.738612 votes=1
651.84 297.52 660.62 386.40 653.22 387.13 644.44 298.25 harbor 0 0.728192 votes=1
675.20 293.95 687.57 377.19 679.77 378.35 667.40 295.11 harbor 0 0.708319 votes=1
132.27 797.13 136.24 771.17 144.61 772.45 140.64 798.41 vehicle 0 0.708091 votes=1
665.53 599.78 688.49 609.85 685.02 617.77 662.06 607.70 vehicle 0 0.703529 votes=1
626.46 302.68 640.72 386.36 633.02 387.67 618.75 304.00 harbor 0 0.604359 votes=1
