309.46 574.33 310.59 327.56 510.25 328.47 509.12 575.24 stadium 0 0.998261 votes=1
389.14 102.08 396.91 225.52 341.30 229.02 333.53 105.58 groundtrackfield 0 0.983101 votes=1
170.45 366.92 170.70 406.76 147.45 406.91 147.20 367.06 tenniscourt 0 0.974937 votes=1
186.38 388.68 228.45 389.14 228.20 411.79 186.13 411.33 tenniscourt 0 0.974546 votes=1
121.60 515.94 121.71 476.64 142.30 476.70 142.19 516.00 tenniscourt 0 0.973849 votes=1
169.36 477.25 169.62 514.59 149.15 514.73 148.88 477.39 tenniscourt 0 0.968997 votes=1
211.32 465.98 211.48 430.92 230.58 431.00 230.43 466.07 tenniscourt 0 0.957551 votes=1
185.74 467.38 187.12 429.80 208.69 430.59 207.31 468.17 tenniscourt 0 0.955398 votes=1
166.21 423.13 166.83 459.32 144.14 459.71 143.52 423.52 tenniscourt 0 0.951137 votes=1
140.77 364.83 142.44 408.95 119.15 409.83 117.48 365.72 tenniscourt 0 0.914164 votes=1
147.92 421.43 149.76 461.40 116.17 462.95 114.32 422.98 tenniscourt 0 0.873915 votes=1
415.21 88.00 416.70 209.71 303.34 211.11 301.84 89.40 stadium 0 0.687731 votes=1
