236.20 566.95 293.72 567.70 293.42 590.46 235.90 589.71 vehicle 0 0.999382 votes=1
533.41 512.14 562.39 567.36 539.13 579.57 510.15 524.35 vehicle 0 0.999259 votes=1
343.52 571.28 404.93 571.93 404.68 596.08 343.26 595.42 vehicle 0 0.999210 votes=1
566.43 232.87 623.77 189.52 640.98 212.29 583.64 255.64 vehicle 0 0.999116 votes=1
119.39 30.80 181.56 29.51 182.11 56.25 119.94 57.54 vehicle 0 0.999069 votes=1
237.44 443.48 244.59 508.67 218.09 511.58 210.94 446.38 vehicle 0 0.999063 votes=1
148.71 453.93 149.79 513.92 127.04 514.33 125.96 454.34 vehicle 0 0.999000 votes=1
572.81 275.38 621.77 240.65 637.21 262.41 588.25 297.14 vehicle 0 0.997572 votes=1
264.86 493.15 265.41 436.65 287.55 436.86 287.00 493.36 vehicle 0 0.996176 votes=1
50.53 34.77 107.63 36.73 106.82 60.43 49.72 58.48 vehicle 0 0.995382 votes=1
380.02 360.01 410.94 340.18 421.99 357.42 391.07 377.24 vehicle 0 0.958172 votes=1
377.09 451.91 424.24 430.13 435.71 454.95 388.55 476.73 vehicle 0 0.620525 votes=1
