107.84 338.92 107.98 310.59 119.86 310.65 119.72 338.98 vehicle 0 0.999182 votes=1
160.06 434.50 191.68 434.93 191.51 447.67 159.89 447.24 vehicle 0 0.999144 votes=1
323.29 170.68 324.18 315.70 256.17 316.12 255.28 171.10 tenniscourt 0 0.999056 votes=1
413.07 372.36 413.66 516.59 345.51 516.87 344.91 372.64 tenniscourt 0 0.999035 votes=1
412.78 170.42 413.66 314.63 345.32 315.05 344.43 170.84 tenniscourt 0 0.999003 votes=1
323.20 373.09 324.55 517.70 256.52 518.33 255.18 373.72 tenniscourt 0 0.998910 votes=1
302.76 758.37 328.70 758.01 328.86 769.79 302.93 770.15 vehicle 0 0.998439 votes=1
570.54 729.99 597.28 729.96 597.29 741.84 570.56 741.88 vehicle 0 0.997603 votes=1
156.72 367.45 190.72 366.81 190.96 379.53 156.96 380.17 vehicle 0 0.997195 votes=1
167.79 399.98 197.32 399.69 197.44 411.44 167.90 411.73 vehicle 0 0.996621 votes=1
56.90 716.76 83.50 717.03 83.39 728.12 56.79 727.84 vehicle 0 0.986859 votes=1
710.88 717.60 714.62 694.03 724.49 695.60 720.75 719.17 vehicle 0 0.978145 votes=1
194.18 724.42 224.97 727.28 223.90 738.82 193.11 735.96 vehicle 0 0.940194 votes=1
