619.11 219.20 630.50 362.64 489.11 373.86 477.72 230.42 baseballfield 0 0.999225 votes=1
196.03 502.19 394.36 408.60 486.58 604.01 288.25 697.60 baseballfield 0 0.999210 votes=1
423.66 70.81 424.33 183.63 369.99 183.96 369.32 71.14 tenniscourt 0 0.998977 votes=1
610.29 49.62 611.58 168.56 539.26 169.35 537.97 50.40 basketballcourt 0 0.998585 votes=1
214.96 71.88 215.75 185.08 161.43 185.46 160.64 72.26 tenniscourt 0 0.998512 votes=1
358.91 71.53 359.16 184.84 305.43 184.96 305.18 71.65 tenniscourt 0 0.998511 votes=1
148.89 71.94 149.61 185.56 96.65 185.90 95.93 72.28 tenniscourt 0 0.997660 votes=1
282.06 71.33 283.46 184.94 228.71 185.61 227.31 72.01 tenniscourt 0 0.997440 votes=1
744.07 352.54 768.26 352.28 768.36 361.80 744.17 362.06 vehicle 0 0.996980 votes=1
750.03 420.60 772.25 419.54 772.68 428.63 750.46 429.69 vehicle 0 0.996978 votes=1
743.96 393.55 766.60 393.09 766.80 402.83 744.16 403.29 vehicle 0 0.994654 votes=1
744.39 366.64 768.26 365.70 768.60 374.46 744.73 375.40 vehicle 0 0.987588 votes=1
746.68 407.10 769.99 405.86 770.49 415.29 747.18 416.52 vehicle 0 0.980200 votes=1
754.85 434.62 776.39 434.53 776.42 442.59 754.88 442.68 vehicle 0 0.976401 votes=1
744.98 380.24 768.10 380.33 768.07 388.98 744.94 388.89 vehicle 0 0.968368 votes=1
762.03 521.47 784.40 522.63 783.89 532.37 761.52 531.21 vehicle 0 0.887143 votes=1
781.72 71.30 782.47 47.58 790.75 47.84 790.00 71.56 vehicle 0 0.880814 votes=1
758.26 122.63 760.98 147.67 751.96 148.65 749.24 123.61 vehicle 0 0.761343 votes=1
704.40 725.68 726.38 729.29 724.68 739.67 702.69 736.07 vehicle 0 0.730485 votes=1
