450.35 158.13 625.40 183.95 603.67 331.29 428.62 305.48 storagetank 0 0.998097 votes=1
284.88 114.58 432.76 148.84 405.19 267.85 257.31 233.58 storagetank 0 0.997958 votes=1
652.20 237.05 800.38 257.00 783.56 381.97 635.38 362.02 storagetank 0 0.997941 votes=1
62.19 435.52 215.14 466.65 188.82 596.00 35.87 564.87 storagetank 0 0.997836 votes=1
701.73 711.48 785.36 713.98 783.38 779.97 699.76 777.47 storagetank 0 0.997803 votes=1
68.60 15.50 265.85 42.12 242.93 212.01 45.68 185.40 storagetank 0 0.997794 votes=1
426.90 646.34 535.32 661.32 524.24 741.54 415.81 726.56 storagetank 0 0.997691 votes=1
544.24 600.84 697.06 604.42 694.06 732.76 541.23 729.18 storagetank 0 0.997437 votes=1
182.32 568.55 285.85 586.63 273.42 657.84 169.88 639.75 storagetank 0 0.996574 votes=1
312.16 522.61 466.52 539.42 452.32 669.76 297.97 652.94 storagetank 0 0.996362 votes=1
88.79 749.36 159.25 753.51 156.19 805.51 85.73 801.36 storagetank 0 0.994163 votes=1
