298.04 246.90 394.58 205.66 435.54 301.54 339.01 342.78 baseballfield 0 0.999419 votes=1
614.21 489.14 621.74 540.83 597.29 544.39 589.76 492.70 tenniscourt 0 0.999184 votes=1
582.76 493.22 590.74 545.11 565.86 548.93 557.89 497.04 tenniscourt 0 0.999182 votes=1
708.48 477.08 714.95 528.41 690.81 531.46 684.33 480.12 tenniscourt 0 0.999172 votes=1
677.34 480.96 683.52 533.22 659.04 536.12 652.86 483.85 tenniscourt 0 0.999163 votes=1
739.95 472.32 746.38 524.32 721.76 527.36 715.34 475.36 tenniscourt 0 0.999081 votes=1
645.72 485.83 652.11 536.73 628.12 539.74 621.74 488.84 tenniscourt 0 0.999053 votes=1
540.33 404.67 608.37 372.25 640.70 440.10 572.66 472.53 baseballfield 0 0.998831 votes=1
104.83 498.61 473.70 339.75 546.02 507.67 177.15 666.53 groundtrackfield 0 0.997817 votes=1
57.45 372.79 134.29 342.60 163.70 417.46 86.86 447.65 baseballfield 0 0.993982 votes=1
