50.52 305.92 590.42 126.87 644.22 289.09 104.31 468.13 Expressway-Service-area 0 0.997417 votes=1
105.60 557.98 675.18 377.24 727.59 542.39 158.00 723.12 Expressway-Service-area 0 0.997297 votes=1
278.04 585.40 298.87 576.99 301.18 582.72 280.36 591.13 vehicle 0 0.995028 votes=1
318.41 344.65 335.94 338.48 338.00 344.36 320.47 350.52 vehicle 0 0.989016 votes=1
362.82 384.50 392.32 471.99 381.88 475.51 352.38 388.02 overpass 0 0.988620 votes=1
315.48 454.90 338.37 447.69 340.10 453.20 317.22 460.41 vehicle 0 0.986719 votes=1
401.19 497.88 422.44 489.82 424.93 496.38 403.67 504.43 vehicle 0 0.974163 votes=1
421.52 507.29 446.51 501.46 448.21 508.73 423.22 514.56 vehicle 0 0.973597 votes=1
201.43 548.62 222.00 541.69 223.82 547.09 203.26 554.02 vehicle 0 0.972817 votes=1
16.21 595.72 35.05 590.37 36.52 595.55 17.68 600.91 vehicle 0 0.943876 votes=1
425.19 306.99 449.27 299.73 451.08 305.71 427.00 312.98 vehicle 0 0.935740 votes=1
246.72 604.89 268.24 598.30 269.87 603.60 248.34 610.19 vehicle 0 0.932399 votes=1
50.68 489.81 74.31 478.93 76.52 483.72 52.89 494.61 vehicle 0 0.819791 votes=1
295.04 600.42 316.59 622.26 312.09 626.70 290.53 604.86 vehicle 0 0.793732 votes=1
196.34 390.40 205.80 378.31 210.72 382.16 201.25 394.25 vehicle 0 0.628843 votes=1
