474.85 708.72 483.29 97.63 751.82 101.34 743.39 712.43 Expressway-Service-area 0 0.997279 votes=1
68.76 678.41 79.91 33.99 364.24 38.91 353.09 683.33 Expressway-Service-area 0 0.994342 votes=1
486.56 293.07 504.07 256.19 511.71 259.82 494.20 296.70 vehicle 0 0.994141 votes=1
544.03 595.81 544.32 571.69 551.11 571.77 550.83 595.89 vehicle 0 0.981005 votes=1
543.88 559.39 543.89 529.76 551.47 529.77 551.45 559.40 vehicle 0 0.980402 votes=1
548.67 336.32 549.27 405.07 541.92 405.13 541.32 336.39 vehicle 0 0.966278 votes=1
234.07 307.56 235.50 273.90 241.43 274.15 240.00 307.82 vehicle 0 0.948244 votes=1
434.66 240.84 435.35 206.78 442.79 206.93 442.11 240.99 vehicle 0 0.939947 votes=1
507.48 638.19 512.54 588.30 519.85 589.05 514.78 638.94 vehicle 0 0.932569 votes=1
582.21 327.04 582.21 350.80 575.84 350.80 575.83 327.04 vehicle 0 0.912929 votes=1
439.22 43.99 439.39 9.00 447.69 9.04 447.52 44.03 vehicle 0 0.909079 votes=1
248.63 304.02 249.29 267.90 255.92 268.02 255.26 304.14 vehicle 0 0.854175 votes=1
527.68 572.53 527.78 594.51 520.05 594.54 519.95 572.56 vehicle 0 0.853676 votes=1
498.22 612.83 498.46 587.09 506.24 587.16 506.00 612.90 vehicle 0 0.852557 votes=1
588.39 591.15 590.05 543.29 602.86 543.74 601.20 591.59 vehicle 0 0.792241 votes=1
549.12 484.23 549.73 523.21 543.04 523.31 542.44 484.34 vehicle 0 0.789558 votes=1
586.30 625.42 587.09 600.68 595.52 600.95 594.72 625.69 vehicle 0 0.608422 votes=1
