671.23 322.03 672.10 258.80 698.82 259.16 697.95 322.40 vehicle 0 0.999503 votes=1
607.52 788.67 608.08 703.91 638.95 704.12 638.38 788.88 vehicle 0 0.999398 votes=1
515.65 95.18 606.36 94.29 606.64 122.41 515.92 123.30 vehicle 0 0.997883 votes=1
164.10 125.59 340.58 192.87 281.45 347.99 104.97 280.71 storagetank 0 0.996843 votes=1
135.84 477.74 319.50 500.02 299.13 667.93 115.47 645.66 storagetank 0 0.996835 votes=1
361.37 110.96 479.64 141.32 451.37 251.42 333.10 221.06 storagetank 0 0.996403 votes=1
345.09 318.91 467.31 328.41 458.38 443.33 336.15 433.83 storagetank 0 0.996307 votes=1
347.41 251.79 400.61 255.15 397.43 305.32 344.23 301.95 storagetank 0 0.994037 votes=1
412.59 254.28 465.99 266.82 455.03 313.50 401.63 300.96 storagetank 0 0.990803 votes=1
332.59 647.37 426.40 644.65 427.23 673.37 333.42 676.10 vehicle 0 0.924230 votes=1
