435.47 512.20 436.01 625.49 400.99 625.66 400.45 512.36 ship 0 0.999513 votes=1
177.50 299.46 177.78 202.52 209.28 202.61 209.00 299.55 ship 0 0.999506 votes=1
161.94 629.23 162.77 540.67 190.73 540.94 189.89 629.50 ship 0 0.999489 votes=1
570.54 651.42 571.09 721.02 547.72 721.21 547.16 651.61 ship 0 0.999485 votes=1
522.74 296.64 522.83 193.71 557.25 193.74 557.16 296.67 ship 0 0.999466 votes=1
121.91 314.36 122.07 404.82 91.12 404.88 90.95 314.41 ship 0 0.999459 votes=1
445.19 624.48 445.50 525.68 477.47 525.78 477.15 624.58 ship 0 0.999454 votes=1
156.29 334.22 156.99 395.84 135.94 396.09 135.23 334.46 ship 0 0.999454 votes=1
210.37 423.73 210.82 321.40 244.69 321.55 244.23 423.88 ship 0 0.999445 votes=1
117.66 738.73 118.20 650.46 147.58 650.64 147.05 738.91 ship 0 0.999443 votes=1
641.87 658.16 644.72 734.01 620.58 734.92 617.73 659.06 ship 0 0.999434 votes=1
122.97 216.19 123.83 300.94 94.36 301.23 93.51 216.49 ship 0 0.999429 votes=1
572.17 423.08 572.96 339.66 598.22 339.90 597.44 423.31 ship 0 0.999419 votes=1
166.02 188.75 166.91 297.40 133.52 297.68 132.63 189.03 ship 0 0.999416 votes=1
281.69 322.94 282.21 412.02 252.50 412.20 251.98 323.12 ship 0 0.999412 votes=1
319.81 324.23 320.44 402.69 292.51 402.91 291.88 324.46 ship 0 0.999358 votes=1
224.45 725.26 225.76 652.97 250.43 653.42 249.12 725.71 ship 0 0.999357 votes=1
561.90 325.17 562.03 420.02 527.56 420.07 527.43 325.22 ship 0 0.999357 votes=1
259.31 297.10 259.78 185.96 294.32 186.11 293.85 297.24 ship 0 0.999338 votes=1
437.47 321.29 437.93 399.93 412.91 400.08 412.45 321.44 ship 0 0.999331 votes=1
394.71 651.72 395.16 736.96 366.45 737.12 365.99 651.88 ship 0 0.999330 votes=1
617.65 411.11 728.64 411.94 728.40 444.41 617.40 443.58 ship 0 0.999318 votes=1
348.35 290.95 351.19 195.05 383.32 196.00 380.48 291.90 ship 0 0.999307 votes=1
77.30 632.28 78.32 530.41 113.45 530.76 112.43 632.63 ship 0 0.999306 votes=1
424.91 197.32 425.02 297.09 389.60 297.14 389.49 197.36 ship 0 0.999270 votes=1
332.88 410.15 333.42 324.89 363.38 325.08 362.84 410.34 ship 0 0.999236 votes=1
595.20 526.20 596.28 622.60 567.44 622.92 566.36 526.53 ship 0 0.999232 votes=1
108.42 655.11 108.46 709.11 87.34 709.13 87.31 655.12 ship 0 0.999197 votes=1
234.31 529.79 234.36 623.20 202.86 623.21 202.81 529.81 ship 0 0.999189 votes=1
324.63 626.14 331.11 538.69 356.51 540.57 350.02 628.02 ship 0 0.999169 votes=1
617.82 546.23 733.74 543.07 734.78 581.24 618.86 584.41 ship 0 0.999165 votes=1
565.65 294.85 566.14 205.66 593.94 205.81 593.46 295.01 ship 0 0.999150 votes=1
439.19 294.21 440.63 185.17 477.32 185.66 475.88 294.69 ship 0 0.999128 votes=1
517.65 187.21 517.78 298.65 484.31 298.69 484.17 187.25 ship 0 0.999110 votes=1
321.05 654.18 322.50 730.70 297.10 731.19 295.64 654.66 ship 0 0.999094 votes=1
239.72 618.55 240.16 537.26 272.27 537.44 271.83 618.73 ship 0 0.999062 votes=1
201.27 325.28 201.74 426.77 170.52 426.91 170.05 325.42 ship 0 0.999041 votes=1
306.10 542.57 314.91 620.63 288.81 623.58 280.00 545.52 ship 0 0.999012 votes=1
217.32 296.53 218.85 179.75 252.77 180.20 251.24 296.98 ship 0 0.998982 votes=1
752.90 643.41 753.56 742.26 720.13 742.48 719.47 643.63 ship 0 0.998941 votes=1
361.88 652.35 362.63 729.83 332.40 730.12 331.65 652.64 ship 0 0.998934 votes=1
159.17 709.07 159.31 665.01 177.76 665.07 177.61 709.13 ship 0 0.998905 votes=1
620.61 347.32 686.74 348.63 686.31 370.04 620.19 368.74 ship 0 0.998826 votes=1
303.77 296.23 304.24 185.40 337.75 185.54 337.28 296.37 ship 0 0.998824 votes=1
494.54 656.80 496.05 713.42 475.00 713.98 473.49 657.36 ship 0 0.998787 votes=1
627.95 382.68 695.19 380.08 695.93 399.21 628.69 401.81 ship 0 0.998778 votes=1
580.40 729.79 580.59 652.47 611.20 652.54 611.01 729.86 ship 0 0.998742 votes=1
688.79 712.24 691.09 650.15 713.46 650.98 711.17 713.07 ship 0 0.998642 votes=1
121.28 627.32 123.69 520.24 156.94 520.99 154.52 628.07 ship 0 0.998530 votes=1
482.32 624.41 483.74 519.32 521.03 519.83 519.60 624.91 ship 0 0.998360 votes=1
617.50 588.24 749.23 590.59 748.57 627.63 616.83 625.27 ship 0 0.998315 votes=1
405.89 320.49 407.03 402.94 374.01 403.40 372.87 320.95 ship 0 0.997608 votes=1
487.32 316.51 512.80 326.29 508.07 338.60 482.59 328.82 ship 0 0.977304 votes=1
633.18 305.79 634.26 342.74 618.22 343.21 617.15 306.25 ship 0 0.966393 votes=1
118.79 201.17 626.43 206.73 624.18 411.65 116.54 406.09 harbor 0 0.963667 votes=1
97.76 537.37 760.13 540.51 759.21 733.77 96.84 730.62 harbor 0 0.956561 votes=1
751.91 38.07 752.43 141.26 657.28 141.74 656.76 38.55 harbor 0 0.894976 votes=1
399.55 714.18 404.79 689.05 417.99 691.81 412.76 716.93 ship 0 0.848393 votes=1
401.29 677.60 421.64 674.60 423.57 687.65 403.22 690.66 ship 0 0.747744 votes=1
220.49 287.39 246.84 287.23 246.92 300.05 220.57 300.22 ship 0 0.717330 votes=1
738.02 609.66 772.58 606.37 774.07 622.04 739.51 625.32 ship 0 0.710468 votes=1
