77.29 530.11 151.39 530.03 151.41 549.95 77.31 550.03 ship 0 0.999473 votes=1
435.93 495.75 503.22 495.08 503.42 514.88 436.13 515.55 ship 0 0.999422 votes=1
76.94 467.76 147.31 461.45 149.26 483.19 78.88 489.50 ship 0 0.999398 votes=1
351.58 558.56 419.59 556.77 420.10 576.30 352.09 578.09 ship 0 0.999380 votes=1
683.37 555.43 740.61 553.68 741.13 570.55 683.88 572.30 ship 0 0.999350 votes=1
83.12 674.01 171.21 670.05 172.19 691.75 84.10 695.71 ship 0 0.999350 votes=1
683.73 609.72 734.38 608.41 734.78 624.09 684.14 625.40 ship 0 0.999339 votes=1
165.38 539.15 224.71 539.15 224.71 556.15 165.38 556.15 ship 0 0.999333 votes=1
163.63 562.97 222.75 563.21 222.68 581.78 163.55 581.53 ship 0 0.999331 votes=1
79.94 320.20 136.13 320.62 136.00 338.65 79.80 338.23 ship 0 0.999327 votes=1
353.33 683.54 481.18 680.57 481.83 708.69 353.98 711.65 ship 0 0.999323 votes=1
436.08 590.98 505.61 588.52 506.30 607.95 436.77 610.42 ship 0 0.999309 votes=1
158.26 318.54 229.06 318.75 229.00 339.57 158.20 339.36 ship 0 0.999303 votes=1
432.32 434.93 497.54 433.93 497.82 451.91 432.59 452.91 ship 0 0.999293 votes=1
160.72 391.98 234.78 391.08 235.05 413.69 161.00 414.59 ship 0 0.999286 votes=1
178.57 669.90 237.20 669.50 237.33 687.51 178.69 687.92 ship 0 0.999283 votes=1
609.47 500.85 664.33 499.75 664.69 517.81 609.83 518.90 ship 0 0.999277 votes=1
80.15 635.60 150.44 633.08 151.17 653.51 80.88 656.03 ship 0 0.999271 votes=1
439.93 555.83 492.24 555.59 492.31 572.16 440.01 572.41 ship 0 0.999260 votes=1
434.49 410.19 494.04 409.76 494.17 427.47 434.62 427.89 ship 0 0.999244 votes=1
363.43 593.77 423.59 592.82 423.87 610.77 363.72 611.72 ship 0 0.999243 votes=1
678.38 416.88 729.35 415.71 729.74 432.71 678.77 433.87 ship 0 0.999229 votes=1
440.38 652.05 506.90 650.03 507.52 670.24 440.99 672.27 ship 0 0.999227 votes=1
435.84 617.41 498.46 616.62 498.71 636.55 436.09 637.34 ship 0 0.999227 votes=1
73.12 354.60 147.10 357.52 146.23 379.65 72.25 376.73 ship 0 0.999223 votes=1
158.00 491.52 230.41 491.07 230.55 512.78 158.13 513.23 ship 0 0.999218 votes=1
432.90 344.36 483.92 339.55 485.39 355.16 434.38 359.98 ship 0 0.999198 votes=1
73.14 426.72 152.37 430.19 151.49 450.31 72.26 446.84 ship 0 0.999196 votes=1
608.94 392.94 665.56 392.00 665.85 409.59 609.23 410.53 ship 0 0.999180 votes=1
353.27 470.33 422.50 468.91 422.88 487.41 353.65 488.83 ship 0 0.999169 votes=1
168.45 457.88 230.92 458.58 230.71 477.36 168.24 476.66 ship 0 0.999135 votes=1
604.36 337.15 662.41 336.40 662.68 356.57 604.62 357.32 ship 0 0.999107 votes=1
674.48 337.42 732.53 335.85 733.02 353.90 674.97 355.47 ship 0 0.999073 votes=1
71.01 390.05 148.20 395.09 146.75 417.33 69.55 412.28 ship 0 0.999065 votes=1
428.84 365.13 494.69 364.50 494.89 384.99 429.03 385.63 ship 0 0.999045 votes=1
162.38 354.51 233.14 354.38 233.18 373.66 162.42 373.79 ship 0 0.999033 votes=1
680.01 471.74 726.60 470.20 727.19 488.23 680.61 489.76 ship 0 0.998987 votes=1
612.62 634.38 670.72 633.07 671.11 650.69 613.02 652.00 ship 0 0.998976 votes=1
611.25 579.53 668.83 579.29 668.89 595.69 611.32 595.93 ship 0 0.998937 votes=1
676.61 308.06 739.68 307.95 739.71 325.08 676.64 325.19 ship 0 0.998925 votes=1
156.10 425.10 233.69 420.76 234.85 441.54 157.26 445.87 ship 0 0.998899 votes=1
436.05 313.96 494.93 312.25 495.47 330.68 436.58 332.39 ship 0 0.998874 votes=1
609.71 554.79 667.32 554.20 667.50 571.47 609.89 572.05 ship 0 0.998835 votes=1
677.29 362.03 730.36 361.40 730.57 378.64 677.49 379.27 ship 0 0.998776 votes=1
613.61 663.74 670.26 661.96 670.83 679.91 614.18 681.70 ship 0 0.998769 votes=1
611.71 610.85 671.14 609.16 671.63 626.27 612.19 627.96 ship 0 0.998752 votes=1
683.59 661.91 738.72 663.05 738.35 680.62 683.23 679.49 ship 0 0.998740 votes=1
676.95 392.25 732.98 392.12 733.02 409.30 676.99 409.43 ship 0 0.998642 votes=1
680.64 525.53 731.44 524.82 731.66 540.69 680.86 541.40 ship 0 0.998590 votes=1
605.62 472.75 668.51 471.75 668.77 488.06 605.88 489.06 ship 0 0.998496 votes=1
362.99 617.90 422.49 619.08 422.10 638.68 362.60 637.51 ship 0 0.998248 votes=1
352.48 410.94 414.55 409.25 415.04 427.38 352.97 429.07 ship 0 0.998243 votes=1
118.90 293.49 152.07 293.39 152.11 306.29 118.93 306.39 ship 0 0.998156 votes=1
603.91 449.96 667.03 447.66 667.65 464.83 604.54 467.13 ship 0 0.997918 votes=1
334.90 532.12 420.19 530.76 420.50 550.09 335.21 551.45 ship 0 0.997727 votes=1
335.73 498.05 418.67 497.34 418.84 517.06 335.90 517.78 ship 0 0.997726 votes=1
602.31 364.11 655.28 364.18 655.26 380.18 602.29 380.11 ship 0 0.997714 votes=1
337.94 346.52 385.64 345.44 385.95 358.95 338.25 360.03 ship 0 0.997342 votes=1
80.93 505.38 145.57 504.92 145.68 520.92 81.04 521.38 ship 0 0.997048 votes=1
354.15 654.23 412.80 654.70 412.66 672.36 354.01 671.89 ship 0 0.997004 votes=1
680.37 447.32 735.56 446.81 735.70 462.13 680.51 462.64 ship 0 0.996404 votes=1
176.54 632.29 230.60 632.35 230.58 649.03 176.53 648.98 ship 0 0.996055 votes=1
370.71 329.24 415.91 329.83 415.72 344.10 370.53 343.52 ship 0 0.994772 votes=1
70.85 598.18 147.99 596.25 148.68 623.76 71.54 625.69 ship 0 0.992412 votes=1
382.57 346.67 418.33 345.44 418.74 357.41 382.98 358.64 ship 0 0.989013 votes=1
731.41 307.25 739.10 683.25 610.37 685.89 602.67 309.88 harbor 0 0.988366 votes=1
617.69 310.33 663.36 310.88 663.19 324.59 617.53 324.04 ship 0 0.984692 votes=1
232.64 310.15 238.24 677.81 69.30 680.38 63.71 312.72 harbor 0 0.983597 votes=1
358.09 315.93 414.50 314.26 414.93 329.02 358.53 330.69 ship 0 0.979999 votes=1
491.86 306.90 501.69 681.53 351.56 685.47 341.73 310.84 harbor 0 0.963740 votes=1
186.67 614.76 210.34 615.01 210.24 623.90 186.57 623.64 ship 0 0.961488 votes=1
0.84 33.23 109.17 38.05 108.70 48.67 0.37 43.86 bridge 0 0.882515 votes=1
