61.78 706.57 80.15 133.58 349.38 142.22 331.01 715.20 Expressway-Service-area 0 0.998750 votes=1
384.27 712.38 430.85 131.88 693.82 152.98 647.24 733.48 Expressway-Service-area 0 0.998499 votes=1
388.60 711.01 396.47 691.70 402.28 694.07 394.41 713.38 vehicle 0 0.957876 votes=1
551.52 615.47 564.47 599.50 568.53 602.79 555.59 618.76 vehicle 0 0.940896 votes=1
540.53 613.42 552.63 594.33 557.78 597.60 545.69 616.69 vehicle 0 0.856255 votes=1
471.99 617.51 484.15 597.38 489.20 600.44 477.05 620.56 vehicle 0 0.850057 votes=1
232.91 514.45 245.07 530.97 240.25 534.52 228.09 518.00 vehicle 0 0.804022 votes=1
374.69 223.16 377.84 187.03 413.38 190.12 410.24 226.25 overpass 0 0.767649 votes=1
434.48 260.67 437.04 211.74 443.28 212.06 440.72 261.00 vehicle 0 0.723988 votes=1
408.87 143.99 412.22 124.45 417.87 125.42 414.52 144.96 vehicle 0 0.708267 votes=1
563.16 356.03 582.46 357.38 581.90 365.36 562.60 364.00 vehicle 0 0.678294 votes=1
