249.24 208.81 250.78 299.36 199.50 300.23 197.96 209.68 basketballcourt 0 0.999113 votes=1
258.75 176.07 259.04 96.50 298.89 96.65 298.60 176.22 tenniscourt 0 0.999082 votes=1
374.38 742.51 375.50 128.38 669.32 128.92 668.20 743.05 groundtrackfield 0 0.998765 votes=1
192.83 210.83 193.46 300.05 141.92 300.41 141.30 211.19 basketballcourt 0 0.998764 votes=1
304.15 206.06 306.94 295.34 255.90 296.93 253.11 207.65 basketballcourt 0 0.998618 votes=1
159.11 81.93 160.73 179.32 107.52 180.20 105.90 82.82 basketballcourt 0 0.998594 votes=1
96.50 366.83 96.58 386.15 86.36 386.19 86.28 366.87 vehicle 0 0.978569 votes=1
761.70 37.07 780.62 37.13 780.59 45.22 761.67 45.16 vehicle 0 0.967761 votes=1
72.35 490.11 78.12 506.14 71.00 508.70 65.24 492.67 vehicle 0 0.963635 votes=1
51.25 81.39 52.02 98.15 43.26 98.56 42.48 81.79 vehicle 0 0.937054 votes=1
360.16 41.34 378.38 40.78 378.62 48.56 360.41 49.13 vehicle 0 0.775916 votes=1
