328.75 595.00 416.77 595.32 416.66 624.06 328.64 623.74 ship 0 0.999431 votes=1
664.06 524.62 772.92 506.41 778.59 540.31 669.74 558.52 ship 0 0.999394 votes=1
671.16 566.53 785.98 553.72 789.85 588.38 675.02 601.18 ship 0 0.999346 votes=1
331.64 673.96 408.56 675.03 408.19 701.65 331.27 700.58 ship 0 0.999307 votes=1
328.18 290.82 407.51 288.93 408.17 316.67 328.85 318.56 ship 0 0.999306 votes=1
96.75 589.13 162.75 589.02 162.79 614.57 96.79 614.67 ship 0 0.999240 votes=1
647.98 439.12 768.92 410.64 776.98 444.91 656.04 473.38 ship 0 0.999208 votes=1
330.04 630.50 411.53 632.79 410.67 663.30 329.18 661.01 ship 0 0.999126 votes=1
331.22 710.16 405.87 710.81 405.67 733.66 331.03 733.01 ship 0 0.999116 votes=1
522.11 498.83 628.03 482.38 632.82 513.21 526.90 529.66 ship 0 0.999047 votes=1
566.71 659.44 653.29 646.32 657.46 673.85 570.89 686.97 ship 0 0.999037 votes=1
332.20 557.51 404.86 557.62 404.82 582.09 332.16 581.99 ship 0 0.998942 votes=1
549.90 576.34 636.48 566.01 639.84 594.24 553.26 604.56 ship 0 0.998901 votes=1
555.76 621.28 647.92 602.70 654.22 633.96 562.07 652.55 ship 0 0.998839 votes=1
104.91 719.97 159.19 719.11 159.49 737.40 105.20 738.27 ship 0 0.998545 votes=1
715.43 779.78 744.75 770.02 748.73 781.97 719.41 791.73 vehicle 0 0.998427 votes=1
587.54 696.88 665.31 685.40 668.76 708.79 590.99 720.27 ship 0 0.998325 votes=1
512.69 420.06 614.73 399.73 621.37 433.05 519.33 453.37 ship 0 0.998113 votes=1
773.49 759.64 799.55 748.44 805.37 761.98 779.30 773.18 vehicle 0 0.995766 votes=1
161.18 444.80 165.30 776.67 21.09 778.47 16.96 446.59 harbor 0 0.995418 votes=1
408.07 247.74 410.84 773.76 242.04 774.65 239.27 248.63 harbor 0 0.981527 votes=1
743.10 332.27 794.16 740.17 570.83 768.13 519.76 360.23 harbor 0 0.981258 votes=1
