418.99 222.52 518.81 221.66 519.59 311.99 419.76 312.85 storagetank 0 0.999096 votes=1
598.73 269.70 668.75 269.20 669.16 327.87 599.15 328.36 storagetank 0 0.999078 votes=1
223.74 484.68 313.59 482.07 315.99 564.86 226.15 567.47 storagetank 0 0.999035 votes=1
41.32 312.29 136.58 311.22 137.56 398.90 42.30 399.97 storagetank 0 0.999035 votes=1
583.53 462.27 675.48 462.37 675.39 543.42 583.44 543.32 storagetank 0 0.999025 votes=1
215.75 236.32 316.67 233.10 319.52 322.69 218.61 325.91 storagetank 0 0.998969 votes=1
616.35 146.87 702.52 146.18 703.09 217.38 616.92 218.06 storagetank 0 0.998947 votes=1
390.86 461.85 507.52 462.06 507.33 567.54 390.67 567.33 storagetank 0 0.998795 votes=1
220.63 680.26 257.44 678.75 258.86 713.35 222.05 714.86 storagetank 0 0.998150 votes=1
98.71 60.32 100.02 40.11 108.91 40.69 107.59 60.90 vehicle 0 0.994166 votes=1
290.24 31.39 290.97 49.17 283.38 49.48 282.65 31.70 vehicle 0 0.683306 votes=1
