57.41 139.99 215.26 134.64 216.76 178.83 58.91 184.17 ship 0 0.999403 votes=1
83.01 101.74 214.43 87.67 218.26 123.45 86.84 137.52 ship 0 0.999329 votes=1
248.31 154.87 606.09 121.38 612.18 186.38 254.40 219.87 ship 0 0.998966 votes=1
41.40 191.09 250.82 184.15 252.29 228.48 42.87 235.42 ship 0 0.998934 votes=1
23.85 363.39 556.12 302.98 565.49 385.55 33.22 445.95 ship 0 0.998921 votes=1
657.86 157.15 715.11 164.38 713.17 179.75 655.92 172.52 ship 0 0.996243 votes=1
6.79 309.20 60.55 305.06 61.77 320.81 8.00 324.95 vehicle 0 0.995923 votes=1
657.14 144.14 702.12 150.21 700.44 162.68 655.46 156.61 ship 0 0.990680 votes=1
81.34 288.25 133.29 277.86 136.45 293.65 84.49 304.04 vehicle 0 0.979805 votes=1
259.34 265.77 318.88 260.78 320.45 279.49 260.91 284.48 vehicle 0 0.978461 votes=1
85.55 305.08 144.40 297.48 146.85 316.51 88.01 324.11 vehicle 0 0.976511 votes=1
448.75 287.27 548.31 271.83 550.87 288.36 451.32 303.80 vehicle 0 0.947659 votes=1
97.54 324.00 149.13 315.52 152.11 333.66 100.52 342.14 vehicle 0 0.883898 votes=1
606.57 175.34 633.31 168.54 635.77 178.22 609.04 185.02 ship 0 0.869487 votes=1
434.24 266.71 500.69 254.59 504.17 273.70 437.72 285.81 vehicle 0 0.822463 votes=1
