440.90 288.35 612.90 286.46 614.02 387.26 442.01 389.15 trainstation 0 0.989723 votes=1
331.25 52.50 392.75 56.73 391.76 71.16 330.25 66.93 bridge 0 0.987467 votes=1
436.01 418.43 436.52 449.01 418.19 449.32 417.68 418.73 bridge 0 0.984381 votes=1
642.55 460.56 644.34 408.78 657.32 409.22 655.53 461.01 bridge 0 0.981189 votes=1
241.43 3.87 263.56 17.36 256.94 28.21 234.81 14.72 bridge 0 0.980332 votes=1
57.93 497.58 58.26 470.07 71.67 470.23 71.35 497.74 bridge 0 0.979254 votes=1
371.81 213.78 373.47 167.22 382.79 167.55 381.13 214.11 ship 0 0.978608 votes=1
62.08 130.07 118.25 132.33 117.86 141.98 61.69 139.72 ship 0 0.974690 votes=1
273.28 447.81 274.76 471.00 258.94 472.01 257.46 448.82 bridge 0 0.945528 votes=1
315.04 440.80 317.83 466.13 311.05 466.87 308.26 441.54 bridge 0 0.824194 votes=1
264.57 315.60 275.36 68.96 329.80 71.34 319.01 317.98 ship 0 0.706871 votes=1
