125.13 535.03 129.28 454.31 161.62 455.97 157.47 536.69 vehicle 0 0.999587 votes=1
344.82 443.40 346.65 541.67 309.06 542.38 307.22 444.10 vehicle 0 0.999568 votes=1
433.67 439.19 434.03 523.66 400.27 523.80 399.91 439.33 vehicle 0 0.999373 votes=1
524.56 446.93 526.48 542.75 489.67 543.49 487.74 447.67 vehicle 0 0.999259 votes=1
454.21 205.19 500.91 123.80 532.12 141.71 485.42 223.10 vehicle 0 0.999152 votes=1
528.29 679.88 528.50 763.67 494.74 763.76 494.53 679.96 vehicle 0 0.999108 votes=1
704.62 311.87 706.12 407.25 669.43 407.82 667.93 312.45 vehicle 0 0.999049 votes=1
614.81 68.86 615.53 163.75 580.09 164.03 579.36 69.13 vehicle 0 0.998827 votes=1
681.14 -8.23 684.50 62.91 644.78 64.78 641.42 -6.35 vehicle 0 0.997815 votes=1
752.47 415.01 754.99 386.44 766.34 387.44 763.82 416.01 vehicle 0 0.648377 votes=1
