542.12 436.62 633.53 437.96 632.36 518.06 540.95 516.73 storagetank 0 0.998939 votes=1
375.07 447.63 453.69 448.59 452.89 513.73 374.27 512.76 storagetank 0 0.998848 votes=1
372.91 282.44 453.87 284.67 452.11 348.60 371.15 346.37 storagetank 0 0.998820 votes=1
201.12 449.93 279.71 451.13 278.73 515.92 200.13 514.72 storagetank 0 0.998811 votes=1
192.19 277.66 285.02 279.18 283.71 359.30 190.88 357.77 storagetank 0 0.998801 votes=1
547.03 280.21 627.22 281.13 626.48 345.86 546.29 344.94 storagetank 0 0.998662 votes=1
708.17 520.46 716.09 495.09 727.34 498.60 719.42 523.97 vehicle 0 0.986435 votes=1
351.63 146.90 399.36 147.17 399.30 157.98 351.56 157.70 vehicle 0 0.986027 votes=1
501.30 180.56 514.54 196.45 508.35 201.61 495.11 185.71 vehicle 0 0.870931 votes=1
778.76 299.76 778.80 320.35 769.72 320.37 769.68 299.77 vehicle 0 0.861316 votes=1
560.27 93.34 582.20 93.10 582.29 101.29 560.36 101.52 vehicle 0 0.739514 votes=1
