395.58 605.08 395.71 655.30 381.69 655.34 381.56 605.12 ship 0 0.998872 votes=1
684.57 495.48 684.82 452.35 698.95 452.44 698.70 495.56 ship 0 0.998830 votes=1
628.83 671.76 628.92 620.94 643.66 620.96 643.57 671.79 ship 0 0.998802 votes=1
39.77 641.86 40.24 581.63 59.29 581.79 58.81 642.01 ship 0 0.998727 votes=1
649.80 672.11 651.79 623.41 667.32 624.04 665.33 672.75 ship 0 0.998547 votes=1
541.50 604.22 541.97 560.58 555.83 560.72 555.37 604.36 ship 0 0.998430 votes=1
147.78 578.18 148.85 534.25 162.65 534.58 161.58 578.52 ship 0 0.998420 votes=1
444.39 190.13 444.63 156.95 457.09 157.04 456.85 190.22 ship 0 0.998185 votes=1
437.09 319.58 437.57 288.04 449.60 288.23 449.12 319.76 ship 0 0.998099 votes=1
477.70 437.40 477.98 475.76 463.83 475.87 463.55 437.51 ship 0 0.998085 votes=1
603.30 608.40 604.18 564.62 618.94 564.91 618.06 608.70 ship 0 0.998072 votes=1
359.03 650.94 359.44 601.16 376.15 601.30 375.75 651.08 ship 0 0.998039 votes=1
91.85 647.28 93.76 585.81 111.71 586.37 109.80 647.84 ship 0 0.998020 votes=1
457.65 436.94 457.94 475.47 445.25 475.57 444.96 437.03 ship 0 0.997989 votes=1
338.18 650.11 339.69 600.91 353.94 601.35 352.43 650.55 ship 0 0.997907 votes=1
555.73 481.11 556.49 445.12 569.07 445.39 568.30 481.38 ship 0 0.997898 votes=1
116.43 649.52 116.70 587.65 132.46 587.72 132.20 649.59 ship 0 0.997894 votes=1
203.24 537.27 203.33 580.30 189.80 580.33 189.70 537.30 ship 0 0.997815 votes=1
630.96 333.16 631.69 301.19 643.05 301.45 642.32 333.42 ship 0 0.997803 votes=1
485.11 660.75 485.34 611.05 500.32 611.11 500.09 660.82 ship 0 0.997780 votes=1
523.50 662.46 526.72 612.59 541.86 613.56 538.64 663.44 ship 0 0.997742 votes=1
562.71 603.83 563.24 563.68 576.84 563.85 576.31 604.01 ship 0 0.997740 votes=1
188.20 299.48 188.27 269.42 199.84 269.44 199.77 299.50 ship 0 0.997736 votes=1
503.15 598.68 503.46 559.95 516.76 560.06 516.45 598.79 ship 0 0.997721 votes=1
574.33 482.28 575.74 446.54 587.61 447.01 586.21 482.75 ship 0 0.997676 votes=1
108.32 572.63 108.70 532.56 122.09 532.69 121.70 572.76 ship 0 0.997659 votes=1
694.96 303.64 695.30 336.14 684.54 336.25 684.21 303.75 ship 0 0.997613 votes=1
692.72 442.12 692.94 404.24 705.96 404.31 705.74 442.19 ship 0 0.997603 votes=1
594.11 436.06 595.06 400.11 607.68 400.44 606.73 436.40 ship 0 0.997589 votes=1
578.01 329.41 578.63 297.21 590.64 297.44 590.03 329.64 ship 0 0.997568 votes=1
521.61 601.91 522.14 560.59 536.23 560.77 535.69 602.10 ship 0 0.997546 votes=1
518.33 478.80 520.72 442.32 532.77 443.11 530.39 479.59 ship 0 0.997541 votes=1
716.82 339.41 718.51 307.20 730.01 307.80 728.33 340.01 ship 0 0.997502 votes=1
215.94 409.98 216.30 378.74 227.82 378.87 227.47 410.11 ship 0 0.997501 votes=1
305.05 277.08 305.15 308.62 293.23 308.66 293.14 277.11 ship 0 0.997475 votes=1
208.61 644.34 209.72 593.56 224.84 593.89 223.73 644.67 ship 0 0.997434 votes=1
350.29 466.32 350.47 430.71 362.66 430.77 362.48 466.39 ship 0 0.997414 votes=1
550.95 444.85 550.99 480.90 538.42 480.91 538.38 444.87 ship 0 0.997413 votes=1
232.68 411.45 232.73 378.74 242.91 378.75 242.86 411.47 ship 0 0.997413 votes=1
182.72 269.81 182.85 302.06 171.20 302.11 171.07 269.85 ship 0 0.997397 votes=1
456.67 323.63 456.77 289.74 469.05 289.78 468.95 323.67 ship 0 0.997379 votes=1
453.70 555.58 453.76 596.34 439.51 596.37 439.44 555.60 ship 0 0.997374 votes=1
227.98 581.95 228.39 540.14 241.88 540.28 241.47 582.08 ship 0 0.997319 votes=1
301.29 586.55 302.64 546.09 316.08 546.54 314.73 587.00 ship 0 0.997315 votes=1
613.20 332.31 613.49 301.23 625.20 301.33 624.91 332.42 ship 0 0.997303 votes=1
55.52 401.60 55.56 366.68 68.01 366.70 67.97 401.62 ship 0 0.997288 votes=1
400.40 474.30 402.21 433.46 416.07 434.08 414.26 474.92 ship 0 0.997285 votes=1
480.29 598.99 480.65 559.71 493.65 559.82 493.29 599.11 ship 0 0.997251 votes=1
667.20 489.35 668.22 452.88 680.64 453.23 679.62 489.70 ship 0 0.997247 votes=1
505.08 159.73 505.24 192.18 492.48 192.24 492.32 159.79 ship 0 0.997223 votes=1
539.73 197.49 540.30 164.66 551.82 164.86 551.25 197.69 ship 0 0.997166 votes=1
311.40 417.67 311.75 386.45 323.38 386.59 323.02 417.80 ship 0 0.997161 votes=1
342.46 182.50 342.48 149.06 354.74 149.06 354.71 182.51 ship 0 0.997160 votes=1
184.21 408.30 184.60 376.75 196.70 376.89 196.32 408.44 ship 0 0.997118 votes=1
207.76 261.26 207.91 231.93 218.43 231.98 218.28 261.32 ship 0 0.997092 votes=1
660.17 439.79 660.60 403.31 673.12 403.46 672.69 439.93 ship 0 0.997081 votes=1
463.27 659.89 464.39 610.57 479.74 610.91 478.63 660.24 ship 0 0.997047 votes=1
676.38 442.00 676.98 403.20 689.33 403.39 688.73 442.19 ship 0 0.996998 votes=1
623.65 400.05 623.75 437.66 612.08 437.69 611.98 400.08 ship 0 0.996976 votes=1
627.27 439.27 627.29 400.94 639.48 400.95 639.46 439.28 ship 0 0.996972 votes=1
643.74 439.51 644.23 403.40 656.16 403.56 655.68 439.67 ship 0 0.996946 votes=1
168.68 407.23 168.78 376.93 180.65 376.97 180.56 407.27 ship 0 0.996896 votes=1
284.29 584.78 286.38 552.77 297.65 553.51 295.57 585.51 ship 0 0.996894 votes=1
384.36 464.13 384.60 432.61 395.96 432.69 395.72 464.22 ship 0 0.996873 votes=1
709.37 444.81 709.91 407.35 721.82 407.52 721.28 444.98 ship 0 0.996861 votes=1
358.51 420.68 360.23 391.08 371.63 391.75 369.91 421.34 ship 0 0.996789 votes=1
670.93 294.35 671.64 266.63 681.97 266.89 681.26 294.62 ship 0 0.996774 votes=1
605.81 447.31 606.24 484.51 593.40 484.66 592.97 447.46 ship 0 0.996768 votes=1
244.88 454.43 246.51 422.06 258.14 422.64 256.50 455.02 ship 0 0.996720 votes=1
426.56 477.46 427.33 437.21 441.12 437.47 440.36 477.72 ship 0 0.996698 votes=1
500.45 476.40 503.67 442.00 514.84 443.04 511.63 477.45 ship 0 0.996644 votes=1
700.20 335.27 700.43 305.51 710.82 305.59 710.59 335.36 ship 0 0.996635 votes=1
742.96 299.69 743.45 270.31 754.25 270.49 753.76 299.87 ship 0 0.996625 votes=1
744.13 447.23 745.62 411.22 758.08 411.74 756.59 447.75 ship 0 0.996606 votes=1
240.24 302.71 241.12 273.33 252.39 273.66 251.51 303.05 ship 0 0.996550 votes=1
120.74 404.14 121.00 372.58 132.69 372.67 132.44 404.24 ship 0 0.996540 votes=1
540.76 395.88 541.15 431.73 527.67 431.87 527.29 396.02 ship 0 0.996528 votes=1
294.93 416.04 295.09 382.52 306.87 382.57 306.72 416.09 ship 0 0.996479 votes=1
684.65 295.35 686.24 267.20 696.36 267.78 694.77 295.92 ship 0 0.996411 votes=1
196.01 137.85 196.06 169.08 185.18 169.10 185.13 137.87 ship 0 0.996404 votes=1
578.60 433.89 579.31 397.97 590.85 398.20 590.13 434.12 ship 0 0.996330 votes=1
460.30 427.67 460.57 391.93 473.58 392.03 473.31 427.77 ship 0 0.996312 votes=1
608.80 487.47 611.96 448.02 623.61 448.96 620.45 488.40 ship 0 0.996296 votes=1
578.19 354.83 603.64 354.95 603.59 365.17 578.14 365.05 ship 0 0.996289 votes=1
127.77 575.10 128.03 535.68 141.08 535.77 140.82 575.19 ship 0 0.996284 votes=1
368.24 462.95 368.51 431.44 379.28 431.53 379.01 463.05 ship 0 0.996275 votes=1
263.78 413.28 263.84 382.13 274.60 382.16 274.53 413.31 ship 0 0.996227 votes=1
137.28 404.03 137.57 374.32 148.51 374.42 148.22 404.14 ship 0 0.996216 votes=1
681.10 209.19 681.42 173.74 694.24 173.85 693.92 209.31 ship 0 0.996198 votes=1
634.94 204.65 635.78 171.19 646.48 171.46 645.63 204.92 ship 0 0.996159 votes=1
185.21 641.02 187.08 593.65 202.15 594.25 200.27 641.62 ship 0 0.996109 votes=1
649.58 333.57 650.08 303.32 661.37 303.50 660.87 333.76 ship 0 0.996108 votes=1
475.99 188.00 476.39 158.80 486.65 158.94 486.24 188.14 ship 0 0.996101 votes=1
565.87 661.88 567.66 622.19 580.48 622.77 578.69 662.46 ship 0 0.996047 votes=1
472.65 156.91 472.97 188.91 461.40 189.02 461.08 157.02 ship 0 0.995984 votes=1
607.96 300.99 608.09 331.53 597.31 331.57 597.18 301.04 ship 0 0.995916 votes=1
459.15 597.94 460.41 554.68 473.66 555.07 472.40 598.32 ship 0 0.995898 votes=1
261.01 234.46 261.06 264.43 250.24 264.45 250.19 234.48 ship 0 0.995770 votes=1
289.22 238.51 289.29 267.19 279.29 267.22 279.23 238.54 ship 0 0.995760 votes=1
558.87 326.81 560.26 295.92 571.96 296.45 570.57 327.33 ship 0 0.995757 votes=1
192.26 260.25 192.61 231.48 203.35 231.60 203.00 260.38 ship 0 0.995732 votes=1
506.94 393.67 507.06 430.01 493.54 430.05 493.42 393.71 ship 0 0.995702 votes=1
165.01 258.53 165.09 231.99 173.96 232.01 173.89 258.56 ship 0 0.995659 votes=1
649.46 487.14 649.65 450.87 661.60 450.94 661.41 487.20 ship 0 0.995589 votes=1
326.70 309.19 328.10 278.12 340.09 278.66 338.69 309.73 ship 0 0.995524 votes=1
221.93 308.06 223.67 272.05 235.53 272.62 233.79 308.63 ship 0 0.995524 votes=1
699.09 295.85 701.05 267.31 710.95 267.99 708.99 296.53 ship 0 0.995492 votes=1
554.54 197.91 556.97 164.17 568.16 164.98 565.74 198.71 ship 0 0.995486 votes=1
628.29 494.15 628.32 449.93 643.15 449.94 643.12 494.16 ship 0 0.995478 votes=1
734.10 345.39 734.37 310.02 746.34 310.11 746.07 345.48 ship 0 0.995440 votes=1
137.93 166.13 138.46 134.52 149.53 134.70 148.99 166.31 ship 0 0.995372 votes=1
168.44 168.63 169.96 137.96 180.80 138.50 179.28 169.17 ship 0 0.995368 votes=1
276.07 307.42 276.54 277.23 287.50 277.40 287.03 307.59 ship 0 0.995337 votes=1
543.13 284.59 543.96 260.31 553.58 260.64 552.75 284.92 ship 0 0.995221 votes=1
326.90 180.41 328.33 148.24 339.66 148.74 338.23 180.92 ship 0 0.995208 votes=1
264.69 584.63 265.43 544.34 279.76 544.60 279.03 584.89 ship 0 0.995197 votes=1
523.27 195.36 524.52 162.83 536.32 163.29 535.06 195.81 ship 0 0.995113 votes=1
247.63 412.21 247.95 382.32 258.13 382.43 257.82 412.32 ship 0 0.995107 votes=1
270.25 274.38 270.49 306.97 257.82 307.07 257.57 274.48 ship 0 0.995084 votes=1
279.71 413.78 280.15 383.22 290.74 383.38 290.30 413.93 ship 0 0.995022 votes=1
486.73 291.59 486.78 324.16 474.63 324.18 474.58 291.61 ship 0 0.994996 votes=1
208.85 581.20 209.19 534.54 223.25 534.64 222.91 581.31 ship 0 0.994939 votes=1
87.08 573.91 89.23 529.93 102.60 530.58 100.45 574.56 ship 0 0.994905 votes=1
106.47 165.06 106.64 134.11 117.31 134.16 117.13 165.12 ship 0 0.994885 votes=1
666.20 615.54 666.70 570.61 682.35 570.78 681.85 615.72 ship 0 0.994784 votes=1
725.55 445.95 726.61 410.63 739.27 411.02 738.21 446.33 ship 0 0.994782 votes=1
150.62 257.61 150.76 228.57 161.45 228.62 161.31 257.66 ship 0 0.994723 votes=1
570.57 197.26 572.03 165.21 582.40 165.68 580.93 197.73 ship 0 0.994718 votes=1
641.74 292.10 642.22 262.88 653.48 263.07 653.00 292.29 ship 0 0.994716 votes=1
169.07 578.95 169.38 536.62 183.48 536.73 183.17 579.05 ship 0 0.994695 votes=1
72.78 399.04 73.33 365.87 84.55 366.06 84.00 399.23 ship 0 0.994679 votes=1
102.92 298.49 103.28 264.42 114.32 264.54 113.95 298.61 ship 0 0.994559 votes=1
322.40 588.42 323.18 547.90 334.45 548.12 333.67 588.63 ship 0 0.994548 votes=1
609.51 261.56 609.73 288.64 600.11 288.72 599.89 261.64 ship 0 0.994526 votes=1
292.69 265.01 293.18 236.31 303.23 236.48 302.74 265.18 ship 0 0.994517 votes=1
508.32 324.11 508.42 292.03 519.09 292.07 518.99 324.14 ship 0 0.994439 votes=1
454.47 275.74 455.74 250.42 465.82 250.92 464.55 276.25 ship 0 0.994274 votes=1
310.22 179.91 311.07 147.72 322.19 148.01 321.34 180.21 ship 0 0.994055 votes=1
52.05 162.85 52.92 122.25 67.57 122.56 66.71 163.17 ship 0 0.994040 votes=1
617.93 200.23 619.83 169.16 631.26 169.86 629.36 200.93 ship 0 0.993930 votes=1
624.13 607.13 624.52 567.20 638.14 567.33 637.76 607.26 ship 0 0.993875 votes=1
764.26 449.87 765.51 415.25 777.04 415.67 775.78 450.28 ship 0 0.993791 votes=1
328.12 417.69 328.29 388.67 338.63 388.74 338.45 417.75 ship 0 0.993757 votes=1
154.51 297.01 155.72 267.89 165.66 268.30 164.45 297.42 ship 0 0.993745 votes=1
420.82 192.35 425.13 156.25 435.64 157.51 431.33 193.61 ship 0 0.993706 votes=1
89.83 401.32 91.16 369.78 102.43 370.25 101.10 401.80 ship 0 0.993621 votes=1
502.41 292.90 503.67 322.22 493.60 322.66 492.34 293.33 ship 0 0.993586 votes=1
704.71 493.53 704.78 455.71 717.11 455.73 717.04 493.55 ship 0 0.993504 votes=1
513.45 283.68 513.73 256.30 524.28 256.40 524.00 283.78 ship 0 0.993422 votes=1
295.13 179.20 295.54 146.94 306.99 147.09 306.57 179.34 ship 0 0.993257 votes=1
178.61 259.25 178.69 230.39 188.98 230.42 188.90 259.28 ship 0 0.993173 votes=1
586.14 671.28 586.98 618.58 603.21 618.84 602.38 671.53 ship 0 0.993104 votes=1
132.05 226.40 132.27 256.24 121.27 256.32 121.06 226.48 ship 0 0.993004 votes=1
414.22 313.85 417.01 285.56 426.15 286.47 423.36 314.75 ship 0 0.992987 votes=1
297.17 462.84 298.49 425.63 310.98 426.07 309.65 463.28 ship 0 0.992736 votes=1
376.79 272.76 376.93 245.81 385.56 245.85 385.42 272.80 ship 0 0.992597 votes=1
666.66 149.82 700.10 151.95 699.18 166.42 665.74 164.29 ship 0 0.992579 votes=1
404.29 276.33 404.36 245.46 414.16 245.49 414.09 276.35 ship 0 0.992480 votes=1
263.45 176.59 263.88 144.25 276.95 144.43 276.51 176.77 ship 0 0.992350 votes=1
405.76 423.50 406.04 392.62 417.19 392.72 416.91 423.60 ship 0 0.992254 votes=1
307.16 268.86 307.96 240.91 318.44 241.21 317.64 269.16 ship 0 0.992180 votes=1
264.21 266.14 264.52 236.18 274.77 236.29 274.46 266.25 ship 0 0.992176 votes=1
193.60 451.11 193.88 418.40 205.70 418.50 205.42 451.21 ship 0 0.992030 votes=1
713.95 296.36 715.08 271.67 724.03 272.08 722.90 296.77 ship 0 0.992014 votes=1
6.54 634.57 7.16 569.37 33.36 569.62 32.73 634.82 ship 0 0.991470 votes=1
656.83 291.78 657.45 267.06 666.59 267.29 665.98 292.00 ship 0 0.991464 votes=1
586.13 197.07 589.09 166.37 599.71 167.40 596.74 198.10 ship 0 0.991348 votes=1
390.86 182.98 391.81 153.39 402.61 153.74 401.66 183.33 ship 0 0.991272 votes=1
560.74 434.05 563.84 400.04 575.32 401.09 572.22 435.10 ship 0 0.991269 votes=1
752.26 341.05 752.30 308.67 764.45 308.68 764.42 341.07 ship 0 0.991183 votes=1
710.37 173.72 710.73 209.23 698.45 209.35 698.09 173.85 ship 0 0.991123 votes=1
344.02 429.18 344.24 457.95 333.56 458.03 333.34 429.26 ship 0 0.990893 votes=1
484.58 475.84 484.94 440.14 497.08 440.26 496.72 475.96 ship 0 0.990399 votes=1
720.32 495.31 721.37 455.72 736.15 456.11 735.10 495.70 ship 0 0.989857 votes=1
227.30 453.50 227.62 421.07 240.28 421.19 239.96 453.62 ship 0 0.989729 votes=1
344.96 311.14 345.98 279.77 356.83 280.12 355.81 311.50 ship 0 0.989504 votes=1
25.02 565.92 25.67 529.11 37.43 529.32 36.78 566.12 ship 0 0.989455 votes=1
175.11 452.49 176.45 416.31 188.69 416.77 187.35 452.94 ship 0 0.989027 votes=1
418.63 274.33 419.02 250.15 428.33 250.30 427.94 274.48 ship 0 0.988753 votes=1
140.15 295.04 140.30 265.03 150.12 265.08 149.98 295.09 ship 0 0.988717 votes=1
741.38 497.95 741.78 458.56 755.58 458.70 755.18 498.09 ship 0 0.988539 votes=1
728.91 297.83 729.32 273.05 738.62 273.21 738.20 297.99 ship 0 0.987984 votes=1
321.48 278.28 321.93 312.47 310.16 312.63 309.71 278.44 ship 0 0.987479 votes=1
545.01 432.89 548.03 395.50 560.74 396.53 557.71 433.92 ship 0 0.987323 votes=1
394.09 589.34 395.27 544.55 407.92 544.88 406.74 589.67 ship 0 0.987254 votes=1
390.11 274.27 390.23 245.30 400.23 245.34 400.10 274.31 ship 0 0.986613 votes=1
583.19 606.21 583.31 565.05 596.08 565.08 595.97 606.25 ship 0 0.986503 votes=1
542.16 671.00 547.26 615.53 560.29 616.72 555.20 672.20 ship 0 0.986372 votes=1
296.59 644.07 296.78 600.61 310.31 600.67 310.13 644.13 ship 0 0.985993 votes=1
142.10 643.31 142.14 589.89 156.97 589.90 156.93 643.32 ship 0 0.985560 votes=1
134.94 416.10 135.05 444.51 125.66 444.55 125.55 416.14 ship 0 0.985053 votes=1
438.04 608.48 438.34 659.63 424.41 659.72 424.10 608.56 ship 0 0.983598 votes=1
58.00 227.87 58.01 288.07 40.99 288.08 40.97 227.88 ship 0 0.983204 votes=1
757.49 300.31 758.73 274.81 767.71 275.25 766.48 300.74 ship 0 0.982735 votes=1
81.85 295.12 86.43 261.55 97.01 262.99 92.43 296.57 ship 0 0.981712 votes=1
772.91 342.00 774.18 306.78 790.25 307.36 788.98 342.58 ship 0 0.980967 votes=1
713.91 573.61 714.13 615.32 694.04 615.43 693.81 573.72 ship 0 0.979633 votes=1
140.48 452.12 141.51 415.64 153.64 415.98 152.61 452.46 ship 0 0.977091 votes=1
276.50 635.06 278.03 601.71 289.25 602.23 287.72 635.58 ship 0 0.974591 votes=1
57.31 531.67 57.46 569.89 45.89 569.93 45.74 531.71 ship 0 0.974109 votes=1
439.20 273.89 439.75 250.65 448.89 250.87 448.34 274.10 ship 0 0.972494 votes=1
87.74 166.31 88.31 132.26 101.07 132.47 100.50 166.52 ship 0 0.962898 votes=1
65.07 568.83 67.28 535.13 82.91 536.16 80.70 569.85 ship 0 0.955768 votes=1
787.17 459.19 787.73 501.27 763.35 501.60 762.78 459.52 ship 0 0.946948 votes=1
28.52 531.88 705.04 564.94 699.82 671.82 23.30 638.76 harbor 0 0.946757 votes=1
354.62 588.72 363.80 548.18 377.27 551.23 368.10 591.77 ship 0 0.945641 votes=1
428.82 420.17 430.45 385.79 451.81 386.80 450.18 421.18 ship 0 0.929264 votes=1
53.52 444.44 54.17 408.76 65.97 408.98 65.31 444.66 ship 0 0.908518 votes=1
97.28 452.56 98.35 416.31 111.08 416.68 110.02 452.93 ship 0 0.890060 votes=1
55.95 369.32 514.73 395.80 510.31 472.33 51.53 445.85 harbor 0 0.876816 votes=1
570.68 136.96 605.11 137.03 605.06 158.02 570.64 157.94 ship 0 0.865112 votes=1
55.40 224.41 786.13 269.11 781.74 340.85 51.01 296.15 harbor 0 0.805679 votes=1
54.74 108.64 723.66 146.67 720.35 204.79 51.44 166.77 harbor 0 0.738342 votes=1
94.86 102.52 126.40 103.42 125.76 125.70 94.22 124.80 ship 0 0.692031 votes=1
