674.52 401.81 755.10 397.13 756.66 423.97 676.08 428.64 ship 0 0.999444 votes=1
577.15 612.78 647.47 614.59 646.82 639.94 576.49 638.13 ship 0 0.999420 votes=1
579.92 225.98 645.80 224.90 646.15 246.71 580.28 247.79 ship 0 0.999403 votes=1
407.81 368.34 480.16 368.47 480.12 390.00 407.77 389.87 ship 0 0.999385 votes=1
668.83 684.42 736.13 680.99 737.31 704.24 670.01 707.67 ship 0 0.999364 votes=1
676.58 434.64 749.70 434.97 749.58 461.77 676.45 461.44 ship 0 0.999352 votes=1
581.71 262.33 644.76 262.35 644.75 283.00 581.70 282.99 ship 0 0.999337 votes=1
406.76 399.26 475.62 400.65 475.16 423.36 406.31 421.98 ship 0 0.999330 votes=1
579.25 367.78 648.16 368.25 648.01 390.34 579.10 389.88 ship 0 0.999321 votes=1
674.60 543.48 748.56 542.91 748.74 566.79 674.79 567.35 ship 0 0.999319 votes=1
679.85 259.29 742.83 260.08 742.56 282.13 679.58 281.34 ship 0 0.999302 votes=1
183.30 612.24 232.35 609.55 233.30 626.82 184.25 629.51 ship 0 0.999294 votes=1
678.94 294.33 747.33 295.27 747.01 318.61 678.62 317.67 ship 0 0.999285 votes=1
407.27 616.14 479.06 610.15 480.95 632.77 409.15 638.76 ship 0 0.999273 votes=1
574.32 438.40 644.83 438.72 644.72 462.92 574.21 462.60 ship 0 0.999206 votes=1
409.88 437.90 473.05 438.85 472.71 461.55 409.54 460.61 ship 0 0.999193 votes=1
418.21 580.97 476.75 583.48 475.93 602.52 417.39 600.01 ship 0 0.999146 votes=1
675.43 472.67 752.03 470.44 752.84 498.28 676.24 500.51 ship 0 0.999109 votes=1
179.68 753.81 230.66 753.64 230.71 771.25 179.73 771.42 ship 0 0.999071 votes=1
322.36 401.72 377.66 401.57 377.71 420.44 322.41 420.59 ship 0 0.999063 votes=1
324.68 650.91 378.80 651.40 378.63 669.95 324.51 669.46 ship 0 0.999058 votes=1
671.19 719.33 730.88 717.55 731.40 735.28 671.72 737.06 ship 0 0.999057 votes=1
671.46 646.72 743.79 645.48 744.21 670.04 671.88 671.28 ship 0 0.999050 votes=1
327.56 511.05 378.66 511.18 378.61 529.60 327.51 529.46 ship 0 0.999033 votes=1
414.11 649.24 479.83 650.00 479.58 672.07 413.86 671.31 ship 0 0.999015 votes=1
571.36 683.46 635.93 682.26 636.32 703.62 571.75 704.82 ship 0 0.998971 votes=1
416.35 471.81 475.26 471.75 475.28 490.64 416.36 490.69 ship 0 0.998951 votes=1
323.24 682.59 377.25 680.07 378.05 697.20 324.04 699.71 ship 0 0.998942 votes=1
683.23 332.56 747.31 330.60 747.97 351.95 683.88 353.91 ship 0 0.998864 votes=1
582.22 402.16 641.93 402.10 641.95 422.00 582.24 422.06 ship 0 0.998847 votes=1
412.30 682.59 474.77 681.74 475.04 701.59 412.57 702.44 ship 0 0.998780 votes=1
327.97 760.17 381.91 759.88 382.01 778.90 328.08 779.19 ship 0 0.998760 votes=1
408.88 329.37 468.62 329.94 468.41 351.71 408.67 351.14 ship 0 0.998737 votes=1
325.70 443.01 382.92 444.11 382.57 462.24 325.35 461.14 ship 0 0.998719 votes=1
579.74 513.74 639.32 513.66 639.34 532.51 579.76 532.59 ship 0 0.998715 votes=1
409.25 722.39 468.88 724.15 468.32 743.26 408.69 741.50 ship 0 0.998683 votes=1
99.94 728.83 139.71 728.78 139.74 745.62 99.97 745.67 ship 0 0.998610 votes=1
412.69 507.53 478.95 508.30 478.69 530.53 412.44 529.76 ship 0 0.998590 votes=1
671.69 164.82 756.42 166.55 755.83 195.50 671.10 193.77 ship 0 0.998564 votes=1
323.23 471.59 377.08 473.06 376.59 490.88 322.74 489.41 ship 0 0.998548 votes=1
103.64 677.40 143.04 676.32 143.48 692.54 104.09 693.62 ship 0 0.998481 votes=1
314.33 724.01 370.47 724.30 370.38 741.69 314.24 741.40 ship 0 0.998433 votes=1
328.58 541.31 382.80 542.66 382.32 561.63 328.10 560.28 ship 0 0.998009 votes=1
181.89 653.31 237.33 654.96 236.78 673.38 181.34 671.73 ship 0 0.997997 votes=1
680.18 616.08 742.89 618.57 741.95 642.27 679.24 639.78 ship 0 0.997955 votes=1
322.83 611.71 375.61 612.01 375.51 629.66 322.73 629.36 ship 0 0.997941 votes=1
581.57 332.39 638.72 331.89 638.88 350.34 581.73 350.84 ship 0 0.997886 votes=1
181.10 726.53 230.07 727.27 229.83 743.03 180.86 742.30 ship 0 0.997846 votes=1
414.24 758.35 472.87 755.38 473.88 775.40 415.26 778.37 ship 0 0.997764 votes=1
106.63 707.67 142.00 708.39 141.72 722.29 106.34 721.57 ship 0 0.997448 votes=1
175.56 678.99 232.99 684.11 231.41 701.76 173.99 696.64 ship 0 0.997333 votes=1
104.40 623.63 141.85 623.29 142.00 640.51 104.56 640.84 ship 0 0.995549 votes=1
584.20 297.35 645.44 299.50 644.71 320.34 583.47 318.20 ship 0 0.995053 votes=1
91.28 756.53 132.13 757.81 131.64 773.23 90.79 771.94 ship 0 0.991837 votes=1
755.63 131.51 758.76 775.65 576.21 776.53 573.08 132.40 harbor 0 0.981264 votes=1
93.05 776.51 94.90 527.18 236.59 528.22 234.75 777.55 harbor 0 0.979132 votes=1
321.02 779.98 323.04 325.47 477.15 326.15 475.14 780.67 harbor 0 0.959466 votes=1
