407.32 559.61 420.33 585.64 414.39 588.61 401.38 562.58 vehicle 0 0.991923 votes=1
98.65 459.79 664.90 441.29 673.80 713.79 107.55 732.29 Expressway-Service-area 0 0.991577 votes=1
393.22 563.96 404.98 589.84 399.45 592.35 387.69 566.47 vehicle 0 0.991264 votes=1
531.53 241.54 545.35 262.52 540.30 265.85 526.47 244.87 vehicle 0 0.982878 votes=1
49.73 99.56 737.68 74.80 747.78 355.49 59.83 380.25 Expressway-Service-area 0 0.977656 votes=1
314.97 315.88 342.02 314.64 342.39 322.52 315.33 323.76 vehicle 0 0.973255 votes=1
274.91 298.89 299.93 293.63 301.17 299.51 276.14 304.77 vehicle 0 0.972624 votes=1
722.53 530.30 734.73 559.97 729.09 562.29 716.90 532.61 vehicle 0 0.970769 votes=1
564.73 237.16 578.56 261.44 573.02 264.59 559.20 240.31 vehicle 0 0.949270 votes=1
270.57 469.80 297.21 468.76 297.49 475.97 270.85 477.01 vehicle 0 0.920975 votes=1
277.39 350.76 305.48 350.53 305.53 357.06 277.45 357.30 vehicle 0 0.920413 votes=1
600.97 232.73 616.45 258.55 611.10 261.76 595.62 235.93 vehicle 0 0.906729 votes=1
543.32 325.34 570.80 323.81 571.19 330.75 543.70 332.28 vehicle 0 0.896112 votes=1
545.39 236.68 559.90 254.85 554.96 258.80 540.44 240.63 vehicle 0 0.895756 votes=1
307.01 575.10 317.23 589.61 312.19 593.15 301.98 578.65 vehicle 0 0.892776 votes=1
661.87 435.19 691.11 434.04 691.42 441.79 662.17 442.95 vehicle 0 0.807629 votes=1
635.39 308.28 662.40 309.85 661.98 317.08 634.97 315.51 vehicle 0 0.804134 votes=1
635.47 298.99 662.51 302.16 661.63 309.65 634.59 306.48 vehicle 0 0.785535 votes=1
276.23 342.05 301.90 340.50 302.41 348.91 276.73 350.45 vehicle 0 0.747017 votes=1
700.63 434.83 727.49 431.63 728.19 437.45 701.32 440.65 vehicle 0 0.735300 votes=1
542.58 315.87 569.99 316.96 569.68 324.67 542.27 323.58 vehicle 0 0.661009 votes=1
