641.41 439.08 641.60 360.42 684.26 360.52 684.07 439.18 basketballcourt 0 0.999032 votes=1
625.90 358.42 626.37 438.64 583.39 438.90 582.92 358.67 basketballcourt 0 0.998867 votes=1
580.91 520.52 582.20 447.71 628.51 448.53 627.22 521.34 basketballcourt 0 0.998664 votes=1
567.75 361.35 567.77 440.48 525.40 440.50 525.38 361.36 basketballcourt 0 0.998465 votes=1
639.69 192.80 640.57 105.38 681.42 105.79 680.54 193.21 tenniscourt 0 0.998338 votes=1
684.79 448.41 685.01 518.78 642.69 518.91 642.48 448.54 basketballcourt 0 0.998332 votes=1
639.28 321.25 640.90 234.65 681.68 235.41 680.06 322.01 tenniscourt 0 0.998306 votes=1
134.61 702.57 140.24 83.49 470.22 86.49 464.60 705.57 groundtrackfield 0 0.998271 votes=1
583.97 193.14 584.74 105.04 624.84 105.39 624.08 193.49 tenniscourt 0 0.998187 votes=1
528.11 192.45 528.83 106.31 569.67 106.66 568.95 192.80 tenniscourt 0 0.998180 votes=1
528.50 321.86 528.82 235.68 569.61 235.83 569.29 322.01 tenniscourt 0 0.998055 votes=1
583.39 321.45 584.94 234.41 625.32 235.12 623.77 322.17 tenniscourt 0 0.997935 votes=1
567.63 448.70 568.96 520.95 527.10 521.72 525.77 449.47 basketballcourt 0 0.997389 votes=1
