375.74 231.23 376.48 279.30 358.92 279.58 358.18 231.50 ship 0 0.999434 votes=1
255.47 222.75 255.82 165.70 275.65 165.82 275.31 222.87 ship 0 0.999347 votes=1
275.81 237.16 276.34 294.11 255.22 294.31 254.69 237.36 ship 0 0.999256 votes=1
443.08 231.96 443.26 277.20 427.91 277.26 427.74 232.02 ship 0 0.999230 votes=1
614.19 88.47 614.33 55.96 627.57 56.01 627.43 88.53 ship 0 0.999053 votes=1
173.25 286.36 175.55 234.16 196.34 235.07 194.05 287.28 ship 0 0.999014 votes=1
351.86 10.67 351.96 48.19 338.01 48.22 337.91 10.71 ship 0 0.998997 votes=1
285.97 221.78 286.21 172.10 305.47 172.19 305.24 221.88 ship 0 0.998968 votes=1
199.87 221.19 200.62 167.81 220.81 168.09 220.07 221.47 ship 0 0.998934 votes=1
172.83 436.60 172.95 405.82 186.55 405.87 186.42 436.66 ship 0 0.998928 votes=1
142.52 405.24 142.77 443.89 126.96 443.99 126.71 405.34 ship 0 0.998908 votes=1
428.44 220.97 428.46 174.64 445.73 174.64 445.71 220.98 ship 0 0.998904 votes=1
138.14 358.09 138.29 397.82 123.63 397.87 123.47 358.15 ship 0 0.998848 votes=1
257.10 405.39 257.20 437.33 245.45 437.37 245.35 405.43 ship 0 0.998812 votes=1
484.38 185.30 484.39 221.75 470.27 221.75 470.26 185.30 ship 0 0.998785 votes=1
463.94 92.22 464.10 58.89 477.51 58.95 477.35 92.29 ship 0 0.998764 votes=1
507.00 185.39 507.02 217.77 492.79 217.78 492.77 185.40 ship 0 0.998763 votes=1
325.06 233.06 325.70 280.15 308.69 280.38 308.05 233.30 ship 0 0.998716 votes=1
248.57 164.84 249.27 222.64 227.42 222.91 226.72 165.10 ship 0 0.998713 votes=1
304.20 7.66 304.50 48.08 286.92 48.20 286.62 7.79 ship 0 0.998704 votes=1
80.70 447.16 81.13 405.62 97.82 405.79 97.38 447.33 ship 0 0.998638 votes=1
301.00 58.29 301.51 100.84 285.95 101.02 285.44 58.47 ship 0 0.998635 votes=1
405.76 220.56 405.84 177.71 423.82 177.75 423.73 220.60 ship 0 0.998624 votes=1
313.55 48.22 313.83 9.51 329.36 9.62 329.08 48.33 ship 0 0.998623 votes=1
95.43 359.16 95.56 399.44 80.29 399.50 80.15 359.21 ship 0 0.998615 votes=1
333.02 403.01 333.36 437.33 319.42 437.46 319.09 403.15 ship 0 0.998612 votes=1
353.41 232.34 353.76 288.32 332.85 288.45 332.51 232.47 ship 0 0.998594 votes=1
354.29 162.82 354.47 220.35 334.62 220.42 334.43 162.88 ship 0 0.998577 votes=1
459.23 12.66 459.34 46.67 445.45 46.71 445.33 12.71 ship 0 0.998563 votes=1
355.28 431.24 355.31 401.83 368.51 401.85 368.48 431.25 ship 0 0.998437 votes=1
276.86 403.74 276.97 438.85 263.92 438.89 263.81 403.78 ship 0 0.998401 votes=1
293.17 403.15 293.61 433.15 281.51 433.32 281.08 403.33 ship 0 0.998373 votes=1
723.26 269.82 747.21 270.36 746.99 280.17 723.04 279.62 vehicle 0 0.998295 votes=1
496.52 350.16 496.72 386.25 482.64 386.33 482.44 350.24 ship 0 0.998270 votes=1
588.75 264.32 590.28 229.13 603.46 229.70 601.93 264.89 ship 0 0.998207 votes=1
480.82 42.73 480.89 11.51 494.25 11.54 494.18 42.76 ship 0 0.998153 votes=1
337.57 432.92 337.99 401.47 350.56 401.63 350.14 433.08 ship 0 0.998108 votes=1
470.89 264.51 470.90 233.92 483.43 233.92 483.43 264.51 ship 0 0.997934 votes=1
162.62 406.39 165.90 446.92 150.46 448.16 147.19 407.64 ship 0 0.997926 votes=1
327.47 63.72 327.84 103.83 313.41 103.96 313.05 63.86 ship 0 0.997924 votes=1
280.13 59.92 280.39 93.33 267.34 93.43 267.09 60.02 ship 0 0.997885 votes=1
584.60 229.56 584.87 261.90 572.33 262.01 572.07 229.67 ship 0 0.997868 votes=1
647.45 89.54 648.23 57.38 661.52 57.71 660.74 89.86 ship 0 0.997840 votes=1
526.09 388.22 526.40 357.09 539.59 357.22 539.27 388.35 ship 0 0.997810 votes=1
459.40 61.59 459.55 101.83 445.05 101.88 444.90 61.64 ship 0 0.997772 votes=1
521.72 49.11 521.75 14.11 534.10 14.12 534.08 49.12 ship 0 0.997757 votes=1
514.33 263.33 514.58 231.36 526.88 231.45 526.64 263.42 ship 0 0.997711 votes=1
516.42 10.11 516.55 45.49 502.85 45.54 502.72 10.16 ship 0 0.997678 votes=1
554.98 222.45 555.26 187.50 569.19 187.61 568.91 222.56 ship 0 0.997576 votes=1
160.43 364.23 161.23 397.75 147.71 398.08 146.91 364.55 ship 0 0.997550 votes=1
249.12 237.04 250.49 281.73 231.99 282.30 230.62 237.60 ship 0 0.997548 votes=1
650.71 14.95 651.36 46.62 638.55 46.89 637.90 15.21 ship 0 0.997402 votes=1
535.63 54.37 535.70 86.05 522.64 86.08 522.57 54.40 ship 0 0.997320 votes=1
465.84 232.80 466.51 277.42 450.29 277.66 449.62 233.05 ship 0 0.997265 votes=1
530.80 185.01 531.04 221.00 515.44 221.11 515.20 185.11 ship 0 0.997114 votes=1
551.36 188.18 551.43 221.71 537.19 221.74 537.11 188.21 ship 0 0.997109 votes=1
492.02 265.70 492.20 233.35 504.54 233.42 504.36 265.77 ship 0 0.996960 votes=1
193.95 171.96 194.03 224.07 175.92 224.10 175.84 171.99 ship 0 0.996921 votes=1
639.10 191.98 639.26 220.43 627.29 220.50 627.13 192.05 ship 0 0.996800 votes=1
519.07 356.51 519.85 388.31 505.96 388.65 505.18 356.85 ship 0 0.996739 votes=1
573.13 57.83 573.38 90.78 560.03 90.89 559.77 57.93 ship 0 0.996691 votes=1
223.41 404.92 224.16 435.91 210.75 436.23 210.00 405.25 ship 0 0.996603 votes=1
279.97 5.22 281.97 50.96 264.49 51.72 262.49 5.98 ship 0 0.996521 votes=1
220.30 232.17 220.79 284.37 200.57 284.56 200.09 232.35 ship 0 0.996498 votes=1
571.73 13.90 572.74 42.78 560.93 43.19 559.92 14.31 ship 0 0.996435 votes=1
311.92 403.62 312.42 430.03 300.77 430.25 300.27 403.84 ship 0 0.996338 votes=1
503.69 84.84 503.71 55.06 516.22 55.07 516.20 84.84 ship 0 0.996253 votes=1
552.63 15.03 553.77 47.40 541.44 47.83 540.30 15.46 ship 0 0.996148 votes=1
620.78 190.09 620.93 220.21 608.20 220.27 608.04 190.15 ship 0 0.996050 votes=1
464.70 188.24 465.76 217.56 452.55 218.03 451.49 188.71 ship 0 0.993755 votes=1
608.78 258.95 609.18 230.39 621.36 230.56 620.96 259.12 ship 0 0.993663 votes=1
611.28 15.61 611.64 45.16 599.87 45.30 599.51 15.76 ship 0 0.993469 votes=1
601.62 194.52 601.85 219.35 591.61 219.45 591.38 194.62 ship 0 0.993448 votes=1
736.87 85.75 760.42 86.77 759.94 97.87 736.39 96.85 vehicle 0 0.992788 votes=1
657.52 47.57 657.70 18.81 669.07 18.88 668.89 47.64 ship 0 0.992759 votes=1
589.75 12.95 590.20 42.72 578.79 42.89 578.34 13.12 ship 0 0.992645 votes=1
597.20 87.22 597.43 58.19 609.50 58.29 609.27 87.32 ship 0 0.992484 votes=1
676.20 230.53 676.31 259.61 664.52 259.65 664.42 230.57 ship 0 0.991841 votes=1
687.88 17.42 688.77 47.88 676.30 48.25 675.41 17.79 ship 0 0.990634 votes=1
543.56 83.81 543.99 60.42 554.16 60.61 553.73 84.00 ship 0 0.990583 votes=1
566.05 234.51 566.53 261.50 555.34 261.70 554.87 234.70 ship 0 0.989775 votes=1
774.51 33.15 787.28 45.65 781.38 51.68 768.61 39.18 vehicle 0 0.988303 votes=1
656.68 195.41 657.15 222.24 645.67 222.44 645.20 195.61 ship 0 0.988161 votes=1
742.22 60.32 763.86 60.04 763.99 69.88 742.35 70.16 vehicle 0 0.971877 votes=1
654.04 359.94 654.61 386.90 643.41 387.14 642.85 360.17 ship 0 0.967100 votes=1
179.06 175.77 706.81 174.70 707.02 277.91 179.27 278.98 harbor 0 0.965708 votes=1
263.17 14.13 724.28 11.80 724.68 90.17 263.57 92.49 harbor 0 0.964517 votes=1
83.14 360.00 688.37 346.29 690.27 429.88 85.03 443.59 harbor 0 0.961492 votes=1
730.33 186.93 752.68 185.86 753.11 194.82 730.76 195.90 vehicle 0 0.925825 votes=1
