574.69 644.87 579.33 716.10 556.50 717.59 551.87 646.35 ship 0 0.999397 votes=1
188.97 239.31 252.78 235.33 254.08 256.10 190.27 260.07 ship 0 0.999314 votes=1
601.73 662.53 602.33 712.98 584.11 713.19 583.51 662.75 ship 0 0.999254 votes=1
403.19 460.41 432.70 511.83 415.75 521.56 386.24 470.14 ship 0 0.999252 votes=1
404.56 373.33 432.79 418.38 417.15 428.18 388.91 383.14 ship 0 0.999128 votes=1
268.50 234.64 319.37 228.93 321.36 246.67 270.49 252.37 ship 0 0.999089 votes=1
262.80 264.89 327.76 262.14 328.65 283.02 263.69 285.77 ship 0 0.999072 votes=1
358.07 407.87 387.81 449.40 373.50 459.65 343.76 418.13 ship 0 0.998990 votes=1
269.23 162.56 310.67 162.10 310.84 177.62 269.40 178.08 ship 0 0.998964 votes=1
266.27 208.57 314.48 205.18 315.69 222.50 267.49 225.89 ship 0 0.998928 votes=1
192.71 214.68 247.38 212.78 248.03 231.46 193.37 233.36 ship 0 0.998833 votes=1
379.81 382.52 413.84 430.94 397.99 442.07 363.96 393.65 ship 0 0.998770 votes=1
576.40 737.90 578.41 785.64 560.72 786.39 558.72 738.64 ship 0 0.998752 votes=1
642.76 673.99 643.95 711.48 630.63 711.91 629.44 674.41 ship 0 0.998691 votes=1
436.68 339.72 465.77 392.44 449.52 401.40 420.44 348.68 ship 0 0.998685 votes=1
476.38 327.07 501.89 370.44 487.18 379.10 461.66 335.73 ship 0 0.998673 votes=1
544.81 650.39 549.56 720.13 527.43 721.64 522.68 651.90 ship 0 0.998622 votes=1
423.59 445.63 461.50 503.26 444.13 514.69 406.22 457.06 ship 0 0.998309 votes=1
261.46 122.34 302.16 119.57 303.10 133.51 262.41 136.28 ship 0 0.998128 votes=1
443.77 431.65 474.68 486.43 457.93 495.88 427.02 441.11 ship 0 0.997894 votes=1
480.43 409.63 502.82 450.52 490.04 457.52 467.65 416.63 ship 0 0.997730 votes=1
497.36 323.42 517.86 360.51 504.77 367.74 484.27 330.66 ship 0 0.997507 votes=1
530.10 303.49 549.91 334.51 538.41 341.86 518.60 310.84 ship 0 0.996660 votes=1
495.70 397.21 525.35 443.57 512.55 451.75 482.91 405.39 ship 0 0.996212 votes=1
209.82 170.69 244.05 168.29 245.08 182.99 210.85 185.39 ship 0 0.995979 votes=1
194.02 275.35 257.47 273.45 258.53 308.79 195.08 310.69 ship 0 0.995405 votes=1
337.22 431.23 660.70 207.50 721.71 295.71 398.23 519.44 harbor 0 0.965135 votes=1
657.42 286.08 667.02 299.82 660.27 304.53 650.68 290.79 ship 0 0.944945 votes=1
292.46 13.13 310.12 270.04 217.85 276.38 200.18 19.47 harbor 0 0.931948 votes=1
670.45 724.38 687.39 726.27 686.38 735.35 669.44 733.46 ship 0 0.903039 votes=1
477.51 693.55 764.92 674.75 769.57 745.85 482.16 764.65 harbor 0 0.864790 votes=1
