236.29 423.26 666.27 411.49 671.60 605.86 241.62 617.64 Expressway-Service-area 0 0.998403 votes=1
203.40 151.68 647.97 141.54 652.50 340.19 207.93 350.33 Expressway-Service-area 0 0.996789 votes=1
442.57 350.77 444.16 410.85 435.13 411.09 433.53 351.01 overpass 0 0.976578 votes=1
476.24 267.14 506.23 265.74 506.54 272.36 476.55 273.75 vehicle 0 0.973969 votes=1
451.21 222.76 471.96 223.16 471.85 228.69 451.10 228.29 vehicle 0 0.954307 votes=1
533.43 487.22 550.43 477.56 553.18 482.42 536.18 492.07 vehicle 0 0.901282 votes=1
443.00 268.13 473.24 268.93 473.04 276.66 442.80 275.87 vehicle 0 0.892235 votes=1
370.21 271.15 397.74 270.99 397.79 279.54 370.26 279.70 vehicle 0 0.883045 votes=1
442.52 281.55 470.09 280.85 470.27 287.86 442.70 288.56 vehicle 0 0.849843 votes=1
486.89 278.24 514.86 278.05 514.91 285.02 486.94 285.20 vehicle 0 0.821124 votes=1
