222.98 361.72 307.30 362.74 306.51 427.64 222.19 426.62 storagetank 0 0.999144 votes=1
323.97 320.62 473.66 319.60 474.68 467.80 324.98 468.83 storagetank 0 0.998480 votes=1
333.91 119.27 468.13 120.37 467.15 239.56 332.93 238.45 storagetank 0 0.998130 votes=1
494.51 122.41 658.60 122.32 658.68 267.84 494.59 267.92 storagetank 0 0.998045 votes=1
85.24 584.57 294.00 588.86 290.02 782.55 81.26 778.26 storagetank 0 0.997868 votes=1
60.72 323.57 213.04 329.33 207.53 475.08 55.20 469.32 storagetank 0 0.997634 votes=1
388.57 578.97 597.99 580.48 596.58 775.17 387.17 773.65 storagetank 0 0.997281 votes=1
64.25 207.27 120.64 207.67 120.27 260.81 63.88 260.42 storagetank 0 0.996895 votes=1
499.12 317.88 657.77 318.52 657.18 465.37 498.53 464.73 storagetank 0 0.996715 votes=1
138.29 209.08 199.00 209.36 198.77 260.44 138.06 260.16 storagetank 0 0.993931 votes=1
221.28 208.47 279.18 210.72 277.12 263.60 219.22 261.35 storagetank 0 0.991311 votes=1
