33.81 245.20 95.94 242.08 96.96 262.33 34.83 265.44 ship 0 0.999410 votes=1
40.16 212.96 98.23 213.97 97.88 234.26 39.80 233.25 ship 0 0.999382 votes=1
42.66 182.22 99.39 183.45 98.92 204.95 42.19 203.72 ship 0 0.999327 votes=1
260.14 70.43 303.03 70.43 303.03 86.63 260.14 86.63 ship 0 0.999323 votes=1
121.53 61.24 173.26 58.35 174.32 77.37 122.60 80.26 ship 0 0.999311 votes=1
318.94 279.34 377.02 277.52 377.57 295.21 319.50 297.03 ship 0 0.999300 votes=1
31.33 420.18 96.37 416.93 97.47 438.96 32.43 442.21 ship 0 0.999294 votes=1
37.88 392.13 97.16 393.25 96.77 413.58 37.49 412.46 ship 0 0.999215 votes=1
116.25 348.73 179.84 350.88 179.17 370.62 115.58 368.47 ship 0 0.999188 votes=1
252.18 278.96 298.15 278.12 298.44 293.42 252.46 294.26 ship 0 0.999180 votes=1
247.54 37.41 305.19 38.25 304.91 57.31 247.26 56.47 ship 0 0.999177 votes=1
246.00 455.30 296.83 460.35 294.82 480.56 243.99 475.51 ship 0 0.999155 votes=1
323.58 11.68 370.23 12.72 369.90 27.65 323.24 26.61 ship 0 0.999151 votes=1
691.16 463.61 742.79 463.80 742.73 480.53 691.10 480.35 ship 0 0.999123 votes=1
318.12 248.16 374.31 246.95 374.73 266.38 318.54 267.60 ship 0 0.999108 votes=1
249.91 103.11 302.35 100.34 303.36 119.66 250.93 122.43 ship 0 0.999101 votes=1
49.47 152.98 102.02 154.50 101.46 174.15 48.91 172.63 ship 0 0.999068 votes=1
121.12 402.56 173.21 402.51 173.23 422.34 121.14 422.39 ship 0 0.998956 votes=1
315.86 457.08 378.58 456.32 378.82 476.60 316.10 477.36 ship 0 0.998948 votes=1
121.74 84.18 180.19 84.58 180.04 106.49 121.59 106.09 ship 0 0.998942 votes=1
627.46 260.00 670.35 259.25 670.62 274.31 627.72 275.06 ship 0 0.998938 votes=1
114.35 377.82 178.04 375.82 178.66 395.76 114.97 397.75 ship 0 0.998925 votes=1
688.52 342.57 735.43 344.90 734.64 360.78 687.73 358.45 ship 0 0.998889 votes=1
687.40 365.89 735.10 365.57 735.21 381.02 687.50 381.33 ship 0 0.998867 votes=1
120.95 429.14 171.86 429.62 171.70 446.32 120.79 445.84 ship 0 0.998860 votes=1
35.04 357.04 93.19 358.14 92.83 377.44 34.68 376.33 ship 0 0.998828 votes=1
320.81 190.53 369.06 192.76 368.39 207.47 320.13 205.25 ship 0 0.998828 votes=1
243.12 158.35 299.24 157.30 299.59 175.93 243.46 176.97 ship 0 0.998825 votes=1
246.89 219.91 300.44 219.50 300.57 235.88 247.02 236.29 ship 0 0.998789 votes=1
700.72 40.52 748.66 42.37 747.99 59.78 700.05 57.93 ship 0 0.998787 votes=1
444.47 419.87 485.70 420.11 485.61 435.78 444.38 435.54 ship 0 0.998701 votes=1
250.09 366.78 298.99 367.46 298.74 384.89 249.85 384.21 ship 0 0.998672 votes=1
448.33 86.33 490.16 86.65 490.04 102.29 448.21 101.97 ship 0 0.998659 votes=1
118.44 165.54 181.90 168.31 181.06 187.69 117.60 184.92 ship 0 0.998651 votes=1
453.67 218.73 491.98 219.50 491.69 233.90 453.38 233.13 ship 0 0.998631 votes=1
630.74 281.67 671.03 282.55 670.74 295.86 630.45 294.99 ship 0 0.998609 votes=1
125.86 113.66 169.71 112.77 170.03 128.42 126.18 129.31 ship 0 0.998577 votes=1
694.80 412.02 743.03 412.28 742.95 428.42 694.71 428.16 ship 0 0.998512 votes=1
323.24 336.26 372.11 344.26 369.28 361.56 320.41 353.56 ship 0 0.998500 votes=1
247.17 425.03 297.05 429.77 295.35 447.58 245.48 442.84 ship 0 0.998430 votes=1
256.68 9.85 300.05 9.34 300.24 25.25 256.87 25.77 ship 0 0.998427 votes=1
320.06 131.62 370.19 132.46 369.90 149.78 319.77 148.95 ship 0 0.998412 votes=1
508.77 332.20 556.42 333.20 556.10 348.33 508.45 347.33 ship 0 0.998391 votes=1
66.80 23.72 104.33 27.43 102.87 42.13 65.34 38.43 ship 0 0.998365 votes=1
630.20 179.99 673.28 179.73 673.38 196.47 630.30 196.72 ship 0 0.998349 votes=1
633.23 142.75 675.42 140.39 676.25 155.10 634.06 157.46 ship 0 0.998348 votes=1
446.63 260.51 490.84 261.05 490.64 277.92 446.43 277.38 ship 0 0.998345 votes=1
249.97 307.68 297.48 310.83 296.39 327.40 248.87 324.25 ship 0 0.998315 votes=1
42.19 453.71 96.25 453.32 96.40 473.20 42.34 473.59 ship 0 0.998275 votes=1
322.72 71.46 361.83 71.77 361.71 86.23 322.60 85.92 ship 0 0.998204 votes=1
512.53 399.83 554.45 399.84 554.45 413.74 512.52 413.73 ship 0 0.998183 votes=1
316.36 218.14 368.98 220.07 368.44 234.88 315.82 232.95 ship 0 0.998177 votes=1
442.46 394.92 490.06 395.26 489.94 412.49 442.34 412.16 ship 0 0.998158 votes=1
633.26 60.59 675.04 59.99 675.27 75.83 633.49 76.43 ship 0 0.998158 votes=1
240.17 245.58 301.79 245.82 301.72 265.63 240.09 265.39 ship 0 0.998138 votes=1
624.35 320.16 668.87 320.16 668.87 335.53 624.35 335.52 ship 0 0.998100 votes=1
694.92 202.87 746.17 202.98 746.14 220.56 694.88 220.45 ship 0 0.998089 votes=1
688.25 389.50 740.30 389.84 740.19 406.67 688.14 406.34 ship 0 0.997969 votes=1
624.06 300.95 672.88 300.45 673.03 314.90 624.20 315.40 ship 0 0.997945 votes=1
626.58 200.19 673.25 200.56 673.11 217.22 626.44 216.84 ship 0 0.997929 votes=1
512.23 176.63 549.58 176.45 549.64 190.35 512.30 190.54 ship 0 0.997896 votes=1
455.03 65.59 495.87 70.15 494.23 84.78 453.39 80.21 ship 0 0.997848 votes=1
253.19 130.48 297.06 130.99 296.88 145.95 253.01 145.44 ship 0 0.997846 votes=1
115.77 217.48 174.63 217.61 174.59 236.03 115.73 235.91 ship 0 0.997832 votes=1
622.48 445.95 666.39 445.50 666.54 460.65 622.63 461.10 ship 0 0.997775 votes=1
639.17 43.01 672.76 43.29 672.65 57.26 639.05 56.98 ship 0 0.997744 votes=1
73.70 46.26 104.98 46.26 104.99 58.21 73.70 58.21 ship 0 0.997738 votes=1
40.55 122.30 100.83 123.03 100.57 144.72 40.28 143.99 ship 0 0.997681 votes=1
512.67 375.71 546.59 375.76 546.56 390.40 512.65 390.34 ship 0 0.997680 votes=1
458.08 175.79 489.88 175.88 489.84 189.91 458.04 189.82 ship 0 0.997673 votes=1
45.11 488.67 80.47 486.99 81.15 501.21 45.79 502.89 ship 0 0.997663 votes=1
629.38 240.74 668.33 241.02 668.22 256.29 629.27 256.01 ship 0 0.997642 votes=1
505.57 307.11 555.99 306.73 556.11 323.59 505.70 323.96 ship 0 0.997639 votes=1
515.86 89.41 560.39 88.81 560.58 103.43 516.06 104.03 ship 0 0.997588 votes=1
507.14 286.36 548.88 285.51 549.19 300.89 507.45 301.75 ship 0 0.997511 votes=1
115.72 240.58 178.00 242.62 177.32 263.26 115.05 261.22 ship 0 0.997483 votes=1
513.04 352.08 552.49 352.96 552.15 368.17 512.70 367.29 ship 0 0.997404 votes=1
510.79 262.98 556.99 268.86 555.11 283.68 508.90 277.79 ship 0 0.997394 votes=1
454.43 24.21 494.06 23.61 494.28 38.27 454.65 38.87 ship 0 0.997375 votes=1
447.90 332.53 483.40 332.51 483.41 345.95 447.91 345.97 ship 0 0.997373 votes=1
446.16 132.54 490.77 133.01 490.62 147.72 446.00 147.25 ship 0 0.997370 votes=1
699.36 179.87 748.88 182.00 748.16 198.75 698.63 196.62 ship 0 0.997341 votes=1
629.38 102.59 670.97 100.59 671.74 116.64 630.15 118.64 ship 0 0.997330 votes=1
118.59 492.74 177.30 487.57 179.22 509.34 120.51 514.52 ship 0 0.997118 votes=1
509.81 463.74 552.77 464.24 552.60 478.23 509.64 477.73 ship 0 0.997086 votes=1
689.83 318.01 741.58 318.65 741.37 335.16 689.62 334.52 ship 0 0.997035 votes=1
513.81 220.95 557.87 221.47 557.70 235.88 513.64 235.35 ship 0 0.997034 votes=1
122.02 271.25 170.30 272.94 169.64 292.08 121.35 290.39 ship 0 0.996989 votes=1
689.15 296.33 741.40 295.78 741.57 311.87 689.32 312.43 ship 0 0.996965 votes=1
442.59 375.38 486.37 376.90 485.85 391.88 442.07 390.35 ship 0 0.996865 votes=1
692.67 270.95 743.29 272.23 742.86 289.32 692.24 288.04 ship 0 0.996713 votes=1
695.57 250.34 739.79 251.18 739.49 267.16 695.27 266.32 ship 0 0.996703 votes=1
37.20 333.47 94.61 334.13 94.43 349.95 37.01 349.29 ship 0 0.996694 votes=1
519.06 110.50 560.77 110.54 560.75 126.42 519.05 126.38 ship 0 0.996681 votes=1
118.64 192.93 172.04 193.79 171.75 211.51 118.35 210.65 ship 0 0.996583 votes=1
698.48 495.50 735.27 497.67 734.48 511.10 697.69 508.92 ship 0 0.996459 votes=1
112.78 454.94 171.51 454.19 171.78 475.40 113.04 476.14 ship 0 0.996306 votes=1
691.69 223.99 748.63 226.00 748.03 242.90 691.10 240.89 ship 0 0.996277 votes=1
514.83 198.15 553.02 202.59 551.36 216.89 513.17 212.46 ship 0 0.996074 votes=1
121.76 143.31 169.17 143.95 168.98 158.73 121.56 158.09 ship 0 0.995619 votes=1
448.62 307.60 490.45 308.09 490.26 324.15 448.43 323.66 ship 0 0.995615 votes=1
253.74 190.52 299.24 193.18 298.34 208.62 252.84 205.96 ship 0 0.994585 votes=1
632.47 21.78 678.02 22.57 677.74 38.76 632.19 37.97 ship 0 0.994473 votes=1
628.53 423.99 670.05 421.71 670.89 436.94 629.36 439.22 ship 0 0.994431 votes=1
627.43 341.45 670.95 341.25 671.02 355.99 627.49 356.19 ship 0 0.993674 votes=1
512.15 418.58 547.33 418.50 547.36 432.11 512.18 432.18 ship 0 0.993661 votes=1
252.21 338.05 291.46 339.13 290.98 356.29 251.74 355.21 ship 0 0.993380 votes=1
512.84 66.72 550.99 65.93 551.27 79.75 513.12 80.53 ship 0 0.993296 votes=1
629.19 465.47 665.52 465.26 665.59 478.62 629.26 478.83 ship 0 0.992789 votes=1
324.73 429.09 370.99 433.54 369.43 449.80 323.17 445.36 ship 0 0.992438 votes=1
452.77 196.21 493.36 199.47 492.12 214.88 451.54 211.62 ship 0 0.992375 votes=1
510.79 441.56 549.33 443.04 548.78 457.29 510.25 455.81 ship 0 0.991432 votes=1
460.04 1.41 490.23 1.98 490.00 14.18 459.81 13.60 ship 0 0.990742 votes=1
452.87 286.65 482.27 287.14 482.04 300.75 452.64 300.26 ship 0 0.990592 votes=1
517.76 0.14 551.94 1.22 551.55 13.53 517.37 12.45 ship 0 0.990449 votes=1
447.08 238.50 488.22 243.10 486.53 258.26 445.38 253.66 ship 0 0.986952 votes=1
625.53 404.27 670.44 401.84 671.27 416.98 626.35 419.42 ship 0 0.985780 votes=1
628.74 162.07 674.57 161.37 674.81 177.40 628.99 178.10 ship 0 0.979488 votes=1
70.34 81.89 101.89 83.08 101.45 94.71 69.90 93.52 ship 0 0.969893 votes=1
448.07 491.04 448.98 -9.79 553.24 -9.60 552.33 491.23 harbor 0 0.959476 votes=1
251.11 494.61 255.40 -5.76 366.93 -4.81 362.64 495.57 harbor 0 0.958726 votes=1
627.81 499.11 631.75 1.32 738.87 2.17 734.93 499.96 harbor 0 0.955939 votes=1
47.95 494.59 50.75 7.52 171.83 8.22 169.03 495.29 harbor 0 0.944356 votes=1
515.65 131.43 551.78 132.46 551.37 146.67 515.25 145.64 ship 0 0.772092 votes=1
