363.48 432.86 363.67 375.48 383.10 375.54 382.91 432.92 ship 0 0.999373 votes=1
347.46 215.22 463.02 207.12 465.57 243.51 350.01 251.61 ship 0 0.999290 votes=1
386.99 83.36 443.89 83.08 443.99 103.13 387.09 103.41 ship 0 0.999226 votes=1
464.23 369.04 464.85 434.73 444.56 434.92 443.94 369.24 ship 0 0.999062 votes=1
559.00 703.22 625.85 700.97 626.63 724.09 559.78 726.33 ship 0 0.999024 votes=1
618.41 399.94 682.89 399.08 683.17 419.77 618.68 420.63 ship 0 0.999000 votes=1
502.22 373.39 503.03 433.41 481.21 433.70 480.40 373.68 ship 0 0.998986 votes=1
385.20 167.65 446.53 167.84 446.46 191.05 385.13 190.87 ship 0 0.998940 votes=1
432.01 550.65 469.59 548.88 470.35 565.19 432.78 566.96 ship 0 0.998907 votes=1
657.29 115.56 657.65 72.46 673.50 72.59 673.15 115.68 ship 0 0.998904 votes=1
624.32 377.64 677.68 377.32 677.80 395.92 624.44 396.25 ship 0 0.998866 votes=1
676.36 109.11 676.77 73.12 692.93 73.31 692.52 109.29 ship 0 0.998708 votes=1
637.77 427.23 682.12 426.68 682.33 444.15 637.99 444.70 ship 0 0.998635 votes=1
481.10 163.07 484.02 208.34 465.90 209.51 462.98 164.24 ship 0 0.998474 votes=1
462.05 521.62 501.98 518.52 503.24 534.69 463.31 537.79 ship 0 0.998418 votes=1
571.25 668.52 630.19 669.48 629.90 687.42 570.96 686.46 ship 0 0.998291 votes=1
600.95 168.99 639.10 169.16 639.02 185.46 600.88 185.29 ship 0 0.998203 votes=1
476.96 549.06 517.09 549.46 516.93 566.09 476.79 565.69 ship 0 0.998080 votes=1
571.47 117.64 571.53 80.15 585.92 80.17 585.86 117.66 ship 0 0.997921 votes=1
711.59 64.99 711.79 98.89 697.90 98.97 697.70 65.07 ship 0 0.997774 votes=1
590.90 105.02 590.98 65.74 608.27 65.78 608.20 105.05 ship 0 0.997507 votes=1
634.15 461.41 682.49 460.90 682.67 478.46 634.33 478.97 ship 0 0.997292 votes=1
176.20 27.56 176.83 59.18 163.53 59.44 162.91 27.82 ship 0 0.997255 votes=1
649.77 171.97 688.46 171.05 688.81 185.90 650.13 186.82 ship 0 0.997228 votes=1
466.54 153.32 466.71 120.95 479.77 121.02 479.60 153.39 ship 0 0.997066 votes=1
521.83 69.85 526.35 104.95 510.67 106.97 506.15 71.86 ship 0 0.996561 votes=1
585.92 243.19 630.20 244.11 629.84 261.11 585.56 260.19 ship 0 0.994937 votes=1
181.67 59.61 183.70 23.79 198.49 24.62 196.46 60.45 ship 0 0.994665 votes=1
717.08 4.55 718.24 44.61 702.32 45.07 701.16 5.01 vehicle 0 0.994478 votes=1
557.07 348.97 590.79 348.93 590.81 360.74 557.08 360.78 ship 0 0.993604 votes=1
385.94 346.88 425.85 345.45 426.42 361.58 386.51 363.00 ship 0 0.992432 votes=1
578.33 14.68 579.02 45.96 567.28 46.22 566.60 14.93 vehicle 0 0.983703 votes=1
786.59 63.80 786.78 101.53 772.74 101.60 772.55 63.87 vehicle 0 0.975108 votes=1
547.58 121.23 548.08 67.75 567.25 67.93 566.75 121.41 ship 0 0.972044 votes=1
384.27 360.87 656.18 365.23 655.02 437.71 383.11 433.35 harbor 0 0.951473 votes=1
678.98 255.27 713.00 253.47 713.64 265.49 679.62 267.29 vehicle 0 0.944652 votes=1
586.03 670.41 745.18 658.94 750.67 735.07 591.52 746.54 harbor 0 0.771038 votes=1
475.69 56.30 709.33 54.33 709.79 109.60 476.16 111.57 harbor 0 0.753268 votes=1
338.70 180.29 365.80 180.15 365.86 191.15 338.75 191.30 ship 0 0.701788 votes=1
382.84 204.46 387.22 72.03 481.53 75.15 477.15 207.58 harbor 0 0.655407 votes=1
