678.21 706.31 710.25 629.98 752.70 647.80 720.67 724.13 groundtrackfield 0 0.997461 votes=1
590.12 338.89 605.95 253.27 654.15 262.18 638.31 347.80 groundtrackfield 0 0.996816 votes=1
136.69 594.84 148.16 516.66 191.74 523.05 180.27 601.23 groundtrackfield 0 0.993469 votes=1
313.55 501.91 391.37 528.44 384.56 548.40 306.74 521.87 bridge 0 0.992498 votes=1
600.12 529.58 624.16 518.78 632.97 538.39 608.93 549.19 bridge 0 0.990502 votes=1
343.39 157.59 396.51 178.65 390.95 192.67 337.83 171.61 bridge 0 0.988398 votes=1
566.60 122.69 598.02 92.00 609.31 103.56 577.89 134.25 bridge 0 0.972865 votes=1
658.16 749.83 680.06 738.42 689.13 755.84 667.23 767.25 bridge 0 0.965465 votes=1
129.69 766.54 175.35 773.18 172.93 789.81 127.27 783.18 bridge 0 0.953594 votes=1
161.67 219.09 172.83 200.38 179.37 204.28 168.21 222.99 bridge 0 0.950510 votes=1
272.77 785.68 328.53 793.69 327.64 799.90 271.88 791.89 bridge 0 0.904718 votes=1
531.35 414.25 537.80 445.41 523.25 448.42 516.80 417.26 bridge 0 0.897384 votes=1
497.29 337.05 507.90 395.70 480.70 400.63 470.08 341.97 groundtrackfield 0 0.881483 votes=1
636.72 484.30 661.77 476.52 666.07 490.38 641.02 498.15 groundtrackfield 0 0.777001 votes=1
