351.48 340.60 352.66 261.60 381.65 262.03 380.46 341.04 ship 0 0.999448 votes=1
416.33 260.85 418.02 342.98 390.21 343.55 388.52 261.42 ship 0 0.999429 votes=1
476.98 264.78 477.28 340.19 450.45 340.30 450.15 264.88 ship 0 0.999352 votes=1
79.65 259.99 93.10 184.85 119.85 189.63 106.40 264.78 ship 0 0.999075 votes=1
664.69 429.37 666.19 367.88 688.30 368.41 686.80 429.91 ship 0 0.998888 votes=1
154.87 283.25 173.09 211.90 197.60 218.15 179.38 289.51 ship 0 0.998843 votes=1
537.82 275.36 538.59 344.44 510.60 344.76 509.82 275.68 ship 0 0.998824 votes=1
109.60 267.93 124.18 200.16 149.42 205.59 134.85 273.36 ship 0 0.998730 votes=1
189.04 383.92 203.56 323.23 225.74 328.53 211.23 389.22 ship 0 0.998072 votes=1
257.80 397.75 268.36 347.27 287.31 351.24 276.75 401.72 ship 0 0.996966 votes=1
90.13 220.07 743.48 271.72 715.57 624.84 62.22 573.19 harbor 0 0.926520 votes=1
