210.61 565.17 269.08 530.00 280.02 548.19 221.55 583.36 ship 0 0.998996 votes=1
375.04 416.00 421.18 384.04 431.87 399.47 385.73 431.43 ship 0 0.998953 votes=1
328.22 458.03 365.77 436.32 372.78 448.43 335.23 470.14 ship 0 0.998780 votes=1
109.23 390.75 157.52 367.00 165.42 383.06 117.13 406.81 ship 0 0.998740 votes=1
193.20 539.97 249.39 508.21 259.92 526.83 203.72 558.59 ship 0 0.998479 votes=1
348.43 493.54 387.00 471.36 394.45 484.32 355.88 506.50 ship 0 0.998324 votes=1
400.44 459.20 452.39 428.69 462.43 445.79 410.48 476.30 ship 0 0.998269 votes=1
362.21 509.23 400.64 487.50 408.55 501.48 370.12 523.22 ship 0 0.998179 votes=1
50.62 311.03 116.18 270.81 129.07 291.82 63.51 332.04 ship 0 0.998176 votes=1
263.23 205.80 288.66 248.69 274.43 257.13 249.00 214.24 ship 0 0.998064 votes=1
414.37 483.91 460.01 458.19 467.33 471.18 421.70 496.90 ship 0 0.998013 votes=1
260.25 337.19 293.87 317.53 300.51 328.87 266.88 348.54 ship 0 0.998008 votes=1
320.49 144.09 359.99 119.29 368.54 132.91 329.04 157.71 ship 0 0.997867 votes=1
235.95 302.35 272.68 282.62 280.22 296.67 243.49 316.40 ship 0 0.997843 votes=1
201.13 252.09 238.92 229.53 247.00 243.07 209.21 265.63 ship 0 0.997840 votes=1
331.68 732.62 445.52 664.88 461.06 691.00 347.22 758.74 ship 0 0.997347 votes=1
278.97 371.95 312.47 352.23 318.76 362.92 285.27 382.64 ship 0 0.997197 votes=1
185.22 230.15 225.29 205.05 233.13 217.57 193.06 242.67 ship 0 0.997183 votes=1
246.80 320.40 280.79 301.99 287.11 313.64 253.11 332.05 ship 0 0.997143 votes=1
239.42 618.84 299.64 573.24 312.42 590.11 252.20 635.71 ship 0 0.996746 votes=1
542.91 74.30 590.59 168.23 578.21 174.51 530.52 80.58 vehicle 0 0.996575 votes=1
609.85 473.78 650.68 548.39 625.06 562.40 584.23 487.80 ship 0 0.996371 votes=1
79.34 352.88 105.41 338.88 110.58 348.51 84.52 362.51 ship 0 0.995889 votes=1
366.39 393.02 403.74 367.88 411.96 380.08 374.60 405.22 ship 0 0.995826 votes=1
219.79 286.21 260.26 265.33 266.66 277.73 226.19 298.61 ship 0 0.995050 votes=1
266.45 356.33 306.52 332.10 313.26 343.24 273.18 367.47 ship 0 0.994915 votes=1
372.13 526.89 407.79 506.07 413.99 516.68 378.33 537.51 ship 0 0.994743 votes=1
501.87 284.63 545.02 354.73 524.83 367.16 481.68 297.06 ship 0 0.994608 votes=1
442.71 524.19 494.11 493.92 503.34 509.60 451.95 539.87 ship 0 0.994167 votes=1
291.17 390.14 323.98 371.42 330.22 382.36 297.41 401.07 ship 0 0.993784 votes=1
618.53 456.39 630.37 477.69 622.39 482.13 610.55 460.82 ship 0 0.991126 votes=1
308.47 273.97 329.68 311.19 313.79 320.25 292.58 283.03 ship 0 0.989229 votes=1
296.33 408.51 337.00 383.98 343.43 394.65 302.76 419.17 ship 0 0.986999 votes=1
390.54 439.09 435.61 409.87 444.47 423.53 399.40 452.75 ship 0 0.982569 votes=1
586.53 393.67 602.12 423.73 591.75 429.11 576.16 399.04 ship 0 0.979984 votes=1
314.93 24.95 326.75 42.59 319.24 47.62 307.42 29.98 vehicle 0 0.966514 votes=1
287.82 44.23 297.35 57.39 290.75 62.16 281.23 49.00 vehicle 0 0.953997 votes=1
273.35 154.40 511.68 520.55 412.04 585.41 173.71 219.26 harbor 0 0.952200 votes=1
86.55 221.45 329.45 649.07 258.08 689.62 15.17 262.00 harbor 0 0.951792 votes=1
112.89 662.49 124.10 638.95 135.34 644.30 124.13 667.84 vehicle 0 0.942279 votes=1
358.33 -1.70 369.48 14.96 361.27 20.45 350.12 3.80 vehicle 0 0.925494 votes=1
96.05 365.54 103.23 384.47 95.16 387.53 87.98 368.60 ship 0 0.911987 votes=1
341.21 9.02 351.82 21.69 345.41 27.05 334.81 14.38 vehicle 0 0.859814 votes=1
199.95 571.89 227.24 610.65 218.10 617.07 190.82 578.31 ship 0 0.726599 votes=1
585.71 231.66 734.61 496.09 646.07 545.95 497.18 281.51 harbor 0 0.602024 votes=1
