306.65 133.56 365.35 629.85 113.77 659.61 55.06 163.32 Expressway-Service-area 0 0.998341 votes=1
738.24 116.19 783.84 605.52 533.63 628.84 488.03 139.50 Expressway-Service-area 0 0.997291 votes=1
548.65 424.04 552.36 456.19 544.64 457.08 540.94 424.92 vehicle 0 0.995365 votes=1
545.71 721.78 546.86 763.79 538.40 764.02 537.25 722.01 vehicle 0 0.992408 votes=1
256.56 391.77 271.73 374.00 277.54 378.97 262.37 396.73 vehicle 0 0.990384 votes=1
557.78 520.67 559.84 487.51 568.10 488.03 566.04 521.18 vehicle 0 0.983468 votes=1
439.97 388.45 443.61 433.06 435.02 433.76 431.38 389.15 vehicle 0 0.938044 votes=1
315.89 425.73 321.05 467.89 311.42 469.07 306.26 426.90 vehicle 0 0.913063 votes=1
554.81 410.87 575.74 374.14 582.06 377.74 561.12 414.47 vehicle 0 0.753566 votes=1
543.02 470.53 544.59 499.08 538.46 499.41 536.89 470.87 vehicle 0 0.724027 votes=1
