225.41 525.62 254.24 523.39 255.10 534.45 226.27 536.68 vehicle 0 0.999067 votes=1
636.15 572.29 723.85 238.49 785.38 254.66 697.68 588.46 overpass 0 0.995298 votes=1
614.23 702.90 621.52 683.72 630.70 687.21 623.42 706.38 vehicle 0 0.994440 votes=1
185.46 162.60 209.92 153.21 213.65 162.94 189.20 172.33 vehicle 0 0.994267 votes=1
64.04 74.20 82.60 43.13 92.66 49.14 74.10 80.21 vehicle 0 0.994194 votes=1
718.48 383.08 723.12 363.60 734.07 366.21 729.43 385.68 vehicle 0 0.987859 votes=1
86.89 273.98 108.18 264.83 112.42 274.71 91.13 283.85 vehicle 0 0.987495 votes=1
266.65 107.72 288.21 93.74 293.92 102.54 272.35 116.52 vehicle 0 0.985488 votes=1
16.63 615.48 163.30 374.41 205.80 400.26 59.13 641.34 overpass 0 0.982211 votes=1
21.38 257.19 31.34 276.81 22.71 281.19 12.75 261.57 vehicle 0 0.981332 votes=1
562.77 704.17 583.02 703.85 583.17 712.83 562.91 713.15 vehicle 0 0.967053 votes=1
146.21 203.92 167.96 177.41 177.01 184.83 155.26 211.34 vehicle 0 0.917238 votes=1
135.19 190.67 150.47 213.41 140.96 219.79 125.69 197.05 vehicle 0 0.900232 votes=1
543.28 717.82 565.80 724.32 563.14 733.54 540.62 727.05 vehicle 0 0.779492 votes=1
