770.46 169.20 785.53 220.41 765.90 226.19 750.83 174.97 vehicle 0 0.999447 votes=1
413.85 469.59 416.29 688.05 314.09 689.19 311.65 470.74 tenniscourt 0 0.999414 votes=1
152.86 474.26 153.44 689.25 50.41 689.53 49.83 474.54 tenniscourt 0 0.999393 votes=1
544.53 468.25 548.06 686.39 446.23 688.04 442.70 469.90 tenniscourt 0 0.999387 votes=1
283.02 471.49 284.52 689.19 182.77 689.89 181.26 472.20 tenniscourt 0 0.999366 votes=1
675.99 466.08 679.30 685.70 576.67 687.24 573.36 467.63 tenniscourt 0 0.999363 votes=1
703.94 143.72 723.38 187.91 705.22 195.89 685.78 151.71 vehicle 0 0.998668 votes=1
587.99 222.93 630.36 204.53 638.20 222.60 595.84 241.00 vehicle 0 0.997103 votes=1
558.59 156.68 595.88 140.02 603.72 157.57 566.42 174.22 vehicle 0 0.996999 votes=1
635.18 335.41 672.27 315.70 680.77 331.69 643.68 351.40 vehicle 0 0.996225 votes=1
607.05 271.92 643.24 253.45 651.29 269.21 615.09 287.68 vehicle 0 0.995587 votes=1
