412.43 284.78 412.92 61.11 519.13 61.34 518.64 285.01 tenniscourt 0 0.999464 votes=1
128.92 401.14 129.11 624.25 25.43 624.34 25.24 401.23 tenniscourt 0 0.999462 votes=1
542.64 285.42 542.67 61.19 648.91 61.21 648.89 285.43 tenniscourt 0 0.999447 votes=1
516.69 401.56 516.92 624.92 411.43 625.03 411.20 401.66 tenniscourt 0 0.999432 votes=1
259.10 60.03 259.15 284.52 153.20 284.54 153.15 60.05 tenniscourt 0 0.999420 votes=1
388.71 60.52 389.29 284.48 282.01 284.76 281.42 60.80 tenniscourt 0 0.999412 votes=1
257.83 401.88 257.89 625.80 153.17 625.83 153.11 401.91 tenniscourt 0 0.999408 votes=1
540.82 625.82 541.46 401.74 646.66 402.05 646.02 626.12 tenniscourt 0 0.999399 votes=1
385.86 401.81 387.29 624.20 282.66 624.88 281.23 402.49 tenniscourt 0 0.999375 votes=1
65.12 250.26 107.47 251.31 106.98 271.18 64.63 270.14 vehicle 0 0.998693 votes=1
