418.94 692.70 426.25 722.56 413.99 725.56 406.68 695.70 ship 0 0.997566 votes=1
273.73 262.63 281.89 290.77 271.58 293.76 263.42 265.63 ship 0 0.996712 votes=1
459.57 450.56 464.89 476.19 455.00 478.24 449.68 452.61 ship 0 0.995351 votes=1
528.35 539.78 537.32 573.35 525.22 576.58 516.25 543.01 ship 0 0.994379 votes=1
487.67 664.25 498.71 703.60 485.67 707.26 474.63 667.91 ship 0 0.994113 votes=1
474.75 278.51 481.56 300.57 472.53 303.36 465.72 281.30 ship 0 0.994050 votes=1
372.04 183.36 392.50 176.62 395.06 184.36 374.59 191.11 ship 0 0.993493 votes=1
355.22 393.35 362.41 415.72 353.11 418.70 345.92 396.33 ship 0 0.993207 votes=1
444.34 457.33 448.05 483.26 437.17 484.81 433.46 458.89 ship 0 0.992920 votes=1
414.52 463.92 423.27 492.20 413.49 495.22 404.74 466.95 ship 0 0.992634 votes=1
490.00 273.41 497.03 297.95 487.34 300.73 480.31 276.18 ship 0 0.992471 votes=1
403.04 466.00 407.91 491.59 399.42 493.21 394.55 467.62 ship 0 0.991467 votes=1
537.60 654.17 544.62 683.22 534.41 685.69 527.38 656.64 ship 0 0.991397 votes=1
413.19 374.05 419.72 397.40 410.41 400.00 403.88 376.66 ship 0 0.991067 votes=1
431.30 369.41 439.42 390.81 431.30 393.89 423.18 372.49 ship 0 0.989561 votes=1
342.97 483.73 353.38 511.44 343.91 515.00 333.50 487.29 ship 0 0.989426 votes=1
453.92 364.82 459.87 385.67 452.95 387.65 446.99 366.80 ship 0 0.989144 votes=1
452.98 682.25 461.42 714.95 450.13 717.86 441.69 685.16 ship 0 0.988831 votes=1
337.29 398.78 344.09 422.97 334.27 425.73 327.47 401.54 ship 0 0.987370 votes=1
431.79 572.70 438.87 599.41 430.03 601.75 422.95 575.05 ship 0 0.987312 votes=1
339.24 234.82 359.77 226.38 362.75 233.65 342.23 242.09 ship 0 0.985004 votes=1
373.44 228.21 395.39 221.61 398.11 230.63 376.16 237.24 ship 0 0.984564 votes=1
444.17 566.40 453.88 593.13 444.57 596.51 434.87 569.77 ship 0 0.983036 votes=1
316.06 402.39 325.59 425.87 315.92 429.80 306.39 406.32 ship 0 0.983019 votes=1
467.54 442.92 475.40 464.15 467.34 467.13 459.49 445.90 ship 0 0.981977 votes=1
444.85 366.17 449.53 389.52 440.43 391.35 435.75 368.00 ship 0 0.978253 votes=1
330.78 495.08 336.66 514.77 328.76 517.13 322.88 497.44 ship 0 0.977932 votes=1
414.23 583.22 417.92 604.13 409.26 605.66 405.57 584.75 ship 0 0.975864 votes=1
199.12 3.85 224.83 -1.17 226.40 6.88 200.69 11.90 ship 0 0.971382 votes=1
256.50 131.99 274.51 127.04 276.61 134.67 258.60 139.62 ship 0 0.970394 votes=1
485.98 441.12 494.29 470.84 484.00 473.71 475.70 443.99 ship 0 0.969470 votes=1
161.05 90.97 432.55 5.80 453.06 71.18 181.56 156.35 harbor 0 0.957438 votes=1
365.75 391.62 369.98 412.23 361.99 413.87 357.76 393.26 ship 0 0.955948 votes=1
483.66 356.58 489.56 377.55 482.03 379.67 476.13 358.70 ship 0 0.952631 votes=1
316.97 489.24 528.60 425.35 540.75 465.58 329.12 529.47 harbor 0 0.952317 votes=1
416.12 85.57 446.62 76.17 449.82 86.56 419.31 95.95 ship 0 0.943563 votes=1
299.54 45.42 304.93 66.39 297.09 68.40 291.70 47.44 ship 0 0.936282 votes=1
389.72 683.22 544.19 648.49 555.52 698.89 401.05 733.62 harbor 0 0.936029 votes=1
497.53 544.16 507.01 583.76 496.80 586.20 487.32 546.61 ship 0 0.931964 votes=1
303.83 119.53 320.80 113.44 323.37 120.58 306.40 126.68 ship 0 0.930484 votes=1
290.21 408.30 505.81 341.76 517.49 379.60 301.89 446.14 harbor 0 0.927652 votes=1
194.13 184.40 462.98 102.88 477.72 151.51 208.88 233.02 harbor 0 0.916464 votes=1
365.96 581.26 531.76 534.12 545.46 582.30 379.66 629.44 harbor 0 0.912417 votes=1
440.15 291.68 443.75 313.15 435.31 314.57 431.71 293.10 ship 0 0.905621 votes=1
233.47 138.82 249.87 135.23 251.66 143.35 235.25 146.95 ship 0 0.891685 votes=1
496.71 442.01 501.44 464.43 493.73 466.06 489.00 443.64 ship 0 0.829632 votes=1
206.61 279.65 479.76 200.02 494.95 252.13 221.80 331.75 harbor 0 0.784919 votes=1
308.66 201.28 323.83 196.75 326.09 204.33 310.93 208.86 ship 0 0.743473 votes=1
380.63 97.10 407.05 91.46 408.71 99.25 382.29 104.89 ship 0 0.695659 votes=1
