197.26 463.06 291.14 602.53 226.28 646.19 132.40 506.72 tenniscourt 0 0.999446 votes=1
367.40 349.67 460.02 489.82 394.76 532.95 302.14 392.80 tenniscourt 0 0.999441 votes=1
452.45 292.55 545.23 433.19 479.19 476.76 386.41 336.12 tenniscourt 0 0.999439 votes=1
281.73 405.99 376.01 545.92 311.36 589.47 217.09 449.55 tenniscourt 0 0.999437 votes=1
597.39 41.00 622.94 21.23 630.94 31.58 605.39 51.35 vehicle 0 0.998934 votes=1
612.24 149.75 637.19 131.46 644.81 141.86 619.87 160.15 vehicle 0 0.998125 votes=1
18.41 173.68 32.22 143.12 44.21 148.54 30.40 179.10 vehicle 0 0.997824 votes=1
694.56 197.34 713.62 180.09 721.20 188.47 702.14 205.72 vehicle 0 0.944135 votes=1
707.84 278.67 729.16 257.17 737.53 265.47 716.21 286.97 vehicle 0 0.888328 votes=1
727.40 169.63 735.50 179.19 728.13 185.43 720.04 175.87 vehicle 0 0.647145 votes=1
