610.19 103.80 693.15 60.89 705.20 84.19 622.24 127.09 ship 0 0.998640 votes=1
732.44 91.70 745.28 187.26 718.78 190.82 705.93 95.26 ship 0 0.997404 votes=1
154.47 350.57 487.40 254.14 533.27 412.51 200.34 508.94 harbor 0 0.942054 votes=1
610.22 694.68 621.93 675.18 629.08 679.48 617.37 698.97 vehicle 0 0.927753 votes=1
588.86 680.23 589.45 699.94 582.33 700.15 581.74 680.44 vehicle 0 0.906567 votes=1
531.75 707.48 546.80 705.94 547.42 711.96 532.36 713.50 vehicle 0 0.883983 votes=1
708.78 115.03 734.51 414.25 628.82 423.33 603.10 124.12 harbor 0 0.875922 votes=1
728.55 663.44 730.41 681.21 723.23 681.96 721.36 664.19 vehicle 0 0.808484 votes=1
748.41 437.62 771.89 438.06 771.76 444.78 748.29 444.34 vehicle 0 0.794320 votes=1
122.14 476.91 172.29 814.51 141.70 819.05 91.55 481.46 harbor 0 0.762173 votes=1
392.62 738.93 409.39 733.39 411.69 740.35 394.93 745.89 vehicle 0 0.745621 votes=1
722.54 215.09 742.64 212.94 743.42 220.30 723.33 222.45 ship 0 0.742559 votes=1
746.69 461.78 767.06 459.25 768.21 468.41 747.83 470.95 vehicle 0 0.697991 votes=1
179.64 422.68 368.22 391.96 371.43 411.68 182.85 442.40 harbor 0 0.679109 votes=1
520.18 692.98 545.52 691.19 546.31 702.29 520.96 704.08 vehicle 0 0.605394 votes=1
