504.95 80.67 757.88 443.28 558.53 582.33 305.59 219.72 Expressway-Service-area 0 0.998487 votes=1
245.41 247.61 497.00 609.35 303.13 744.19 51.54 382.45 Expressway-Service-area 0 0.997836 votes=1
356.11 447.68 369.42 467.19 365.20 470.07 351.89 450.56 vehicle 0 0.974099 votes=1
475.47 409.87 496.60 439.61 491.59 443.17 470.46 413.42 vehicle 0 0.966634 votes=1
274.76 464.63 302.81 502.60 296.13 507.53 268.08 469.57 vehicle 0 0.946215 votes=1
326.17 405.97 349.55 437.94 344.00 442.00 320.62 410.03 vehicle 0 0.929326 votes=1
584.81 502.79 601.55 515.18 598.27 519.61 581.53 507.22 vehicle 0 0.926217 votes=1
107.06 342.97 124.27 354.36 120.96 359.36 103.75 347.97 bridge 0 0.844664 votes=1
445.71 397.30 458.11 415.22 454.45 417.76 442.04 399.84 vehicle 0 0.781436 votes=1
291.49 206.09 300.25 216.02 296.18 219.61 287.42 209.68 vehicle 0 0.641820 votes=1
533.64 460.04 539.62 438.05 545.73 439.71 539.75 461.70 vehicle 0 0.606982 votes=1
