165.53 329.34 264.43 316.14 268.30 345.14 169.39 358.33 ship 0 0.999243 votes=1
32.07 473.50 42.02 377.43 74.38 380.78 64.43 476.85 ship 0 0.999102 votes=1
100.15 434.05 119.44 320.86 158.58 327.53 139.30 440.71 ship 0 0.999047 votes=1
165.72 617.65 239.13 577.01 253.53 603.03 180.12 643.66 ship 0 0.999023 votes=1
252.56 753.75 279.28 686.84 303.12 696.36 276.40 763.27 ship 0 0.999010 votes=1
481.50 392.84 553.83 412.93 546.77 438.36 474.44 418.27 ship 0 0.998946 votes=1
298.85 464.62 359.10 464.44 359.17 484.61 298.91 484.80 ship 0 0.998915 votes=1
194.69 672.84 264.61 629.87 278.84 653.04 208.92 696.01 ship 0 0.998852 votes=1
307.34 670.30 376.76 666.77 378.04 692.00 308.62 695.53 ship 0 0.998708 votes=1
154.06 429.12 214.38 422.10 216.83 443.13 156.51 450.14 ship 0 0.998700 votes=1
409.54 546.39 425.80 625.67 398.59 631.25 382.33 551.97 ship 0 0.998560 votes=1
408.13 441.79 421.69 528.73 390.46 533.59 376.91 446.66 ship 0 0.998440 votes=1
165.62 363.59 240.63 362.46 240.97 384.69 165.95 385.82 ship 0 0.998382 votes=1
151.22 455.90 211.26 453.33 212.09 472.79 152.05 475.35 ship 0 0.998110 votes=1
151.46 585.04 215.12 556.14 225.28 578.51 161.61 607.41 ship 0 0.998091 votes=1
501.36 527.60 551.78 547.49 544.14 566.86 493.72 546.96 ship 0 0.997907 votes=1
496.21 559.59 552.52 582.96 545.11 600.80 488.81 577.43 ship 0 0.997548 votes=1
144.85 523.85 200.83 509.86 204.97 526.41 148.99 540.41 ship 0 0.997276 votes=1
488.37 457.62 555.37 486.69 545.18 510.16 478.19 481.09 ship 0 0.997096 votes=1
222.11 703.74 272.25 662.55 286.87 680.35 236.73 721.54 ship 0 0.997049 votes=1
419.27 701.35 425.50 744.71 406.96 747.38 400.73 704.01 vehicle 0 0.996881 votes=1
152.21 483.33 217.10 477.03 219.21 498.74 154.31 505.03 ship 0 0.996576 votes=1
386.27 706.37 387.31 740.35 371.79 740.83 370.75 706.85 vehicle 0 0.991239 votes=1
478.57 427.00 555.50 451.44 547.38 477.02 470.45 452.58 ship 0 0.990672 votes=1
148.31 548.90 204.78 531.74 210.74 551.35 154.27 568.50 ship 0 0.989091 votes=1
533.27 736.65 533.61 765.19 517.98 765.37 517.64 736.84 vehicle 0 0.978931 votes=1
55.34 581.80 72.95 351.54 231.78 363.68 214.17 593.95 harbor 0 0.813112 votes=1
470.63 672.74 489.40 339.11 588.90 344.70 570.13 678.34 harbor 0 0.612395 votes=1
