724.38 598.31 776.64 624.49 768.89 639.96 716.63 613.78 ship 0 0.998402 votes=1
193.40 423.63 248.93 455.06 239.19 472.27 183.66 440.84 ship 0 0.998357 votes=1
644.52 613.93 687.65 637.67 680.37 650.90 637.24 627.16 ship 0 0.998334 votes=1
88.00 260.36 120.35 280.79 112.72 292.86 80.38 272.43 ship 0 0.998271 votes=1
306.98 318.74 345.84 338.00 339.28 351.23 300.42 331.96 ship 0 0.998196 votes=1
69.82 294.63 101.72 314.15 94.52 325.93 62.62 306.41 ship 0 0.997954 votes=1
657.07 592.90 697.00 615.18 690.90 626.11 650.97 603.84 ship 0 0.997947 votes=1
518.18 557.43 564.34 580.86 556.43 596.44 510.27 573.02 ship 0 0.997833 votes=1
253.79 414.27 287.35 429.93 281.84 441.75 248.28 426.09 ship 0 0.997738 votes=1
246.63 429.97 284.47 448.92 277.63 462.58 239.79 443.64 ship 0 0.997329 votes=1
750.40 545.25 775.60 559.27 770.83 567.85 745.62 553.83 ship 0 0.997226 votes=1
105.01 229.25 137.43 245.31 131.65 256.96 99.24 240.90 ship 0 0.997120 votes=1
98.36 249.59 125.91 264.45 120.80 273.92 93.25 259.06 ship 0 0.996849 votes=1
415.09 447.64 445.32 463.56 440.02 473.63 409.78 457.70 ship 0 0.996690 votes=1
284.82 356.65 323.04 374.99 317.23 387.10 279.01 368.76 ship 0 0.996319 votes=1
39.41 351.30 120.15 393.17 110.70 411.39 29.96 369.51 ship 0 0.996106 votes=1
698.12 642.02 746.08 666.58 738.28 681.81 690.32 657.24 ship 0 0.996018 votes=1
654.58 650.10 725.91 685.21 715.75 705.87 644.42 670.76 ship 0 0.995965 votes=1
209.92 381.66 248.08 404.12 240.15 417.59 201.99 395.13 ship 0 0.995941 votes=1
420.47 433.70 452.82 446.01 448.76 456.67 416.42 444.36 ship 0 0.995909 votes=1
590.21 419.59 635.83 444.92 628.83 457.52 583.22 432.19 ship 0 0.995848 votes=1
116.96 212.71 146.90 228.47 141.20 239.30 111.26 223.54 ship 0 0.995655 votes=1
690.13 529.70 732.22 554.23 724.30 567.83 682.21 543.29 ship 0 0.995560 votes=1
253.10 304.62 290.19 325.53 282.81 338.62 245.72 317.71 ship 0 0.995450 votes=1
486.23 517.93 515.17 535.97 509.02 545.84 480.08 527.80 ship 0 0.995426 votes=1
384.32 399.39 418.00 418.38 410.84 431.08 377.16 412.08 ship 0 0.995301 votes=1
359.35 454.04 387.97 471.00 382.27 480.61 353.65 463.65 ship 0 0.995133 votes=1
406.11 463.76 435.24 479.46 429.52 490.07 400.39 474.37 ship 0 0.994605 votes=1
401.30 365.40 435.81 384.88 428.80 397.32 394.28 377.84 ship 0 0.994359 votes=1
231.08 345.10 267.37 367.60 259.89 379.66 223.60 357.16 ship 0 0.993408 votes=1
60.38 315.43 91.49 331.28 85.33 343.38 54.21 327.54 ship 0 0.993354 votes=1
664.05 576.15 707.43 594.18 701.75 607.85 658.37 589.82 ship 0 0.993180 votes=1
397.35 481.51 430.15 497.42 425.23 507.57 392.43 491.66 ship 0 0.993103 votes=1
386.10 497.02 414.65 509.95 410.01 520.19 381.46 507.26 ship 0 0.992896 votes=1
505.71 484.86 533.75 500.20 528.60 509.61 500.56 494.27 ship 0 0.992728 votes=1
758.33 528.61 786.50 545.39 780.51 555.44 752.34 538.66 ship 0 0.991707 votes=1
341.43 475.61 377.08 490.56 372.59 501.26 336.95 486.31 ship 0 0.991702 votes=1
189.88 421.13 282.31 251.68 364.44 296.48 272.01 465.93 harbor 0 0.991518 votes=1
34.70 353.88 143.55 161.43 227.34 208.82 118.50 401.27 harbor 0 0.991269 votes=1
441.01 400.97 467.65 416.33 462.50 425.26 435.86 409.90 ship 0 0.990752 votes=1
104.20 330.71 142.92 354.89 135.24 367.18 96.53 343.00 ship 0 0.989146 votes=1
530.34 429.41 563.67 449.43 556.48 461.40 523.15 441.38 ship 0 0.989105 votes=1
429.30 419.26 458.14 433.06 452.98 443.83 424.14 430.03 ship 0 0.989080 votes=1
138.04 183.86 163.76 198.63 158.67 207.49 132.95 192.73 ship 0 0.987495 votes=1
267.50 392.38 302.10 411.09 296.30 421.83 261.69 403.12 ship 0 0.987175 votes=1
90.17 353.01 131.45 375.94 124.25 388.91 82.96 365.98 ship 0 0.987078 votes=1
529.02 536.11 577.24 564.30 569.35 577.78 521.14 549.60 ship 0 0.986906 votes=1
332.73 493.62 420.11 328.24 495.41 368.02 408.03 533.41 harbor 0 0.986284 votes=1
461.46 557.43 547.57 389.88 637.21 435.95 551.10 603.50 harbor 0 0.984396 votes=1
136.08 270.54 177.11 292.04 169.97 305.68 128.93 284.17 ship 0 0.983566 votes=1
637.07 639.85 703.82 475.73 804.53 516.69 737.79 680.81 harbor 0 0.983460 votes=1
78.61 278.15 111.94 297.09 104.65 309.91 71.32 290.97 ship 0 0.983269 votes=1
548.32 496.71 593.97 523.26 585.35 538.09 539.70 511.53 ship 0 0.983189 votes=1
133.30 199.64 154.54 211.73 149.37 220.82 128.13 208.73 ship 0 0.983069 votes=1
456.74 366.50 485.03 383.06 478.04 395.00 449.75 378.43 ship 0 0.981065 votes=1
505.95 577.85 545.74 601.86 538.14 614.46 498.34 590.45 ship 0 0.978479 votes=1
492.96 506.43 522.01 519.81 517.38 529.87 488.33 516.50 ship 0 0.977027 votes=1
159.36 230.34 198.05 253.95 190.40 266.48 151.71 242.87 ship 0 0.975949 votes=1
114.22 311.88 156.46 330.85 150.35 344.46 108.10 325.50 ship 0 0.965232 votes=1
740.98 559.23 780.02 581.85 772.45 594.90 733.42 572.28 ship 0 0.965023 votes=1
133.82 161.48 172.72 185.13 166.73 194.99 127.83 171.34 ship 0 0.957852 votes=1
467.62 355.97 492.64 367.81 487.91 377.81 462.89 365.97 ship 0 0.953396 votes=1
177.61 192.57 216.73 214.80 209.57 227.40 170.45 205.17 ship 0 0.902913 votes=1
448.56 383.40 478.49 399.50 472.85 409.99 442.92 393.89 ship 0 0.601397 votes=1
