601.36 509.24 655.90 509.19 655.92 529.54 601.38 529.60 ship 0 0.999489 votes=1
775.12 70.85 775.29 15.57 794.84 15.63 794.67 70.91 ship 0 0.999247 votes=1
677.91 437.46 733.43 437.98 733.24 458.11 677.72 457.59 ship 0 0.999238 votes=1
671.70 465.24 724.78 465.64 724.65 482.42 671.57 482.02 ship 0 0.999195 votes=1
609.97 41.09 655.14 40.96 655.18 57.12 610.01 57.25 ship 0 0.999156 votes=1
677.65 50.67 723.32 49.78 723.60 64.55 677.94 65.44 ship 0 0.999153 votes=1
586.50 484.37 658.36 483.41 658.61 502.27 586.75 503.23 ship 0 0.999088 votes=1
672.05 359.77 724.77 357.81 725.51 377.67 672.79 379.63 ship 0 0.999025 votes=1
605.06 384.94 660.35 387.16 659.55 407.29 604.25 405.08 ship 0 0.999003 votes=1
679.22 412.95 726.90 412.78 726.96 430.81 679.28 430.98 ship 0 0.998991 votes=1
675.25 517.35 724.59 519.63 723.80 536.71 674.46 534.42 ship 0 0.998968 votes=1
610.29 336.84 655.69 336.15 655.94 352.13 610.53 352.81 ship 0 0.998845 votes=1
671.63 193.48 717.09 190.88 717.92 205.44 672.46 208.04 ship 0 0.998843 votes=1
421.75 295.00 425.79 238.69 443.85 239.99 439.81 296.30 ship 0 0.998797 votes=1
610.33 114.78 649.12 114.52 649.20 126.96 610.41 127.21 ship 0 0.998781 votes=1
564.02 634.86 570.89 573.72 590.23 575.89 583.36 637.03 ship 0 0.998703 votes=1
439.58 308.74 440.17 344.70 427.50 344.91 426.91 308.94 ship 0 0.998703 votes=1
537.03 207.21 537.41 257.42 522.38 257.54 522.00 207.32 ship 0 0.998674 votes=1
676.88 133.41 717.75 133.64 717.68 146.64 676.80 146.40 ship 0 0.998660 votes=1
612.89 62.29 650.39 62.43 650.35 74.54 612.85 74.40 ship 0 0.998639 votes=1
685.21 20.79 753.47 15.93 754.97 36.94 686.71 41.81 ship 0 0.998623 votes=1
613.40 98.06 649.85 98.32 649.76 110.00 613.32 109.74 ship 0 0.998612 votes=1
614.74 227.83 655.25 226.00 655.91 240.71 615.40 242.54 ship 0 0.998606 votes=1
726.91 766.72 727.02 719.19 744.30 719.23 744.18 766.76 ship 0 0.998523 votes=1
692.14 689.08 737.45 688.46 737.67 704.39 692.36 705.01 ship 0 0.998497 votes=1
699.09 591.15 743.25 592.51 742.80 607.15 698.64 605.79 ship 0 0.998495 votes=1
673.15 262.14 716.19 261.76 716.33 277.60 673.29 277.98 ship 0 0.998467 votes=1
596.72 413.41 650.87 413.93 650.70 430.89 596.56 430.37 ship 0 0.998452 votes=1
674.21 286.05 720.48 287.44 720.00 303.39 673.73 301.99 ship 0 0.998437 votes=1
509.37 174.75 541.09 174.82 541.07 186.07 509.35 186.01 ship 0 0.998428 votes=1
510.39 142.66 545.78 143.82 545.40 155.57 510.01 154.41 ship 0 0.998422 votes=1
699.10 662.17 743.01 664.37 742.29 678.62 698.39 676.42 ship 0 0.998418 votes=1
599.81 314.76 657.23 312.74 657.81 329.08 600.38 331.09 ship 0 0.998396 votes=1
681.92 73.62 718.82 73.35 718.92 86.48 682.02 86.75 ship 0 0.998330 votes=1
518.72 16.24 553.67 16.14 553.71 28.92 518.76 29.02 ship 0 0.998248 votes=1
611.25 81.58 647.72 81.91 647.61 93.51 611.14 93.18 ship 0 0.998194 votes=1
581.43 15.94 649.56 16.05 649.53 37.36 581.40 37.25 ship 0 0.998126 votes=1
603.87 268.51 657.59 268.67 657.54 283.60 603.83 283.45 ship 0 0.998110 votes=1
706.36 763.44 706.37 720.83 721.14 720.83 721.13 763.44 ship 0 0.998090 votes=1
673.67 386.64 726.36 384.06 727.35 404.20 674.65 406.78 ship 0 0.998075 votes=1
686.24 760.48 686.99 721.65 702.19 721.95 701.44 760.78 ship 0 0.998024 votes=1
701.18 570.71 742.17 571.43 741.90 586.27 700.91 585.54 ship 0 0.998022 votes=1
672.40 310.76 723.89 310.71 723.91 328.46 672.42 328.51 ship 0 0.997940 votes=1
699.25 638.77 740.94 640.24 740.43 654.58 698.75 653.10 ship 0 0.997909 votes=1
673.19 240.03 715.47 239.75 715.58 256.20 673.30 256.48 ship 0 0.997851 votes=1
512.52 92.32 546.63 94.65 545.81 106.63 511.71 104.30 ship 0 0.997774 votes=1
675.09 492.13 733.33 494.32 732.72 510.62 674.48 508.43 ship 0 0.997751 votes=1
452.47 225.29 456.70 173.99 471.57 175.22 467.34 226.52 ship 0 0.997659 votes=1
678.33 214.79 718.51 215.23 718.36 228.95 678.18 228.50 ship 0 0.997659 votes=1
673.64 93.25 720.56 93.27 720.56 107.31 673.63 107.30 ship 0 0.997580 votes=1
611.84 206.26 654.86 205.65 655.05 219.36 612.03 219.97 ship 0 0.997422 votes=1
676.95 173.51 718.16 172.01 718.67 185.79 677.45 187.30 ship 0 0.997418 votes=1
600.47 435.32 656.06 435.42 656.03 454.27 600.43 454.17 ship 0 0.997386 votes=1
677.15 113.08 721.88 114.10 721.52 129.96 676.79 128.95 ship 0 0.997373 votes=1
514.10 107.63 547.87 112.54 546.26 123.67 512.48 118.75 ship 0 0.997052 votes=1
680.28 334.10 726.01 336.60 725.15 352.46 679.41 349.96 ship 0 0.996979 votes=1
680.53 156.52 721.88 151.59 723.63 166.30 682.29 171.24 ship 0 0.996971 votes=1
612.12 149.39 650.87 150.44 650.51 163.83 611.76 162.77 ship 0 0.996925 votes=1
500.35 255.44 501.97 214.90 517.34 215.51 515.72 256.05 ship 0 0.996912 votes=1
609.54 187.46 651.07 187.35 651.10 199.76 609.57 199.87 ship 0 0.996811 votes=1
618.98 248.24 659.05 247.38 659.39 262.83 619.32 263.69 ship 0 0.996774 votes=1
657.60 766.45 661.16 688.78 679.56 689.63 676.00 767.30 ship 0 0.996713 votes=1
614.42 167.33 651.95 167.03 652.05 179.97 614.52 180.27 ship 0 0.996669 votes=1
617.35 131.45 653.54 131.94 653.36 144.74 617.17 144.24 ship 0 0.996446 votes=1
699.42 615.81 743.90 618.28 743.07 633.26 698.59 630.79 ship 0 0.996151 votes=1
449.60 328.18 485.11 329.07 484.76 343.01 449.26 342.12 ship 0 0.996150 votes=1
792.40 144.72 797.66 183.59 783.41 185.52 778.16 146.65 ship 0 0.996058 votes=1
585.06 463.61 656.80 459.32 657.91 477.86 586.17 482.15 ship 0 0.995862 votes=1
516.65 74.62 547.03 75.93 546.50 88.33 516.11 87.02 ship 0 0.995364 votes=1
516.74 55.85 546.13 58.24 545.16 70.12 515.77 67.73 ship 0 0.994826 votes=1
452.69 278.12 453.42 236.85 465.97 237.08 465.25 278.34 ship 0 0.994222 votes=1
777.54 127.69 778.46 74.09 794.90 74.37 793.99 127.97 ship 0 0.992666 votes=1
671.25 543.97 716.82 544.71 716.47 566.41 670.90 565.67 ship 0 0.989104 votes=1
440.78 350.52 487.15 350.73 487.07 367.81 440.70 367.60 ship 0 0.983272 votes=1
604.07 536.72 655.60 535.90 656.04 564.14 604.51 564.95 ship 0 0.975272 votes=1
588.52 710.11 596.22 -0.92 737.06 0.61 729.36 711.63 harbor 0 0.940065 votes=1
485.81 168.68 485.96 186.54 475.16 186.63 475.01 168.77 ship 0 0.851715 votes=1
