497.22 529.81 509.19 514.26 513.09 517.27 501.12 532.82 vehicle 0 0.992320 votes=1
260.88 415.30 271.31 400.91 275.76 404.13 265.33 418.53 vehicle 0 0.987370 votes=1
-3.29 534.44 341.03 32.63 550.26 176.19 205.95 678.01 Expressway-Service-area 0 0.978460 votes=1
295.33 500.46 307.82 484.41 312.00 487.66 299.51 503.71 vehicle 0 0.976835 votes=1
317.08 384.15 329.47 365.99 334.40 369.36 322.02 387.51 vehicle 0 0.969560 votes=1
312.48 678.30 645.45 233.65 780.57 334.83 447.60 779.49 Expressway-Service-area 0 0.960454 votes=1
514.66 505.75 525.44 489.65 529.43 492.32 518.65 508.43 vehicle 0 0.944264 votes=1
533.38 196.75 545.88 189.25 548.20 193.11 535.69 200.61 vehicle 0 0.874052 votes=1
236.70 594.23 244.95 581.96 249.16 584.79 240.90 597.06 vehicle 0 0.844634 votes=1
464.64 507.35 500.18 459.10 507.05 464.16 471.50 512.41 vehicle 0 0.676394 votes=1
