131.12 431.82 131.86 544.26 22.20 544.99 21.45 432.54 baseballfield 0 0.999289 votes=1
531.01 83.76 531.30 139.41 506.80 139.54 506.51 83.89 tenniscourt 0 0.999216 votes=1
748.91 299.55 749.38 242.77 778.90 243.01 778.43 299.80 tenniscourt 0 0.999171 votes=1
537.66 141.04 537.78 82.27 563.62 82.33 563.50 141.10 tenniscourt 0 0.999159 votes=1
729.49 148.30 730.69 205.39 702.84 205.97 701.64 148.89 tenniscourt 0 0.999143 votes=1
627.39 57.19 627.68 113.49 600.76 113.63 600.47 57.33 tenniscourt 0 0.999134 votes=1
778.37 336.40 778.86 393.78 750.43 394.02 749.95 336.64 tenniscourt 0 0.999130 votes=1
747.78 204.90 747.96 148.53 777.05 148.62 776.87 204.99 tenniscourt 0 0.999120 votes=1
728.02 54.64 728.75 110.61 702.25 110.96 701.52 54.99 tenniscourt 0 0.999098 votes=1
672.83 56.08 673.38 113.52 645.89 113.78 645.33 56.35 tenniscourt 0 0.999073 votes=1
776.58 53.59 776.64 112.50 747.40 112.54 747.33 53.63 tenniscourt 0 0.999057 votes=1
676.72 244.16 677.02 300.71 648.86 300.86 648.57 244.30 tenniscourt 0 0.999034 votes=1
674.15 150.05 674.62 206.39 647.46 206.61 646.99 150.27 tenniscourt 0 0.999016 votes=1
551.04 291.51 551.98 349.26 524.82 349.70 523.88 291.95 tenniscourt 0 0.998967 votes=1
677.41 337.96 677.80 393.92 650.70 394.11 650.31 338.15 tenniscourt 0 0.998949 votes=1
629.43 149.08 629.72 207.01 601.83 207.15 601.55 149.21 tenniscourt 0 0.998934 votes=1
602.89 301.65 602.93 244.69 630.55 244.70 630.52 301.67 tenniscourt 0 0.998930 votes=1
732.60 336.39 733.33 393.98 706.02 394.33 705.29 336.74 tenniscourt 0 0.998896 votes=1
604.71 395.30 605.04 337.33 631.68 337.48 631.35 395.46 tenniscourt 0 0.998874 votes=1
703.59 300.64 703.73 242.54 731.88 242.61 731.74 300.71 tenniscourt 0 0.998765 votes=1
251.99 449.60 661.77 458.34 657.72 647.71 247.95 638.96 groundtrackfield 0 0.997849 votes=1
280.19 682.01 283.78 756.04 213.53 759.45 209.94 685.42 baseballfield 0 0.997831 votes=1
