477.66 462.17 514.25 122.53 796.96 152.99 760.37 492.63 stadium 0 0.998599 votes=1
326.80 141.65 341.16 90.01 366.42 97.03 352.07 148.68 tenniscourt 0 0.994676 votes=1
358.58 150.64 374.07 96.89 399.69 104.27 384.21 158.02 tenniscourt 0 0.991926 votes=1
385.11 230.33 399.37 281.15 374.46 288.14 360.20 237.31 tenniscourt 0 0.978578 votes=1
375.00 73.08 388.59 23.49 414.58 30.61 401.00 80.20 tenniscourt 0 0.967496 votes=1
343.58 64.81 359.17 13.60 382.21 20.61 366.61 71.83 tenniscourt 0 0.967236 votes=1
453.13 319.05 466.58 371.88 441.02 378.38 427.57 325.56 tenniscourt 0 0.963865 votes=1
418.82 169.05 434.66 118.91 460.82 127.17 444.98 177.31 tenniscourt 0 0.962794 votes=1
388.90 158.51 403.27 107.49 430.20 115.07 415.83 166.09 tenniscourt 0 0.962193 votes=1
311.95 56.36 327.16 3.08 354.89 10.99 339.68 64.28 tenniscourt 0 0.957041 votes=1
405.58 82.37 420.54 30.65 446.19 38.07 431.23 89.79 tenniscourt 0 0.946893 votes=1
14.62 731.80 59.90 753.21 47.65 779.11 2.38 757.70 tenniscourt 0 0.943801 votes=1
345.32 161.47 397.16 179.55 388.65 203.97 336.80 185.90 tenniscourt 0 0.936525 votes=1
32.15 688.84 80.13 711.08 67.96 737.35 19.97 715.10 tenniscourt 0 0.936081 votes=1
409.87 316.15 423.22 364.96 396.70 372.22 383.34 323.41 tenniscourt 0 0.913811 votes=1
456.77 225.14 466.40 277.74 444.56 281.74 434.92 229.14 tenniscourt 0 0.909213 votes=1
430.32 232.51 442.51 283.91 417.91 289.74 405.72 238.34 tenniscourt 0 0.878125 votes=1
205.28 106.61 216.08 -4.58 242.19 -2.05 231.40 109.14 overpass 0 0.624010 votes=1
