686.20 704.82 686.30 638.52 715.07 638.57 714.96 704.86 vehicle 0 0.999631 votes=1
61.40 144.17 62.11 220.53 31.29 220.82 30.58 144.45 vehicle 0 0.999617 votes=1
253.15 149.23 253.58 212.54 226.69 212.72 226.26 149.41 vehicle 0 0.999614 votes=1
388.70 206.99 389.45 144.94 416.92 145.27 416.18 207.32 vehicle 0 0.999573 votes=1
97.97 148.60 98.16 218.94 70.61 219.02 70.42 148.67 vehicle 0 0.999569 votes=1
137.49 426.66 137.68 356.79 168.20 356.87 168.00 426.75 vehicle 0 0.999563 votes=1
484.38 666.57 485.43 723.16 457.27 723.69 456.22 667.10 vehicle 0 0.999553 votes=1
175.64 148.17 176.25 219.74 147.58 219.98 146.97 148.41 vehicle 0 0.999506 votes=1
217.10 421.69 217.48 356.72 244.87 356.88 244.49 421.85 vehicle 0 0.999379 votes=1
209.20 151.60 209.88 209.24 183.86 209.55 183.17 151.91 vehicle 0 0.999371 votes=1
755.10 348.35 755.30 415.45 728.32 415.53 728.12 348.43 vehicle 0 0.999353 votes=1
677.42 645.57 677.96 709.00 650.49 709.23 649.95 645.81 vehicle 0 0.999334 votes=1
