751.33 292.05 791.19 369.49 767.35 381.76 727.50 304.32 ship 0 0.999153 votes=1
88.19 678.98 113.34 722.13 97.42 731.41 72.26 688.27 ship 0 0.999094 votes=1
109.40 664.62 137.61 706.57 122.64 716.63 94.44 674.68 ship 0 0.999007 votes=1
611.90 402.74 639.46 451.47 623.56 460.47 595.99 411.74 ship 0 0.999006 votes=1
367.09 383.66 422.52 352.15 432.94 370.47 377.51 401.98 ship 0 0.998995 votes=1
167.95 632.31 190.66 674.34 176.04 682.24 153.33 640.21 ship 0 0.998975 votes=1
694.35 337.30 726.04 397.46 706.31 407.86 674.62 347.70 ship 0 0.998942 votes=1
712.59 300.03 756.96 379.20 734.10 392.01 689.73 312.84 ship 0 0.998940 votes=1
45.77 696.98 72.97 744.70 55.29 754.77 28.10 707.06 ship 0 0.998889 votes=1
518.96 453.13 548.21 506.66 529.52 516.87 500.27 463.34 ship 0 0.998859 votes=1
150.27 521.03 216.50 480.18 228.89 500.27 162.66 541.11 ship 0 0.998799 votes=1
485.78 456.10 523.73 518.41 503.10 530.98 465.15 468.66 ship 0 0.998795 votes=1
548.11 429.21 583.92 482.49 565.84 494.63 530.04 441.35 ship 0 0.998784 votes=1
403.03 520.48 432.19 577.34 410.50 588.46 381.34 531.60 ship 0 0.998767 votes=1
384.29 582.30 408.87 627.33 392.71 636.15 368.13 591.12 ship 0 0.998688 votes=1
627.73 368.98 667.97 432.55 650.02 443.91 609.78 380.34 ship 0 0.998662 votes=1
708.86 429.71 770.91 393.96 782.58 414.22 720.53 449.97 ship 0 0.998610 votes=1
645.26 473.32 696.33 437.58 708.52 455.00 657.44 490.73 ship 0 0.998597 votes=1
90.94 560.25 141.92 531.31 152.17 549.37 101.20 578.32 ship 0 0.998596 votes=1
242.18 670.13 263.86 703.71 251.01 712.01 229.33 678.43 ship 0 0.998529 votes=1
298.82 536.80 336.41 588.25 318.76 601.15 281.17 549.70 ship 0 0.998500 votes=1
667.53 365.73 695.36 407.62 681.82 416.61 653.99 374.72 ship 0 0.998476 votes=1
3.14 663.68 49.69 634.69 60.02 651.27 13.46 680.26 ship 0 0.998415 votes=1
366.97 513.05 383.03 555.79 366.75 561.90 350.70 519.16 ship 0 0.998386 votes=1
187.18 613.63 212.39 657.87 196.57 666.88 171.36 622.64 ship 0 0.998381 votes=1
574.39 406.71 609.66 469.16 589.51 480.54 554.23 418.09 ship 0 0.998296 votes=1
226.74 678.77 251.54 721.29 235.96 730.38 211.16 687.85 ship 0 0.998218 votes=1
151.18 650.40 171.86 687.66 158.96 694.82 138.28 657.56 ship 0 0.998001 votes=1
261.94 660.57 282.67 694.13 271.63 700.95 250.91 667.39 ship 0 0.997910 votes=1
233.57 599.39 251.79 639.92 237.13 646.51 218.91 605.98 ship 0 0.997336 votes=1
286.08 563.22 308.02 602.93 295.32 609.94 273.39 570.23 ship 0 0.997268 votes=1
413.22 613.98 467.46 581.23 477.19 597.32 422.94 630.08 ship 0 0.997253 votes=1
63.28 579.97 91.76 615.70 80.23 624.88 51.76 589.16 ship 0 0.996589 votes=1
356.95 352.22 402.76 324.02 412.27 339.46 366.46 367.67 ship 0 0.996238 votes=1
361.91 597.91 378.00 635.01 364.63 640.80 348.55 603.70 ship 0 0.996101 votes=1
146.62 729.34 161.86 758.64 148.40 765.64 133.15 736.34 ship 0 0.992100 votes=1
439.81 736.21 551.78 671.94 558.04 682.83 446.06 747.10 harbor 0 0.884121 votes=1
514.85 8.67 636.41 211.39 576.00 247.62 454.45 44.89 harbor 0 0.844681 votes=1
18.23 720.63 639.43 376.53 691.05 469.72 69.85 813.81 harbor 0 0.666098 votes=1
