64.85 451.04 95.39 396.21 112.82 405.92 82.29 460.75 ship 0 0.999043 votes=1
314.14 511.44 338.35 464.19 354.28 472.35 330.07 519.60 ship 0 0.999001 votes=1
80.34 207.04 97.42 166.91 113.01 173.54 95.93 213.67 ship 0 0.998926 votes=1
295.14 497.06 318.18 455.41 333.27 463.76 310.23 505.40 ship 0 0.998910 votes=1
156.33 508.95 188.56 454.85 205.44 464.91 173.22 519.01 ship 0 0.998896 votes=1
104.27 488.98 139.15 429.28 157.72 440.13 122.85 499.83 ship 0 0.998827 votes=1
206.95 536.72 233.37 487.84 249.89 496.77 223.47 545.65 ship 0 0.998801 votes=1
105.71 384.73 130.70 346.00 144.91 355.18 119.92 393.90 ship 0 0.998753 votes=1
198.43 437.30 221.31 396.90 235.90 405.17 213.02 445.56 ship 0 0.998751 votes=1
254.79 556.22 281.74 513.51 296.66 522.93 269.72 565.63 ship 0 0.998707 votes=1
153.67 276.66 176.68 227.35 193.40 235.15 170.39 284.46 ship 0 0.998692 votes=1
639.03 155.81 652.01 134.25 660.80 139.55 647.81 161.10 vehicle 0 0.998690 votes=1
404.90 180.45 420.13 153.66 430.74 159.70 415.51 186.49 vehicle 0 0.998643 votes=1
274.19 364.15 298.29 324.69 312.52 333.38 288.43 372.84 ship 0 0.998571 votes=1
224.84 450.03 249.08 410.59 265.25 420.53 241.01 459.97 ship 0 0.998546 votes=1
137.67 485.52 163.30 442.36 178.74 451.53 153.11 494.69 ship 0 0.998542 votes=1
90.79 461.46 120.76 417.86 136.53 428.70 106.55 472.30 ship 0 0.998517 votes=1
387.63 414.25 410.83 374.44 425.78 383.15 402.58 422.96 ship 0 0.998514 votes=1
571.84 242.81 585.70 211.44 598.87 217.26 585.01 248.63 ship 0 0.998476 votes=1
276.33 575.62 300.70 528.09 317.55 536.73 293.19 584.26 ship 0 0.998439 votes=1
614.71 420.35 641.32 381.04 655.30 390.50 628.69 429.82 ship 0 0.998426 votes=1
150.28 412.27 177.58 368.51 192.63 377.89 165.33 421.65 ship 0 0.998412 votes=1
184.64 512.94 214.16 471.76 228.71 482.19 199.20 523.37 ship 0 0.998358 votes=1
303.63 313.44 327.01 279.56 341.46 289.53 318.09 323.41 ship 0 0.998346 votes=1
348.35 402.42 369.49 364.11 384.27 372.26 363.13 410.57 ship 0 0.998188 votes=1
249.96 350.97 272.69 309.28 287.66 317.44 264.93 359.13 ship 0 0.998063 votes=1
439.79 141.49 460.01 117.73 469.70 125.98 449.47 149.74 vehicle 0 0.997974 votes=1
469.30 197.86 492.87 159.79 507.03 168.55 483.47 206.63 ship 0 0.997630 votes=1
243.81 277.96 264.11 246.16 276.95 254.35 256.65 286.15 ship 0 0.997500 votes=1
595.27 413.98 617.48 378.78 631.57 387.68 609.37 422.87 ship 0 0.997289 votes=1
248.46 467.66 267.23 431.71 282.22 439.53 263.45 475.49 ship 0 0.997245 votes=1
634.75 281.43 650.49 250.40 662.92 256.70 647.18 287.74 ship 0 0.997146 votes=1
323.48 735.71 356.19 715.41 363.77 727.63 331.06 747.93 ship 0 0.997103 votes=1
312.68 380.55 333.97 343.06 348.30 351.20 327.01 388.68 ship 0 0.997048 votes=1
228.24 270.23 245.88 238.46 259.91 246.24 242.27 278.02 ship 0 0.996940 votes=1
474.03 275.73 489.36 252.18 499.92 259.05 484.59 282.61 ship 0 0.996824 votes=1
533.17 315.76 547.87 288.77 557.89 294.24 543.20 321.22 ship 0 0.996800 votes=1
516.29 303.47 537.97 273.51 549.54 281.88 527.86 311.85 ship 0 0.996789 votes=1
479.42 350.00 500.28 312.12 514.64 320.03 493.78 357.91 ship 0 0.996628 votes=1
234.29 540.26 259.15 502.47 273.71 512.06 248.86 549.84 ship 0 0.996361 votes=1
340.16 336.39 357.22 303.32 372.16 311.03 355.10 344.10 ship 0 0.996353 votes=1
541.27 220.91 556.98 192.37 567.79 198.32 552.08 226.86 ship 0 0.996265 votes=1
332.96 130.32 347.32 102.37 358.20 107.96 343.85 135.91 vehicle 0 0.996254 votes=1
575.59 345.48 592.50 317.18 605.69 325.07 588.78 353.36 ship 0 0.996251 votes=1
518.28 368.34 539.58 331.23 553.14 339.01 531.83 376.13 ship 0 0.996218 votes=1
457.93 267.51 473.58 241.66 483.99 247.96 468.34 273.81 ship 0 0.996052 votes=1
622.08 374.83 642.92 344.39 655.18 352.79 634.34 383.22 ship 0 0.995977 votes=1
366.02 409.13 387.77 372.06 401.88 380.34 380.13 417.41 ship 0 0.995972 votes=1
502.66 294.05 517.63 270.15 528.80 277.15 513.82 301.05 ship 0 0.995923 votes=1
436.37 273.02 472.15 294.19 464.38 307.32 428.60 286.16 ship 0 0.995831 votes=1
648.41 288.39 669.44 259.99 681.22 268.71 660.19 297.11 ship 0 0.995822 votes=1
634.23 16.50 664.18 40.04 654.18 52.77 624.23 29.23 vehicle 0 0.995804 votes=1
591.81 14.50 620.54 33.18 612.81 45.06 584.09 26.38 vehicle 0 0.995786 votes=1
628.76 110.70 640.65 88.78 649.64 93.65 637.75 115.58 vehicle 0 0.995598 votes=1
330.24 387.57 354.36 353.67 367.70 363.16 343.57 397.06 ship 0 0.995235 votes=1
607.53 142.24 621.83 116.05 632.60 121.93 618.30 148.12 vehicle 0 0.995171 votes=1
623.57 268.62 635.38 242.57 646.46 247.59 634.65 273.64 ship 0 0.994692 votes=1
671.07 173.83 688.21 151.65 697.60 158.91 680.46 181.09 vehicle 0 0.994518 votes=1
262.78 289.74 279.91 257.96 295.19 266.19 278.06 297.98 ship 0 0.994359 votes=1
556.08 231.84 571.93 205.03 583.25 211.73 567.40 238.53 ship 0 0.994352 votes=1
566.62 396.69 587.51 361.65 599.91 369.04 579.03 404.08 ship 0 0.994331 votes=1
560.51 334.18 577.98 307.16 589.37 314.53 571.91 341.55 ship 0 0.994253 votes=1
212.19 259.27 230.26 230.52 241.76 237.75 223.69 266.50 ship 0 0.993976 votes=1
712.88 329.95 731.04 301.10 744.60 309.63 726.44 338.49 ship 0 0.993946 votes=1
590.37 356.16 609.48 324.18 622.92 332.20 603.80 364.19 ship 0 0.993652 votes=1
666.95 302.59 680.17 271.57 692.76 276.93 679.53 307.95 ship 0 0.992606 votes=1
510.35 200.29 526.58 172.34 539.29 179.72 523.06 207.67 ship 0 0.992086 votes=1
356.08 344.60 377.91 313.80 391.20 323.22 369.37 354.02 ship 0 0.991929 votes=1
499.40 357.12 520.74 322.98 534.58 331.63 513.24 365.77 ship 0 0.991132 votes=1
590.24 247.60 606.79 223.10 617.63 230.42 601.08 254.92 ship 0 0.991104 votes=1
366.99 227.28 400.72 252.21 390.62 265.88 356.89 240.95 ship 0 0.991064 votes=1
607.66 365.62 626.90 333.42 640.67 341.65 621.44 373.85 ship 0 0.990930 votes=1
528.31 208.18 541.61 184.67 552.41 190.78 539.11 214.29 ship 0 0.990833 votes=1
605.86 104.20 629.02 71.91 638.89 79.00 615.73 111.28 vehicle 0 0.990644 votes=1
202.08 316.52 221.11 274.91 236.58 281.98 217.55 323.59 ship 0 0.990440 votes=1
269.89 480.17 286.74 448.60 302.25 456.88 285.41 488.45 ship 0 0.990240 votes=1
183.75 302.61 203.35 267.94 217.54 275.96 197.94 310.64 ship 0 0.990027 votes=1
678.85 310.01 697.03 279.91 710.28 287.91 692.10 318.01 ship 0 0.989525 votes=1
546.79 325.60 560.28 299.88 571.51 305.77 558.02 331.49 ship 0 0.989423 votes=1
687.94 252.47 713.32 232.12 721.06 241.78 695.69 262.13 ship 0 0.989151 votes=1
742.72 287.25 765.92 251.36 779.84 260.36 756.64 296.25 ship 0 0.986800 votes=1
533.49 375.44 554.75 341.02 568.30 349.39 547.05 383.81 ship 0 0.985822 votes=1
281.71 296.02 299.81 264.56 314.38 272.94 296.28 304.40 ship 0 0.984634 votes=1
550.07 388.48 570.80 351.94 584.50 359.71 563.76 396.25 ship 0 0.979566 votes=1
419.93 196.51 437.70 166.33 448.31 172.58 430.54 202.76 vehicle 0 0.978248 votes=1
604.34 258.59 619.34 234.51 631.19 241.89 616.20 265.97 ship 0 0.975912 votes=1
588.57 131.14 603.83 108.48 613.21 114.80 597.96 137.46 vehicle 0 0.975852 votes=1
386.88 173.50 400.76 145.68 410.89 150.74 397.02 178.55 vehicle 0 0.973831 votes=1
192.22 247.60 209.09 214.35 226.84 223.35 209.97 256.61 ship 0 0.973097 votes=1
486.97 286.10 503.42 259.57 514.80 266.62 498.34 293.16 ship 0 0.972495 votes=1
576.17 118.65 589.99 96.20 599.12 101.82 585.30 124.27 vehicle 0 0.972003 votes=1
128.41 394.79 147.30 360.69 162.14 368.91 143.25 403.01 ship 0 0.971530 votes=1
295.81 367.05 315.59 333.30 330.62 342.11 310.83 375.86 ship 0 0.970191 votes=1
133.87 344.94 345.52 474.02 286.85 570.22 75.20 441.14 harbor 0 0.968934 votes=1
461.68 333.83 480.90 301.11 496.83 310.47 477.61 343.19 ship 0 0.967454 votes=1
552.70 101.47 596.77 40.50 614.37 53.22 570.31 114.20 ship 0 0.965030 votes=1
238.87 330.90 257.38 298.26 270.86 305.91 252.35 338.54 ship 0 0.964446 votes=1
216.89 324.18 239.64 285.93 254.46 294.75 231.70 333.00 ship 0 0.962930 votes=1
494.38 56.50 547.18 98.27 534.71 114.04 481.90 72.27 ship 0 0.961964 votes=1
167.35 288.27 188.58 256.83 203.69 267.03 182.46 298.47 ship 0 0.914179 votes=1
593.28 89.05 611.06 66.03 620.38 73.23 602.60 96.24 vehicle 0 0.896651 votes=1
443.13 257.76 457.70 233.16 469.41 240.10 454.84 264.70 ship 0 0.888521 votes=1
445.86 218.83 655.11 359.71 611.33 424.74 402.08 283.85 harbor 0 0.858705 votes=1
756.94 35.02 784.42 -2.44 798.29 7.74 770.81 45.20 ship 0 0.799416 votes=1
93.79 207.77 147.03 83.91 164.31 91.33 111.06 215.19 harbor 0 0.753364 votes=1
203.57 211.39 437.93 346.19 394.06 422.46 159.69 287.67 harbor 0 0.740342 votes=1
672.15 240.78 696.15 228.64 701.37 238.96 677.37 251.10 ship 0 0.717613 votes=1
718.28 290.29 730.39 270.11 740.89 276.41 728.78 296.59 ship 0 0.647006 votes=1
