388.94 390.35 706.97 389.67 707.46 617.85 389.43 618.53 stadium 0 0.998494 votes=1
371.17 290.36 371.56 333.84 346.45 334.06 346.06 290.59 tenniscourt 0 0.996323 votes=1
307.48 335.82 307.57 288.08 331.18 288.12 331.10 335.86 tenniscourt 0 0.990295 votes=1
381.86 262.74 382.58 219.28 404.28 219.65 403.55 263.10 tenniscourt 0 0.987359 votes=1
378.39 334.81 379.57 289.86 402.20 290.45 401.02 335.41 tenniscourt 0 0.987033 votes=1
431.27 340.24 432.59 286.93 463.48 287.69 462.17 341.00 tenniscourt 0 0.986888 votes=1
345.24 263.30 345.83 215.85 369.17 216.14 368.59 263.59 tenniscourt 0 0.982449 votes=1
496.39 291.04 496.44 336.75 471.81 336.78 471.76 291.07 tenniscourt 0 0.982430 votes=1
331.76 213.16 332.12 263.68 307.81 263.86 307.45 213.33 tenniscourt 0 0.977004 votes=1
434.28 266.08 434.47 208.01 458.64 208.09 458.45 266.16 tenniscourt 0 0.975896 votes=1
490.39 211.63 493.46 261.70 472.73 262.97 469.66 212.90 tenniscourt 0 0.911262 votes=1
538.10 208.67 541.78 255.03 502.75 258.13 499.07 211.77 tenniscourt 0 0.693137 votes=1
