269.40 217.97 338.88 217.01 339.61 269.97 270.13 270.93 storagetank 0 0.998963 votes=1
342.73 629.97 463.62 629.83 463.74 727.38 342.85 727.53 storagetank 0 0.998670 votes=1
195.11 213.29 258.64 212.69 259.21 272.98 195.68 273.58 storagetank 0 0.998632 votes=1
562.35 584.63 746.20 589.80 741.45 758.72 557.60 753.55 storagetank 0 0.998504 votes=1
320.71 343.89 492.09 340.90 494.82 497.08 323.44 500.07 storagetank 0 0.998464 votes=1
64.72 342.35 246.90 347.19 242.70 505.19 60.52 500.35 storagetank 0 0.998354 votes=1
571.65 338.63 745.63 341.85 742.74 497.84 568.76 494.62 storagetank 0 0.998058 votes=1
76.85 626.03 209.84 630.58 205.82 747.89 72.83 743.33 storagetank 0 0.998008 votes=1
43.40 220.71 104.91 218.16 107.19 273.28 45.68 275.83 storagetank 0 0.997881 votes=1
123.68 219.22 180.91 217.69 182.36 271.80 125.13 273.33 storagetank 0 0.996858 votes=1
613.35 104.18 731.32 106.56 729.01 221.65 611.04 219.27 storagetank 0 0.948079 votes=1
