105.23 99.81 173.71 100.65 173.39 127.12 104.91 126.28 vehicle 0 0.999508 votes=1
75.44 425.61 159.12 428.66 157.98 459.91 74.30 456.87 vehicle 0 0.999497 votes=1
456.03 98.61 527.53 100.17 526.92 128.13 455.42 126.57 vehicle 0 0.999480 votes=1
205.19 99.25 273.23 99.88 272.99 126.29 204.95 125.65 vehicle 0 0.999470 votes=1
284.90 689.48 286.39 612.50 318.79 613.13 317.30 690.11 vehicle 0 0.999449 votes=1
390.44 689.68 396.52 610.66 428.76 613.14 422.68 692.16 vehicle 0 0.999418 votes=1
205.07 686.54 208.03 629.42 233.13 630.72 230.17 687.85 vehicle 0 0.999356 votes=1
159.79 689.49 162.44 606.31 195.89 607.38 193.24 690.56 vehicle 0 0.999332 votes=1
294.89 442.77 341.18 367.84 370.63 386.04 324.34 460.96 vehicle 0 0.999290 votes=1
85.97 387.88 162.81 389.16 162.31 419.12 85.47 417.84 vehicle 0 0.999278 votes=1
415.05 498.79 460.02 424.04 488.49 441.17 443.52 515.92 vehicle 0 0.999269 votes=1
262.31 428.87 293.57 367.98 317.21 380.12 285.96 441.01 vehicle 0 0.999255 votes=1
406.11 427.81 442.14 370.05 466.73 385.39 430.69 443.15 vehicle 0 0.999049 votes=1
211.82 426.73 246.49 373.02 269.03 387.57 234.36 441.28 vehicle 0 0.998884 votes=1
