528.77 612.87 535.51 659.02 518.66 661.48 511.93 615.33 ship 0 0.999018 votes=1
332.24 70.71 343.90 106.02 327.27 111.51 315.61 76.20 ship 0 0.997920 votes=1
697.30 611.63 724.02 588.21 733.55 599.09 706.84 622.51 ship 0 0.997652 votes=1
472.89 392.17 497.32 413.57 488.96 423.11 464.53 401.71 ship 0 0.997579 votes=1
485.52 447.81 507.49 475.10 495.81 484.49 473.85 457.21 ship 0 0.997352 votes=1
406.07 606.64 416.89 573.33 429.56 577.45 418.75 610.75 ship 0 0.997291 votes=1
727.73 758.17 750.49 734.74 760.58 744.53 737.82 767.97 ship 0 0.996270 votes=1
495.19 437.19 522.16 457.82 514.27 468.14 487.30 447.50 ship 0 0.996225 votes=1
505.84 423.49 530.35 445.62 522.14 454.71 497.63 432.59 ship 0 0.996185 votes=1
505.45 357.72 528.60 378.52 520.36 387.70 497.20 366.90 ship 0 0.995914 votes=1
517.86 412.47 542.36 432.79 534.05 442.81 509.55 422.49 ship 0 0.995473 votes=1
447.26 417.20 473.06 438.65 464.60 448.83 438.79 427.38 ship 0 0.995363 votes=1
481.71 377.55 507.73 401.03 499.31 410.37 473.29 386.89 ship 0 0.995092 votes=1
545.47 317.24 565.97 336.19 557.79 345.04 537.29 326.10 ship 0 0.994120 votes=1
172.48 518.42 188.42 558.56 170.93 565.50 154.99 525.37 ship 0 0.993759 votes=1
459.57 402.87 483.83 426.73 474.05 436.67 449.79 412.82 ship 0 0.993313 votes=1
333.81 336.04 341.47 312.07 352.11 315.47 344.45 339.44 ship 0 0.993204 votes=1
522.21 334.09 544.71 354.76 536.93 363.23 514.43 342.56 ship 0 0.992102 votes=1
556.72 367.74 582.00 388.57 574.15 398.11 548.86 377.27 ship 0 0.991989 votes=1
573.37 282.43 595.53 295.85 590.82 303.63 568.66 290.21 ship 0 0.991987 votes=1
497.20 372.04 516.72 391.60 508.98 399.32 489.46 379.76 ship 0 0.991608 votes=1
567.74 357.84 587.15 374.74 579.98 382.97 560.58 366.06 ship 0 0.990450 votes=1
526.54 400.10 546.67 416.42 540.52 423.99 520.40 407.68 ship 0 0.989420 votes=1
187.09 403.56 212.51 413.24 208.71 423.24 183.29 413.55 ship 0 0.988761 votes=1
577.84 346.09 597.26 364.18 589.49 372.52 570.07 354.43 ship 0 0.988441 votes=1
636.76 460.81 656.81 430.68 669.91 439.40 649.86 469.52 ship 0 0.987044 votes=1
412.58 189.37 429.57 177.08 435.34 185.04 418.34 197.34 ship 0 0.986653 votes=1
535.25 329.53 555.09 346.35 548.41 354.23 528.57 337.41 ship 0 0.986149 votes=1
560.92 291.99 585.31 310.71 578.27 319.88 553.88 301.16 ship 0 0.985168 votes=1
423.87 210.40 452.31 188.97 461.42 201.06 432.99 222.50 ship 0 0.984861 votes=1
438.02 430.96 596.31 249.79 655.64 301.62 497.36 482.80 harbor 0 0.976528 votes=1
547.00 379.14 567.70 399.32 560.19 407.02 539.49 386.84 ship 0 0.976463 votes=1
624.81 438.58 642.05 417.82 649.33 423.87 632.10 444.63 ship 0 0.965803 votes=1
111.92 384.23 211.99 427.94 206.95 439.47 106.88 395.77 harbor 0 0.955271 votes=1
36.09 561.00 165.03 521.50 177.89 563.50 48.96 603.00 harbor 0 0.953336 votes=1
513.98 345.64 536.26 369.92 529.08 376.50 506.81 352.22 ship 0 0.916265 votes=1
629.41 452.34 705.20 354.50 718.77 365.01 642.98 462.85 harbor 0 0.853927 votes=1
539.63 390.38 561.19 407.23 554.00 416.42 532.44 399.57 ship 0 0.847837 votes=1
691.01 603.22 779.76 529.90 794.37 547.58 705.61 620.90 harbor 0 0.820458 votes=1
419.66 190.85 483.95 147.45 495.69 164.84 431.40 208.24 harbor 0 0.755457 votes=1
310.04 72.97 321.09 109.54 309.30 113.10 298.25 76.54 ship 0 0.741079 votes=1
729.10 751.50 799.92 714.81 810.58 735.38 739.76 772.07 harbor 0 0.706082 votes=1
311.68 -2.11 338.64 106.71 304.55 115.15 277.59 6.34 harbor 0 0.666371 votes=1
