48.73 478.65 122.63 477.65 122.98 503.79 49.08 504.80 ship 0 0.999243 votes=1
41.17 513.34 127.10 511.34 127.74 538.73 41.81 540.73 ship 0 0.999187 votes=1
46.06 448.70 129.39 441.40 131.64 467.13 48.31 474.43 ship 0 0.998913 votes=1
181.68 516.54 248.51 517.98 248.00 541.96 181.16 540.53 ship 0 0.998846 votes=1
37.31 278.79 94.14 273.84 96.10 296.38 39.27 301.32 ship 0 0.998816 votes=1
40.51 362.92 123.68 360.77 124.35 386.56 41.18 388.71 ship 0 0.998715 votes=1
21.25 287.22 23.22 324.81 9.17 325.55 7.20 287.96 ship 0 0.998675 votes=1
35.42 250.31 83.44 249.24 83.83 266.67 35.81 267.73 ship 0 0.998668 votes=1
637.63 649.68 678.19 626.61 685.98 640.30 645.42 663.37 ship 0 0.998529 votes=1
38.62 336.45 109.21 331.99 110.83 357.65 40.24 362.10 ship 0 0.998413 votes=1
387.93 287.97 388.07 254.26 401.13 254.31 400.99 288.03 ship 0 0.998273 votes=1
599.26 368.22 600.15 322.87 617.79 323.22 616.91 368.57 ship 0 0.997809 votes=1
676.55 384.69 722.62 389.78 720.84 405.88 674.77 400.78 ship 0 0.997759 votes=1
167.99 241.66 168.14 285.08 152.89 285.14 152.74 241.71 ship 0 0.997746 votes=1
672.96 75.08 677.32 102.29 665.39 104.21 661.03 76.99 vehicle 0 0.997555 votes=1
382.05 254.00 382.40 289.82 368.96 289.95 368.61 254.13 ship 0 0.997315 votes=1
254.14 517.96 334.85 519.70 334.33 544.18 253.61 542.44 ship 0 0.997069 votes=1
205.46 490.93 235.86 491.32 235.69 505.00 205.28 504.61 ship 0 0.997035 votes=1
596.01 42.75 622.07 33.67 625.79 44.33 599.73 53.41 vehicle 0 0.996901 votes=1
454.67 257.51 458.31 285.78 446.29 287.33 442.65 259.06 ship 0 0.996818 votes=1
507.32 253.30 509.16 282.37 497.16 283.13 495.32 254.06 ship 0 0.996318 votes=1
257.84 253.96 258.10 290.31 243.62 290.41 243.36 254.06 ship 0 0.996134 votes=1
592.96 330.28 593.35 368.23 579.52 368.37 579.13 330.42 ship 0 0.996032 votes=1
443.66 350.82 444.34 323.20 456.11 323.49 455.43 351.11 ship 0 0.995800 votes=1
542.06 322.01 542.21 352.43 529.51 352.49 529.37 322.07 ship 0 0.995636 votes=1
632.00 490.17 718.22 492.52 717.47 519.83 631.25 517.48 ship 0 0.995476 votes=1
276.45 253.67 277.28 286.66 263.62 287.01 262.79 254.01 ship 0 0.995032 votes=1
28.21 358.16 28.36 391.43 15.39 391.49 15.24 358.21 ship 0 0.994892 votes=1
522.02 250.18 530.75 278.44 519.22 282.00 510.49 253.74 ship 0 0.994838 votes=1
494.27 352.12 494.50 324.08 506.15 324.17 505.93 352.21 ship 0 0.994153 votes=1
420.46 322.01 421.37 350.23 408.51 350.65 407.59 322.43 ship 0 0.993735 votes=1
180.83 284.20 181.22 245.84 195.98 245.99 195.58 284.35 ship 0 0.993726 votes=1
562.90 243.72 563.44 276.06 550.24 276.28 549.70 243.94 ship 0 0.992176 votes=1
19.22 242.52 19.26 273.59 7.22 273.60 7.18 242.54 ship 0 0.991625 votes=1
733.41 202.50 733.56 161.95 746.96 162.00 746.81 202.55 vehicle 0 0.990758 votes=1
201.42 276.62 201.43 245.94 213.32 245.94 213.31 276.62 ship 0 0.989610 votes=1
475.74 351.98 475.93 321.84 487.86 321.92 487.67 352.06 ship 0 0.988607 votes=1
17.26 225.69 53.54 225.43 53.64 238.44 17.35 238.70 ship 0 0.988187 votes=1
33.15 151.39 60.68 148.99 61.74 161.17 34.21 163.56 vehicle 0 0.978878 votes=1
593.84 83.74 594.58 113.99 582.24 114.29 581.49 84.04 vehicle 0 0.974226 votes=1
289.17 495.15 319.13 495.65 318.92 508.11 288.96 507.62 ship 0 0.968351 votes=1
108.19 241.95 119.68 518.76 32.52 522.37 21.03 245.56 harbor 0 0.930248 votes=1
362.63 77.90 387.42 79.53 386.67 90.98 361.88 89.35 vehicle 0 0.860368 votes=1
582.70 318.91 730.16 330.46 725.42 391.05 577.96 379.50 harbor 0 0.748070 votes=1
650.54 548.14 668.55 548.04 668.59 555.27 650.58 555.37 ship 0 0.746213 votes=1
438.28 210.35 442.47 234.19 432.00 236.02 427.81 212.19 ship 0 0.677911 votes=1
