308.08 229.10 309.86 312.47 232.40 314.13 230.61 230.76 baseballfield 0 0.999178 votes=1
512.99 181.21 513.16 307.36 389.67 307.52 389.50 181.37 baseballfield 0 0.999135 votes=1
156.25 339.74 617.13 334.29 620.19 592.29 159.30 597.74 groundtrackfield 0 0.998196 votes=1
249.13 22.83 258.99 12.38 263.44 16.58 253.59 27.03 vehicle 0 0.984823 votes=1
256.39 76.14 264.93 65.83 269.58 69.68 261.04 79.99 vehicle 0 0.951171 votes=1
273.10 44.24 281.56 32.96 286.42 36.61 277.95 47.88 vehicle 0 0.913607 votes=1
727.23 357.17 727.28 372.97 719.63 372.99 719.58 357.19 vehicle 0 0.853639 votes=1
616.20 9.11 631.19 9.54 631.00 16.09 616.01 15.66 vehicle 0 0.774616 votes=1
36.32 110.95 57.93 111.40 57.78 118.55 36.17 118.09 vehicle 0 0.769759 votes=1
654.93 727.79 665.35 723.93 668.23 731.70 657.81 735.56 vehicle 0 0.749435 votes=1
265.45 736.60 278.46 736.79 278.36 743.50 265.35 743.31 vehicle 0 0.714521 votes=1
125.52 730.94 125.76 744.72 119.46 744.83 119.22 731.05 vehicle 0 0.673757 votes=1
