156.60 305.42 652.28 589.48 525.55 810.63 29.87 526.57 Expressway-Service-area 0 0.998489 votes=1
321.07 -2.52 814.44 270.90 692.36 491.17 199.00 217.76 Expressway-Service-area 0 0.998406 votes=1
265.09 412.89 294.17 428.55 290.65 435.10 261.57 419.44 vehicle 0 0.995513 votes=1
476.01 316.49 494.21 326.16 491.08 332.05 472.88 322.37 vehicle 0 0.992640 votes=1
511.61 346.11 565.72 375.57 562.25 381.94 508.14 352.48 vehicle 0 0.990591 votes=1
423.51 313.50 450.78 327.68 447.31 334.36 420.04 320.18 vehicle 0 0.989322 votes=1
379.54 388.68 404.05 401.58 400.32 408.66 375.81 395.76 vehicle 0 0.987002 votes=1
622.06 280.41 630.41 337.39 624.47 338.26 616.12 281.28 vehicle 0 0.983970 votes=1
583.59 356.91 611.86 372.80 608.38 378.99 580.11 363.10 vehicle 0 0.969012 votes=1
10.43 142.45 31.63 155.76 27.30 162.66 6.11 149.35 vehicle 0 0.945775 votes=1
491.46 352.16 514.74 363.47 511.46 370.21 488.18 358.90 vehicle 0 0.937269 votes=1
