18.27 258.62 22.42 116.29 158.42 120.26 154.26 262.59 airplane 0 0.999744 votes=3
19.53 475.45 120.50 460.74 133.48 549.74 32.51 564.46 airplane 0 0.999693 votes=3
195.41 658.18 299.27 642.99 311.92 729.48 208.06 744.67 airplane 0 0.999691 votes=3
145.82 460.91 253.38 457.16 256.69 551.94 149.13 555.70 airplane 0 0.999687 votes=3
168.64 146.36 274.57 142.28 278.42 242.11 172.49 246.20 airplane 0 0.999680 votes=3
385.02 461.90 490.28 458.78 492.98 549.97 387.72 553.10 airplane 0 0.999679 votes=3
369.54 70.27 376.85 5.12 425.84 10.62 418.54 75.77 airplane 0 0.999642 votes=3
421.85 758.25 449.75 784.65 439.07 795.94 411.17 769.54 vehicle 0 0.999591 votes=3
29.85 672.32 50.56 697.83 38.88 707.31 18.17 681.81 vehicle 0 0.998199 votes=3
405.11 428.60 470.61 425.18 471.63 444.79 406.13 448.21 vehicle 0 0.992632 votes=3
