210.79 612.14 218.09 675.47 196.94 677.91 189.64 614.58 ship 0 0.999633 votes=3
138.98 591.61 146.26 649.66 128.28 651.92 121.00 593.87 ship 0 0.999427 votes=3
148.86 388.34 205.25 380.26 208.46 402.66 152.07 410.73 ship 0 0.999294 votes=3
433.61 526.46 450.39 581.49 433.89 586.51 417.12 531.49 ship 0 0.999278 votes=3
117.38 612.44 130.76 670.03 109.68 674.93 96.29 617.34 ship 0 0.999233 votes=3
236.41 481.46 294.85 475.05 297.04 495.04 238.60 501.45 ship 0 0.999158 votes=3
219.42 380.80 267.63 369.85 271.35 386.22 223.14 397.17 ship 0 0.998991 votes=3
165.47 581.63 173.08 647.30 150.95 649.86 143.34 584.20 ship 0 0.998941 votes=3
177.74 462.45 216.64 448.32 221.35 461.29 182.45 475.42 ship 0 0.998867 votes=3
262.72 632.42 303.70 623.47 307.17 639.33 266.19 648.28 ship 0 0.998828 votes=3
102.55 669.77 121.13 713.68 104.39 720.77 85.80 676.86 ship 0 0.998780 votes=3
473.93 533.45 482.38 568.03 469.87 571.09 461.42 536.50 ship 0 0.998735 votes=3
211.66 330.69 265.83 328.24 266.70 347.51 212.53 349.96 ship 0 0.998648 votes=3
221.75 403.48 268.66 391.96 272.87 409.10 225.96 420.62 ship 0 0.998243 votes=3
134.78 364.66 202.66 357.27 204.93 378.11 137.05 385.50 ship 0 0.998030 votes=3
240.88 504.22 285.06 496.52 287.49 510.43 243.30 518.13 ship 0 0.998028 votes=3
215.18 358.73 260.51 354.69 261.81 369.33 216.48 373.37 ship 0 0.997937 votes=3
163.40 439.46 212.85 426.23 217.05 441.90 167.59 455.14 ship 0 0.997759 votes=3
247.59 547.88 294.80 537.75 298.17 553.48 250.96 563.61 ship 0 0.997446 votes=3
243.61 577.54 254.30 652.68 227.64 656.48 216.94 581.34 ship 0 0.996095 votes=3
182.10 651.64 183.90 705.71 161.88 706.44 160.08 652.37 ship 0 0.995443 votes=3
150.16 343.91 201.55 333.12 205.17 350.34 153.78 361.14 ship 0 0.994935 votes=3
256.77 609.37 299.03 604.19 301.03 620.49 258.77 625.66 ship 0 0.992331 votes=3
251.59 525.44 283.82 518.46 286.33 530.03 254.10 537.01 ship 0 0.988588 votes=3
563.10 553.82 588.52 659.81 572.16 663.73 546.74 557.74 harbor 0 0.840878 votes=3
264.81 329.86 324.64 721.92 207.24 739.84 147.40 347.78 harbor 0 0.754381 votes=3
454.90 552.15 484.91 678.00 471.93 681.09 441.92 555.24 harbor 0 0.747957 votes=3
