401.87 560.27 434.12 560.73 433.93 573.61 401.68 573.15 ship 0 0.997720 votes=3
441.01 564.09 472.50 564.57 472.32 576.94 440.83 576.47 ship 0 0.997704 votes=3
181.93 529.63 216.07 505.69 223.47 516.25 189.33 540.19 ship 0 0.997654 votes=3
115.32 552.61 148.39 546.79 150.60 559.33 117.53 565.15 ship 0 0.997635 votes=3
427.44 541.30 459.60 542.21 459.26 554.37 427.09 553.46 ship 0 0.997293 votes=3
486.37 568.08 519.50 568.82 519.21 581.45 486.09 580.71 ship 0 0.997135 votes=3
466.06 544.63 499.20 546.54 498.50 558.77 465.35 556.86 ship 0 0.996724 votes=3
584.78 556.92 617.93 558.12 617.49 570.32 584.34 569.11 ship 0 0.996344 votes=3
57.53 569.63 83.71 562.33 86.62 572.75 60.43 580.05 ship 0 0.996173 votes=3
506.21 547.67 540.58 549.92 539.75 562.52 505.39 560.26 ship 0 0.996081 votes=3
546.16 550.81 579.61 554.70 578.11 567.58 544.66 563.69 ship 0 0.996045 votes=3
327.15 734.99 327.45 709.56 337.62 709.68 337.32 735.11 vehicle 0 0.995056 votes=3
347.68 183.46 355.96 761.03 287.36 762.01 279.08 184.44 bridge 0 0.991681 votes=3
163.76 515.35 182.96 502.83 188.38 511.14 169.19 523.66 ship 0 0.991380 votes=3
330.74 258.08 331.02 281.05 321.81 281.16 321.52 258.19 vehicle 0 0.989467 votes=3
664.61 564.46 697.03 565.27 696.70 578.46 664.28 577.65 ship 0 0.989327 votes=3
624.99 561.86 659.37 562.58 659.12 574.84 624.74 574.13 ship 0 0.985726 votes=3
401.11 541.39 423.11 543.25 422.27 553.28 400.26 551.42 ship 0 0.976288 votes=3
3.43 491.60 190.21 434.20 217.60 523.33 30.82 580.74 harbor 0 0.954415 votes=3
629.79 115.84 659.85 285.58 635.44 289.90 605.38 120.17 harbor 0 0.935670 votes=3
135.15 524.27 159.20 518.23 161.56 527.63 137.51 533.67 ship 0 0.818944 votes=3
423.42 532.70 695.03 577.35 675.13 698.37 403.53 653.71 harbor 0 0.697549 votes=3
