516.35 360.34 545.78 407.96 529.60 417.96 500.17 370.35 ship 0 0.999474 votes=3
524.12 307.75 547.83 350.56 533.36 358.57 509.65 315.76 ship 0 0.999386 votes=3
201.48 142.81 228.26 190.00 212.52 198.93 185.74 151.75 ship 0 0.999353 votes=3
385.77 122.51 405.48 164.00 390.58 171.08 370.86 129.59 ship 0 0.999242 votes=3
237.35 203.22 256.22 238.15 244.23 244.63 225.36 209.70 ship 0 0.999036 votes=3
345.98 57.66 376.03 105.20 360.31 115.13 330.26 67.60 ship 0 0.998927 votes=3
410.89 352.20 432.62 392.86 419.85 399.68 398.12 359.03 ship 0 0.998866 votes=3
463.35 328.56 485.35 363.08 473.98 370.32 451.98 335.80 ship 0 0.998669 votes=3
142.83 197.07 160.37 227.54 150.20 233.40 132.66 202.93 ship 0 0.998447 votes=3
323.40 156.60 336.51 187.34 326.66 191.54 313.55 160.80 ship 0 0.998396 votes=3
270.09 127.82 281.09 162.70 267.54 166.98 256.54 132.10 ship 0 0.998237 votes=3
493.09 309.99 509.59 347.15 498.58 352.03 482.09 314.87 ship 0 0.998185 votes=3
289.30 174.83 306.40 206.54 294.61 212.90 277.51 181.20 ship 0 0.997183 votes=3
233.39 443.71 260.86 485.97 246.03 495.62 218.56 453.35 ship 0 0.997004 votes=3
356.74 135.51 378.69 172.91 366.78 179.89 344.83 142.50 ship 0 0.996699 votes=3
185.60 231.79 201.78 260.24 192.46 265.54 176.27 237.09 ship 0 0.996198 votes=3
431.67 351.09 446.73 382.57 436.06 387.67 421.00 356.19 ship 0 0.994931 votes=3
298.86 105.97 314.17 144.43 302.54 149.07 287.22 110.60 ship 0 0.994859 votes=3
272.59 186.66 285.58 216.67 275.47 221.05 262.48 191.04 ship 0 0.993797 votes=3
397.44 88.98 414.46 120.33 404.53 125.72 387.51 94.36 ship 0 0.993670 votes=3
57.53 341.22 76.17 380.65 63.56 386.61 44.92 347.18 ship 0 0.992283 votes=3
328.11 409.09 343.68 438.94 333.13 444.44 317.56 414.59 ship 0 0.992112 votes=3
170.19 243.79 180.40 265.67 170.96 270.08 160.74 248.20 ship 0 0.984451 votes=3
75.28 611.08 94.31 596.07 100.27 603.62 81.24 618.63 ship 0 0.976418 votes=3
89.45 616.83 107.85 605.17 112.57 612.62 94.17 624.28 ship 0 0.964000 votes=3
71.71 230.02 377.33 57.40 427.52 146.26 121.90 318.88 harbor 0 0.949668 votes=3
178.55 470.29 511.17 306.23 552.45 389.93 219.83 553.99 harbor 0 0.942301 votes=3
267.52 498.69 276.87 516.51 270.20 520.01 260.85 502.19 ship 0 0.894305 votes=3
142.21 634.51 208.66 613.71 210.72 620.29 144.26 641.09 harbor 0 0.656238 votes=2
