116.08 653.01 131.21 691.76 118.75 696.63 103.61 657.88 ship 0 0.998887 votes=3
166.85 505.85 194.33 492.75 199.23 503.04 171.75 516.14 ship 0 0.997726 votes=3
171.68 522.52 199.60 507.54 205.17 517.93 177.25 532.91 ship 0 0.997416 votes=3
182.01 542.03 212.62 526.47 217.97 537.00 187.36 552.56 ship 0 0.996911 votes=3
247.72 516.26 279.44 569.72 263.17 579.38 231.44 525.92 ship 0 0.996784 votes=3
705.29 314.03 740.46 288.53 750.43 302.28 715.25 327.77 ship 0 0.996602 votes=3
232.77 632.67 258.52 616.02 264.46 625.21 238.72 641.86 ship 0 0.996500 votes=3
228.52 614.39 256.07 600.37 261.54 611.11 233.99 625.13 ship 0 0.996391 votes=3
204.71 579.79 237.40 562.13 243.05 572.60 210.36 590.26 ship 0 0.995053 votes=3
143.86 472.63 176.32 453.97 181.81 463.53 149.35 482.18 ship 0 0.993164 votes=3
654.31 313.83 690.54 289.45 699.68 303.04 663.46 327.42 ship 0 0.992235 votes=3
217.29 592.57 238.97 579.23 244.31 587.91 222.63 601.24 ship 0 0.992172 votes=3
735.10 260.62 772.64 236.26 780.77 248.79 743.23 273.15 ship 0 0.986477 votes=3
308.18 264.57 332.26 309.65 316.56 318.03 292.49 272.95 ship 0 0.980582 votes=3
207.52 461.12 225.25 491.46 216.42 496.61 198.69 466.28 ship 0 0.968593 votes=3
572.20 280.95 606.44 331.83 590.58 342.51 556.33 291.62 ship 0 0.957741 votes=3
660.53 208.54 710.10 176.52 720.78 193.06 671.21 225.07 ship 0 0.953085 votes=3
135.11 697.08 150.03 729.03 138.04 734.63 123.11 702.69 ship 0 0.937663 votes=3
140.63 347.28 309.35 644.67 254.33 675.88 85.62 378.49 harbor 0 0.882296 votes=3
682.30 324.59 700.90 316.69 705.88 328.41 687.27 336.31 ship 0 0.669294 votes=3
