382.10 395.02 430.30 393.88 430.77 413.73 382.57 414.87 ship 0 0.999191 votes=3
385.15 484.57 430.86 481.92 431.76 497.40 386.05 500.05 ship 0 0.998871 votes=3
396.10 568.96 437.24 568.06 437.57 583.08 396.43 583.98 ship 0 0.998577 votes=3
328.02 510.99 372.21 508.94 372.91 524.10 328.72 526.15 ship 0 0.997910 votes=3
383.37 372.54 442.89 370.77 443.45 389.44 383.93 391.22 ship 0 0.997909 votes=3
343.53 597.52 376.89 596.70 377.20 609.32 343.84 610.14 ship 0 0.997097 votes=3
100.95 35.61 145.87 34.79 146.20 52.50 101.28 53.32 ship 0 0.995934 votes=3
319.94 383.03 356.91 382.32 357.17 395.93 320.20 396.64 ship 0 0.995701 votes=3
387.83 529.58 429.12 526.09 430.33 540.47 389.04 543.97 ship 0 0.995628 votes=3
461.32 109.73 462.66 154.22 446.05 154.72 444.71 110.23 ship 0 0.995361 votes=3
325.39 468.04 357.35 467.17 357.69 479.75 325.73 480.63 ship 0 0.993883 votes=3
385.30 114.29 467.65 109.65 470.74 164.55 388.40 169.19 harbor 0 0.992716 votes=3
325.99 574.23 373.86 573.63 374.06 589.38 326.19 589.98 ship 0 0.992362 votes=3
278.10 26.65 308.32 25.48 308.80 38.06 278.58 39.23 ship 0 0.990876 votes=3
189.83 28.80 223.47 27.17 224.14 40.94 190.50 42.58 ship 0 0.988328 votes=3
433.66 373.10 440.26 637.82 325.86 640.67 319.27 375.95 harbor 0 0.967196 votes=3
68.66 46.02 93.75 46.95 93.41 56.11 68.32 55.18 ship 0 0.939267 votes=3
332.84 620.54 380.25 618.38 380.96 633.92 333.55 636.08 ship 0 0.933675 votes=3
383.38 248.69 485.77 238.63 486.68 247.91 384.29 257.97 harbor 0 0.859052 votes=3
397.72 590.63 427.64 591.28 427.36 604.19 397.44 603.54 ship 0 0.856813 votes=3
188.30 382.49 374.60 367.31 376.00 384.48 189.70 399.65 harbor 0 0.668296 votes=2
