223.53 508.61 293.45 512.57 290.98 556.33 221.05 552.37 storagetank 0 0.998491 votes=3
245.89 215.95 296.90 218.39 295.28 252.29 244.27 249.85 storagetank 0 0.998480 votes=3
223.01 459.24 295.90 465.09 292.24 510.76 219.35 504.91 storagetank 0 0.998452 votes=3
243.93 425.69 291.86 429.85 288.92 463.77 240.98 459.61 storagetank 0 0.998259 votes=3
245.87 314.93 295.40 318.92 292.69 352.55 243.16 348.56 storagetank 0 0.998199 votes=3
246.07 253.63 295.20 254.51 294.61 288.10 245.48 287.22 storagetank 0 0.998172 votes=3
466.17 609.44 596.24 614.79 591.80 722.72 461.72 717.37 storagetank 0 0.997961 votes=3
247.81 177.92 296.58 179.48 295.42 215.67 246.65 214.11 storagetank 0 0.997849 votes=3
251.18 136.63 298.95 143.48 294.13 177.11 246.36 170.27 storagetank 0 0.997806 votes=3
243.69 389.56 292.01 390.10 291.61 426.41 243.29 425.87 storagetank 0 0.997463 votes=3
245.45 351.80 292.00 352.75 291.27 388.73 244.71 387.78 storagetank 0 0.997402 votes=3
437.69 377.44 647.37 380.01 645.05 568.52 435.38 565.95 storagetank 0 0.996876 votes=3
