491.12 619.55 491.54 568.15 512.33 568.32 511.91 619.73 ship 0 0.999478 votes=3
586.38 339.33 622.76 342.42 621.63 355.64 585.25 352.55 ship 0 0.999038 votes=3
535.71 445.33 581.11 455.60 577.82 470.14 532.42 459.86 ship 0 0.998125 votes=3
547.58 626.73 580.44 625.95 580.72 637.92 547.86 638.70 ship 0 0.997721 votes=3
80.54 509.80 80.62 615.67 18.99 615.71 18.91 509.85 harbor 0 0.997350 votes=3
521.05 581.94 558.95 581.81 559.00 595.55 521.10 595.69 ship 0 0.995707 votes=3
516.12 563.85 547.36 563.77 547.39 576.45 516.15 576.53 ship 0 0.993127 votes=3
598.84 453.99 622.58 459.69 620.08 470.09 596.34 464.39 ship 0 0.992785 votes=3
515.56 621.21 542.86 621.93 542.56 633.13 515.27 632.41 ship 0 0.992261 votes=3
590.09 363.48 618.32 364.35 617.98 375.36 589.75 374.49 ship 0 0.990705 votes=3
517.05 710.91 589.12 708.70 589.87 733.34 517.80 735.55 harbor 0 0.978627 votes=3
166.96 584.32 170.49 610.72 159.87 612.14 156.34 585.74 ship 0 0.968723 votes=3
506.45 566.61 614.70 571.97 611.88 628.86 503.63 623.50 harbor 0 0.899427 votes=3
596.48 211.60 771.66 201.83 772.42 215.54 597.24 225.31 harbor 0 0.889608 votes=3
538.10 464.25 680.99 475.23 680.02 487.90 537.13 476.92 harbor 0 0.755330 votes=3
582.42 352.43 725.96 358.99 725.19 375.93 581.65 369.37 harbor 0 0.740001 votes=3
535.65 475.70 553.10 476.63 552.69 484.23 535.24 483.30 ship 0 0.716690 votes=3
766.62 313.86 766.90 290.66 775.39 290.76 775.11 313.97 vehicle 0 0.704919 votes=3
