-43.73 589.20 197.44 8.55 462.18 118.51 221.01 699.16 Expressway-Service-area 0 0.998965 votes=3
436.48 612.01 468.48 598.57 471.54 605.84 439.54 619.29 vehicle 0 0.998262 votes=3
350.22 706.99 591.97 123.83 863.93 236.57 622.18 819.73 Expressway-Service-area 0 0.997827 votes=3
468.46 567.99 487.50 561.77 489.68 568.44 470.64 574.65 vehicle 0 0.990183 votes=3
188.34 497.04 200.54 433.73 208.13 435.19 195.93 498.50 vehicle 0 0.989966 votes=3
570.34 378.26 585.18 326.71 590.40 328.21 575.56 379.76 vehicle 0 0.987750 votes=3
235.30 426.16 261.51 420.21 263.04 426.98 236.84 432.93 vehicle 0 0.986867 votes=3
465.08 639.04 490.46 629.39 492.52 634.82 467.14 644.47 vehicle 0 0.983202 votes=3
222.70 448.83 250.64 442.12 252.31 449.07 224.37 455.78 vehicle 0 0.945068 votes=3
559.03 496.90 559.07 464.91 565.19 464.91 565.16 496.91 vehicle 0 0.921698 votes=3
527.78 530.52 546.67 522.74 549.52 529.67 530.64 537.46 vehicle 0 0.889392 votes=3
467.79 242.04 473.55 226.23 478.99 228.21 473.24 244.02 vehicle 0 0.858102 votes=3
262.59 357.19 290.88 350.86 292.68 358.88 264.38 365.21 vehicle 0 0.723576 votes=3
