699.60 134.13 699.61 312.11 615.51 312.12 615.50 134.13 tenniscourt 0 0.999685 votes=3
467.95 134.38 469.14 313.29 384.41 313.85 383.21 134.95 tenniscourt 0 0.999677 votes=3
583.90 133.76 584.65 312.80 500.59 313.15 499.84 134.11 tenniscourt 0 0.999671 votes=3
85.83 341.06 131.21 352.34 127.16 368.64 81.78 357.36 vehicle 0 0.999607 votes=3
480.62 443.95 483.81 641.61 368.39 643.47 365.21 445.81 basketballcourt 0 0.999426 votes=3
615.65 441.67 617.24 640.09 502.42 641.01 500.83 442.59 basketballcourt 0 0.999387 votes=3
78.89 371.68 125.73 381.04 122.52 397.11 75.68 387.75 vehicle 0 0.999312 votes=3
175.86 18.57 208.71 27.42 205.16 40.62 172.31 31.77 vehicle 0 0.999056 votes=3
88.42 415.88 95.49 439.44 84.97 442.60 77.89 419.05 vehicle 0 0.983244 votes=3
776.56 594.53 799.76 595.91 799.03 608.17 775.83 606.79 vehicle 0 0.970535 votes=3
79.79 396.41 102.57 399.53 101.07 410.44 78.29 407.32 vehicle 0 0.925347 votes=3
