681.30 569.99 725.43 493.54 750.32 507.91 706.19 584.36 ship 0 0.999461 votes=3
614.99 507.95 664.54 431.33 689.23 447.30 639.69 523.92 ship 0 0.999460 votes=3
555.43 469.15 605.97 383.99 632.37 399.66 581.83 484.82 ship 0 0.999406 votes=3
362.80 373.33 403.06 315.93 420.51 328.16 380.25 385.57 ship 0 0.999401 votes=3
373.98 409.05 426.56 331.21 450.85 347.62 398.27 425.46 ship 0 0.999372 votes=3
115.34 256.60 154.49 199.00 175.20 213.08 136.05 270.68 ship 0 0.999324 votes=3
647.45 526.63 692.28 455.47 715.34 470.00 670.51 541.16 ship 0 0.999320 votes=3
595.12 614.64 633.75 553.34 655.88 567.29 617.26 628.59 ship 0 0.999264 votes=3
161.65 265.88 201.18 201.42 225.50 216.34 185.97 280.79 ship 0 0.999125 votes=3
465.56 447.81 505.41 385.86 529.79 401.55 489.93 463.49 ship 0 0.998865 votes=3
217.01 302.27 265.58 229.49 287.17 243.90 238.60 316.68 ship 0 0.998831 votes=3
521.84 449.69 566.96 374.59 592.90 390.17 547.77 465.28 ship 0 0.998720 votes=3
184.59 290.16 237.67 211.19 262.28 227.73 209.21 306.70 ship 0 0.998254 votes=3
557.65 369.44 738.79 498.35 639.54 637.80 458.41 508.89 harbor 0 0.858486 votes=3
57.89 40.06 621.66 412.63 538.76 538.07 -25.00 165.50 harbor 0 0.857187 votes=3
