538.05 390.69 546.07 430.06 531.33 433.07 523.31 393.69 ship 0 0.998916 votes=3
640.91 368.11 647.17 406.10 632.06 408.59 625.80 370.60 ship 0 0.998744 votes=3
565.98 386.41 575.19 421.52 560.43 425.40 551.21 390.28 ship 0 0.996947 votes=3
500.47 201.34 515.01 231.69 502.57 237.65 488.03 207.30 ship 0 0.996820 votes=3
498.98 579.63 503.18 610.89 490.22 612.63 486.02 581.37 ship 0 0.996562 votes=3
620.99 580.19 624.98 614.04 611.07 615.68 607.09 581.82 ship 0 0.995959 votes=3
435.56 182.34 448.29 213.21 435.93 218.30 423.20 187.43 ship 0 0.993207 votes=3
530.44 190.24 541.96 219.52 528.75 224.72 517.22 195.44 ship 0 0.992734 votes=3
367.02 213.10 551.73 131.88 583.03 203.06 398.32 284.28 harbor 0 0.989889 votes=3
551.33 591.93 559.08 625.34 544.42 628.74 536.67 595.33 ship 0 0.989623 votes=3
508.10 346.87 635.15 321.61 651.36 403.17 524.32 428.42 harbor 0 0.989186 votes=3
526.64 348.11 532.43 378.11 519.47 380.61 513.68 350.62 ship 0 0.988811 votes=3
494.60 550.22 676.16 521.84 688.48 600.62 506.92 629.01 harbor 0 0.988509 votes=3
462.59 168.03 475.50 199.77 461.67 205.39 448.76 173.65 ship 0 0.988407 votes=3
376.53 222.43 388.41 248.45 376.48 253.90 364.60 227.88 ship 0 0.983153 votes=3
570.34 587.18 576.99 623.29 564.18 625.65 557.53 589.54 ship 0 0.981383 votes=3
484.78 215.46 495.20 239.92 481.91 245.58 471.49 221.12 ship 0 0.955729 votes=3
651.82 572.87 654.68 603.37 642.40 604.52 639.54 574.02 ship 0 0.794339 votes=3
