230.25 319.40 231.46 266.22 275.97 267.23 274.77 320.41 airplane 0 0.999753 votes=3
124.90 386.66 125.05 433.43 91.39 433.54 91.23 386.77 airplane 0 0.999715 votes=3
127.60 620.47 127.87 669.03 93.56 669.23 93.29 620.67 airplane 0 0.999694 votes=3
123.04 272.77 123.22 313.65 91.82 313.79 91.64 272.91 airplane 0 0.999692 votes=3
86.10 198.04 86.48 149.33 118.38 149.58 118.00 198.29 airplane 0 0.999686 votes=3
90.47 373.97 90.56 329.82 124.85 329.89 124.77 374.04 airplane 0 0.999678 votes=3
269.90 93.80 270.77 134.13 241.33 134.77 240.46 94.43 airplane 0 0.999655 votes=3
236.74 79.89 237.05 34.15 271.93 34.38 271.63 80.12 airplane 0 0.999653 votes=3
234.43 194.57 234.62 149.92 266.74 150.06 266.55 194.71 airplane 0 0.999652 votes=3
118.99 210.04 120.45 257.79 90.16 258.71 88.70 210.97 airplane 0 0.999644 votes=3
124.34 741.44 126.82 781.16 94.75 783.16 92.27 743.45 airplane 0 0.999638 votes=3
128.13 681.24 128.29 725.16 96.19 725.27 96.03 681.35 airplane 0 0.999599 votes=3
268.76 208.68 268.95 253.91 237.87 254.04 237.68 208.81 airplane 0 0.999561 votes=3
124.76 444.28 125.47 491.29 93.24 491.78 92.53 444.77 airplane 0 0.999492 votes=3
94.90 610.13 96.38 560.35 128.98 561.32 127.50 611.10 airplane 0 0.999445 votes=3
127.86 503.10 128.77 549.61 95.29 550.27 94.37 503.76 airplane 0 0.999276 votes=3
