288.67 43.15 291.69 120.17 265.60 121.20 262.58 44.18 ship 0 0.999795 votes=3
164.74 591.11 168.09 683.42 140.30 684.43 136.95 592.12 ship 0 0.999778 votes=3
375.75 510.75 377.02 577.32 354.64 577.75 353.37 511.18 ship 0 0.999765 votes=3
102.71 119.65 102.83 43.48 129.96 43.52 129.84 119.70 ship 0 0.999765 votes=3
435.13 24.24 438.54 115.97 408.45 117.09 405.04 25.36 ship 0 0.999748 votes=3
305.13 512.45 305.44 575.05 284.46 575.15 284.15 512.56 ship 0 0.999747 votes=3
248.03 682.21 248.03 591.84 276.43 591.85 276.43 682.21 ship 0 0.999747 votes=3
213.40 666.04 213.73 596.73 235.79 596.84 235.46 666.14 ship 0 0.999743 votes=3
197.28 404.02 198.18 331.74 220.63 332.02 219.73 404.30 ship 0 0.999730 votes=3
635.20 336.02 635.39 411.38 611.88 411.44 611.68 336.09 ship 0 0.999712 votes=3
637.53 518.96 638.02 585.05 614.85 585.22 614.36 519.13 ship 0 0.999705 votes=3
231.85 402.81 232.18 331.32 255.74 331.43 255.40 402.92 ship 0 0.999704 votes=3
177.02 36.85 178.64 120.54 152.67 121.04 151.05 37.36 ship 0 0.999687 votes=3
556.19 666.92 556.63 604.63 578.53 604.79 578.10 667.07 ship 0 0.999685 votes=3
395.16 57.12 395.40 118.28 375.82 118.35 375.58 57.19 ship 0 0.999680 votes=3
39.35 405.78 40.09 327.23 64.67 327.46 63.93 406.01 ship 0 0.999678 votes=3
173.85 266.66 174.20 313.44 156.50 313.57 156.15 266.79 ship 0 0.999676 votes=3
238.75 508.07 238.78 574.48 215.73 574.49 215.70 508.08 ship 0 0.999676 votes=3
534.36 406.33 534.48 335.28 557.40 335.32 557.27 406.37 ship 0 0.999669 votes=3
668.09 137.51 668.58 186.10 650.85 186.28 650.36 137.69 ship 0 0.999663 votes=3
96.03 689.67 98.22 594.61 125.72 595.24 123.53 690.30 ship 0 0.999661 votes=3
314.30 593.18 315.47 679.20 289.76 679.55 288.59 593.53 ship 0 0.999654 votes=3
139.53 574.42 139.95 508.81 160.97 508.94 160.55 574.56 ship 0 0.999653 votes=3
480.03 118.77 480.79 24.21 509.87 24.45 509.11 119.01 ship 0 0.999651 votes=3
427.23 399.42 427.78 334.86 449.51 335.04 448.96 399.61 ship 0 0.999641 votes=3
610.66 602.92 610.90 654.78 591.32 654.87 591.07 603.02 ship 0 0.999638 votes=3
520.99 120.77 522.65 44.33 548.96 44.90 547.30 121.34 ship 0 0.999636 votes=3
274.90 186.87 275.28 139.59 293.18 139.73 292.80 187.01 ship 0 0.999625 votes=3
539.94 580.94 540.66 514.61 562.85 514.85 562.13 581.18 ship 0 0.999623 votes=3
174.58 678.30 174.98 595.89 199.83 596.01 199.43 678.42 ship 0 0.999619 votes=3
595.63 118.48 595.65 57.44 614.66 57.45 614.65 118.49 ship 0 0.999612 votes=3
335.81 121.09 336.31 49.69 359.65 49.86 359.14 121.25 ship 0 0.999604 votes=3
245.86 575.45 245.88 502.96 272.89 502.96 272.87 575.45 ship 0 0.999594 votes=3
118.73 399.52 118.87 329.39 144.41 329.44 144.27 399.57 ship 0 0.999593 votes=3
298.78 119.46 299.27 51.39 322.99 51.56 322.50 119.63 ship 0 0.999592 votes=3
156.28 139.44 156.69 195.56 137.87 195.70 137.47 139.57 ship 0 0.999589 votes=3
431.84 579.00 432.14 510.69 455.36 510.79 455.06 579.10 ship 0 0.999588 votes=3
331.56 332.59 331.96 407.23 308.07 407.36 307.67 332.72 ship 0 0.999586 votes=3
141.33 262.75 144.80 312.28 127.11 313.52 123.65 263.99 ship 0 0.999584 votes=3
166.43 203.77 169.12 139.43 189.31 140.27 186.62 204.61 ship 0 0.999584 votes=3
70.33 128.49 72.44 52.67 95.91 53.32 93.81 129.14 ship 0 0.999583 votes=3
558.73 110.81 558.74 17.69 587.90 17.69 587.88 110.82 ship 0 0.999580 votes=3
359.69 138.59 360.48 194.46 341.93 194.72 341.14 138.85 ship 0 0.999577 votes=3
683.13 24.43 684.29 115.95 653.58 116.34 652.42 24.82 ship 0 0.999576 votes=3
650.03 583.66 651.43 511.36 677.08 511.86 675.68 584.15 ship 0 0.999574 votes=3
77.88 412.88 77.96 330.29 105.35 330.31 105.27 412.91 ship 0 0.999559 votes=3
583.95 583.63 585.39 526.42 604.66 526.90 603.22 584.12 ship 0 0.999558 votes=3
385.27 597.34 385.59 670.03 362.82 670.13 362.49 597.44 ship 0 0.999557 votes=3
467.60 582.00 467.92 518.36 488.53 518.46 488.22 582.10 ship 0 0.999551 votes=3
60.90 568.44 62.13 497.24 84.67 497.63 83.45 568.83 ship 0 0.999551 votes=3
230.54 118.81 230.72 59.56 251.52 59.63 251.34 118.87 ship 0 0.999544 votes=3
450.11 192.39 450.39 141.41 468.97 141.51 468.69 192.49 ship 0 0.999528 votes=3
584.57 265.73 585.17 319.39 567.30 319.59 566.70 265.93 ship 0 0.999522 votes=3
387.40 395.42 387.58 332.19 409.09 332.25 408.91 395.48 ship 0 0.999512 votes=3
122.56 137.56 127.74 198.75 107.77 200.45 102.59 139.25 ship 0 0.999498 votes=3
391.09 661.38 392.14 598.92 414.45 599.29 413.41 661.75 ship 0 0.999496 votes=3
441.99 317.91 442.64 270.35 459.91 270.58 459.27 318.15 ship 0 0.999493 votes=3
352.09 399.84 352.56 333.23 374.79 333.39 374.32 400.00 ship 0 0.999487 votes=3
553.34 185.90 553.51 140.05 570.02 140.11 569.85 185.96 ship 0 0.999482 votes=3
385.09 260.67 385.38 316.82 366.89 316.92 366.59 260.76 ship 0 0.999458 votes=3
512.68 602.51 513.26 670.92 493.10 671.09 492.52 602.68 ship 0 0.999451 votes=3
318.40 578.26 318.50 504.95 342.44 504.98 342.34 578.29 ship 0 0.999447 votes=3
85.27 592.13 85.64 672.01 59.68 672.13 59.32 592.25 ship 0 0.999430 votes=3
615.50 269.41 616.06 318.86 598.89 319.05 598.34 269.60 ship 0 0.999413 votes=3
504.83 581.39 506.55 514.23 529.39 514.81 527.66 581.98 ship 0 0.999402 votes=3
326.91 139.73 327.80 197.36 307.75 197.67 306.85 140.04 ship 0 0.999402 votes=3
377.90 191.97 377.93 144.27 395.85 144.28 395.83 191.98 ship 0 0.999388 votes=3
637.51 138.42 637.76 192.55 618.48 192.64 618.23 138.51 ship 0 0.999381 votes=3
461.97 404.00 462.32 342.05 482.29 342.16 481.94 404.11 ship 0 0.999380 votes=3
493.33 407.77 495.40 340.67 519.60 341.42 517.53 408.52 ship 0 0.999380 votes=3
695.82 746.43 695.99 789.36 678.19 789.43 678.02 746.51 ship 0 0.999370 votes=3
763.50 137.18 763.66 191.14 746.14 191.19 745.98 137.23 ship 0 0.999369 votes=3
604.39 138.88 605.10 198.14 586.69 198.36 585.98 139.10 ship 0 0.999354 votes=3
646.18 52.48 649.68 117.63 627.45 118.83 623.95 53.68 ship 0 0.999348 votes=3
392.32 580.96 393.09 517.96 415.33 518.23 414.55 581.23 ship 0 0.999327 votes=3
715.40 262.29 715.57 320.70 696.18 320.75 696.01 262.35 ship 0 0.999321 votes=3
223.36 140.33 223.42 196.19 204.39 196.21 204.33 140.35 ship 0 0.999315 votes=3
577.62 400.14 577.62 336.61 598.77 336.61 598.77 400.14 ship 0 0.999312 votes=3
328.52 658.05 328.88 598.18 350.48 598.31 350.12 658.18 ship 0 0.999312 votes=3
102.36 572.92 103.57 499.13 127.51 499.52 126.31 573.32 ship 0 0.999304 votes=3
471.97 317.77 472.69 270.24 490.47 270.51 489.74 318.04 ship 0 0.999285 votes=3
269.26 435.01 316.05 439.89 314.16 458.02 267.37 453.15 ship 0 0.999283 votes=3
641.95 604.13 642.32 654.51 624.14 654.64 623.77 604.26 ship 0 0.999283 votes=3
203.47 522.93 203.68 574.37 186.79 574.43 186.59 523.00 ship 0 0.999271 votes=3
335.57 309.74 337.19 263.98 354.12 264.58 352.50 310.34 ship 0 0.999266 votes=3
242.95 196.62 243.18 145.70 260.68 145.78 260.45 196.70 ship 0 0.999263 votes=3
73.24 310.43 74.47 255.74 92.91 256.16 91.68 310.84 ship 0 0.999252 votes=3
66.42 254.74 66.59 319.05 47.34 319.10 47.17 254.79 ship 0 0.999209 votes=3
664.61 314.65 664.63 266.84 681.81 266.85 681.79 314.66 ship 0 0.999204 votes=3
270.91 316.22 271.12 270.17 288.46 270.25 288.25 316.30 ship 0 0.999195 votes=3
552.45 272.65 552.82 320.24 535.51 320.38 535.14 272.78 ship 0 0.999188 votes=3
713.59 68.97 713.82 113.97 696.69 114.06 696.45 69.06 ship 0 0.999180 votes=3
199.28 315.64 202.98 261.83 220.98 263.07 217.28 316.88 ship 0 0.999162 votes=3
294.38 332.37 294.66 414.35 266.62 414.44 266.34 332.46 ship 0 0.999109 votes=3
653.86 412.66 655.22 338.96 679.85 339.42 678.50 413.12 ship 0 0.999094 votes=3
486.36 198.76 486.50 147.94 503.56 147.99 503.42 198.81 ship 0 0.999081 votes=3
425.69 661.26 426.77 601.93 445.86 602.27 444.78 661.60 ship 0 0.999040 votes=3
726.84 319.51 730.69 273.47 746.97 274.83 743.12 320.87 ship 0 0.998998 votes=3
180.15 332.07 180.83 401.28 155.80 401.52 155.12 332.31 ship 0 0.998929 votes=3
730.00 135.67 730.41 185.62 713.52 185.76 713.11 135.81 ship 0 0.998780 votes=3
526.57 647.60 529.03 601.14 547.73 602.13 545.27 648.59 ship 0 0.998741 votes=3
432.14 144.84 432.29 190.71 415.71 190.76 415.56 144.90 ship 0 0.998655 votes=3
255.65 271.19 256.39 319.17 239.35 319.44 238.60 271.45 ship 0 0.998476 votes=3
698.47 134.37 698.57 184.73 682.15 184.76 682.05 134.40 ship 0 0.998465 votes=3
427.44 272.25 427.72 318.86 409.51 318.97 409.23 272.36 ship 0 0.998416 votes=3
675.91 608.09 676.40 667.97 656.15 668.14 655.66 608.26 ship 0 0.998072 votes=3
522.30 275.54 522.39 321.17 504.24 321.20 504.14 275.57 ship 0 0.997898 votes=3
689.13 464.97 690.16 434.55 703.03 434.99 702.00 465.41 ship 0 0.997866 votes=3
719.45 108.47 719.97 70.89 736.18 71.12 735.66 108.70 ship 0 0.997614 votes=3
660.26 460.36 661.58 422.87 678.00 423.45 676.67 460.94 ship 0 0.996672 votes=3
15.20 665.68 16.33 537.29 44.87 537.54 43.73 665.94 ship 0 0.989680 votes=3
689.48 507.65 689.61 485.47 700.27 485.53 700.14 507.71 ship 0 0.966338 votes=3
46.14 515.33 669.83 515.25 669.85 670.88 46.16 670.96 harbor 0 0.961173 votes=3
706.94 794.97 715.15 778.80 725.00 783.80 716.79 799.97 ship 0 0.960183 votes=3
706.65 646.91 714.37 631.17 722.98 635.39 715.26 651.13 ship 0 0.956908 votes=3
61.40 265.33 751.70 271.32 750.57 401.52 60.27 395.53 harbor 0 0.948330 votes=3
90.69 54.33 768.18 49.63 769.11 184.74 91.63 189.43 harbor 0 0.930722 votes=3
768.89 233.60 773.06 252.23 762.81 254.52 758.65 235.89 ship 0 0.913330 votes=3
768.62 205.60 769.14 226.16 758.02 226.44 757.50 205.88 ship 0 0.910807 votes=3
792.38 205.28 793.98 226.00 783.37 226.82 781.77 206.10 ship 0 0.904133 votes=3
706.50 704.32 717.53 688.17 726.52 694.31 715.48 710.46 ship 0 0.901997 votes=3
702.88 629.73 704.89 610.24 714.29 611.21 712.28 630.70 ship 0 0.839280 votes=3
115.96 289.11 117.00 309.36 106.30 309.91 105.26 289.66 ship 0 0.832046 votes=3
785.03 131.65 790.20 150.40 781.10 152.91 775.94 134.15 ship 0 0.784237 votes=2
764.96 313.90 766.37 294.12 776.41 294.83 775.00 314.61 ship 0 0.769210 votes=2
785.05 273.24 790.87 254.63 799.34 257.28 793.52 275.89 ship 0 0.751838 votes=3
