504.20 128.75 544.54 45.41 578.77 61.98 538.43 145.32 vehicle 0 0.999751 votes=3
362.20 178.73 408.25 91.87 445.05 111.38 399.01 198.24 vehicle 0 0.999738 votes=3
370.70 393.25 403.41 320.62 433.80 334.30 401.09 406.93 vehicle 0 0.999679 votes=3
215.39 343.46 258.62 258.15 295.83 277.01 252.60 362.31 vehicle 0 0.999649 votes=3
448.61 241.60 486.36 167.97 520.82 185.64 483.06 259.27 vehicle 0 0.999646 votes=3
524.02 218.03 556.62 149.82 590.78 166.14 558.18 234.35 vehicle 0 0.999583 votes=3
590.01 94.11 632.82 17.02 666.52 35.73 623.71 112.82 vehicle 0 0.999570 votes=3
468.69 629.81 515.80 548.11 550.91 568.36 503.80 650.06 vehicle 0 0.999236 votes=3
206.59 760.00 243.94 682.13 280.19 699.51 242.83 777.38 vehicle 0 0.999236 votes=3
294.76 581.71 338.88 477.34 378.83 494.22 334.70 598.60 vehicle 0 0.998927 votes=3
395.61 523.44 434.26 447.02 466.50 463.33 427.85 539.75 vehicle 0 0.997542 votes=3
