567.68 449.59 683.62 397.03 703.49 440.87 587.56 493.43 Expressway-toll-station 0 0.999242 votes=3
473.92 502.75 480.33 538.16 471.72 539.71 465.31 504.31 vehicle 0 0.998682 votes=3
544.78 290.26 562.10 324.79 553.90 328.90 536.58 294.37 vehicle 0 0.998019 votes=3
493.99 625.59 529.88 613.22 532.95 622.13 497.06 634.50 vehicle 0 0.996657 votes=3
667.20 654.55 681.82 691.01 673.49 694.36 658.86 657.90 vehicle 0 0.993591 votes=3
505.89 204.21 508.03 243.49 497.78 244.04 495.64 204.77 vehicle 0 0.992018 votes=3
510.32 97.26 519.07 117.30 512.37 120.22 503.62 100.19 vehicle 0 0.991846 votes=3
506.08 657.27 534.79 633.89 539.96 640.24 511.25 663.62 vehicle 0 0.989990 votes=3
418.61 528.42 443.55 556.18 437.54 561.58 412.60 533.82 vehicle 0 0.974921 votes=3
482.67 656.15 517.17 633.90 521.41 640.48 486.91 662.73 vehicle 0 0.935366 votes=3
