393.79 423.92 492.35 425.36 490.94 521.83 392.38 520.39 storagetank 0 0.999243 votes=3
535.86 151.61 642.92 154.69 639.94 258.06 532.88 254.97 storagetank 0 0.999199 votes=3
458.18 268.69 573.32 269.10 572.91 383.65 457.78 383.24 storagetank 0 0.998921 votes=3
531.71 405.00 646.68 405.08 646.61 520.03 531.63 519.95 storagetank 0 0.998194 votes=3
609.10 263.37 742.64 266.50 739.74 390.09 606.20 386.97 storagetank 0 0.997259 votes=3
419.41 334.79 433.67 335.52 432.97 349.24 418.71 348.52 storagetank 0 0.960142 votes=3
418.91 351.13 435.95 351.84 435.37 365.80 418.33 365.09 storagetank 0 0.957102 votes=3
505.26 37.69 505.31 54.98 498.56 55.00 498.51 37.71 vehicle 0 0.933505 votes=3
417.96 318.56 431.98 319.15 431.39 333.04 417.37 332.45 storagetank 0 0.921671 votes=3
314.99 482.84 334.04 484.17 333.22 495.93 314.17 494.60 storagetank 0 0.782280 votes=3
242.94 684.00 259.56 684.33 259.43 691.29 242.80 690.96 vehicle 0 0.781148 votes=3
404.50 355.87 418.84 357.54 417.83 366.23 403.48 364.56 storagetank 0 0.777831 votes=3
274.58 482.03 290.02 483.40 288.88 496.33 273.44 494.97 storagetank 0 0.773958 votes=3
514.45 53.65 514.67 38.38 523.79 38.51 523.57 53.78 vehicle 0 0.757163 votes=3
402.06 320.93 416.54 322.25 415.47 334.05 400.99 332.74 storagetank 0 0.752440 votes=3
403.57 338.54 419.53 340.20 418.39 351.17 402.43 349.51 storagetank 0 0.714335 votes=3
3.07 692.30 22.80 693.40 22.38 700.94 2.65 699.84 vehicle 0 0.708458 votes=2
300.20 499.38 300.33 486.18 313.08 486.30 312.96 499.50 storagetank 0 0.703155 votes=3
