54.86 604.83 71.82 427.90 242.28 444.25 225.32 621.17 baseballfield 0 0.999704 votes=3
89.51 210.89 264.62 218.84 256.90 388.97 81.79 381.03 baseballfield 0 0.999682 votes=3
754.77 480.65 755.29 604.97 687.68 605.25 687.17 480.93 basketballcourt 0 0.999472 votes=3
612.85 433.34 612.93 317.97 666.87 318.01 666.79 433.38 tenniscourt 0 0.997500 votes=3
599.89 489.74 600.04 605.86 544.69 605.93 544.54 489.81 tenniscourt 0 0.997306 votes=3
544.56 433.17 544.60 318.47 599.76 318.49 599.72 433.19 tenniscourt 0 0.997180 votes=3
666.91 489.29 667.40 605.19 612.80 605.42 612.31 489.52 tenniscourt 0 0.997028 votes=3
734.11 318.16 734.42 433.25 680.07 433.39 679.76 318.30 tenniscourt 0 0.996115 votes=3
477.14 605.81 478.16 488.89 532.12 489.36 531.11 606.27 tenniscourt 0 0.995653 votes=3
477.10 433.42 478.11 318.15 532.34 318.63 531.33 433.90 tenniscourt 0 0.995651 votes=3
