598.14 377.84 647.58 350.23 657.34 367.71 607.90 395.32 ship 0 0.999556 votes=3
524.02 241.84 575.70 219.82 583.84 238.92 532.15 260.94 ship 0 0.999527 votes=3
521.65 421.93 578.97 394.93 587.97 414.03 530.64 441.03 ship 0 0.999491 votes=3
264.96 651.00 300.26 694.36 285.49 706.39 250.18 663.03 ship 0 0.999447 votes=3
580.67 351.81 629.78 329.72 638.03 348.06 588.92 370.15 ship 0 0.999381 votes=3
357.76 578.33 388.71 618.12 374.85 628.91 343.90 589.11 ship 0 0.999330 votes=3
462.42 283.03 508.85 258.59 516.91 273.91 470.48 298.34 ship 0 0.999158 votes=3
306.73 615.11 344.71 657.52 331.27 669.56 293.28 627.15 ship 0 0.998910 votes=3
515.97 392.70 568.12 369.62 575.96 387.33 523.81 410.41 ship 0 0.998689 votes=3
554.34 289.37 611.57 268.99 617.68 286.15 560.45 306.53 ship 0 0.998568 votes=3
330.30 594.27 364.18 638.70 346.59 652.11 312.72 607.68 ship 0 0.998364 votes=3
247.24 366.11 261.10 396.24 249.24 401.69 235.38 371.56 ship 0 0.998343 votes=3
286.77 643.12 320.69 678.76 308.42 690.44 274.50 654.80 ship 0 0.997845 votes=3
478.83 310.91 519.80 289.91 527.41 304.76 486.45 325.77 ship 0 0.997595 votes=3
350.64 400.52 367.45 436.48 355.07 442.27 338.25 406.31 ship 0 0.997563 votes=3
373.43 564.53 407.20 602.78 395.23 613.35 361.46 575.10 ship 0 0.996729 votes=3
77.14 448.45 93.40 481.88 80.49 488.16 64.23 454.72 ship 0 0.996474 votes=3
70.19 403.31 85.99 428.68 74.76 435.67 58.96 410.30 ship 0 0.996303 votes=3
125.93 377.19 138.68 404.02 127.65 409.27 114.90 382.43 ship 0 0.995990 votes=3
273.68 501.95 293.71 536.68 283.09 542.80 263.06 508.08 ship 0 0.995363 votes=3
197.18 337.34 209.72 363.92 197.58 369.65 185.04 343.07 ship 0 0.995268 votes=3
185.25 389.91 198.35 423.60 186.27 428.29 173.16 394.61 ship 0 0.994801 votes=3
4.63 758.71 58.69 764.02 56.99 781.36 2.93 776.05 ship 0 0.993342 votes=3
220.40 533.78 232.55 566.31 220.63 570.76 208.48 538.23 ship 0 0.992682 votes=3
165.27 354.31 182.10 379.36 173.16 385.37 156.33 360.32 ship 0 0.990707 votes=3
199.31 500.29 211.03 522.12 202.40 526.75 190.68 504.93 ship 0 0.987871 votes=3
67.92 742.70 93.17 749.77 89.97 761.21 64.72 754.14 ship 0 0.982775 votes=3
156.96 520.51 382.85 390.02 422.11 458.00 196.22 588.48 harbor 0 0.978539 votes=3
332.08 422.15 344.44 444.15 335.24 449.33 322.87 427.33 ship 0 0.966218 votes=3
579.80 232.50 677.18 396.19 562.93 464.15 465.55 300.46 harbor 0 0.934772 votes=3
53.07 415.24 271.79 294.40 310.29 364.09 91.57 484.92 harbor 0 0.892030 votes=3
574.55 430.69 596.20 423.74 599.28 433.32 577.63 440.27 ship 0 0.882696 votes=3
259.79 657.86 443.96 507.67 485.61 558.75 301.45 708.93 harbor 0 0.828350 votes=3
63.20 774.84 107.89 775.83 107.56 790.79 62.87 789.81 ship 0 0.827400 votes=2
387.22 398.78 395.21 417.02 386.48 420.84 378.50 402.60 ship 0 0.751391 votes=3
206.31 324.83 231.37 332.25 227.06 346.81 202.00 339.39 ship 0 0.718501 votes=2
