481.38 454.17 544.07 453.72 544.22 473.60 481.52 474.05 ship 0 0.999701 votes=3
241.37 687.68 292.59 687.34 292.71 705.00 241.48 705.33 ship 0 0.999691 votes=3
237.09 149.24 307.95 149.00 308.02 169.82 237.16 170.06 ship 0 0.999690 votes=3
152.64 653.78 212.85 653.41 212.97 672.81 152.76 673.18 ship 0 0.999673 votes=3
141.18 256.04 209.16 254.51 209.61 274.60 141.64 276.13 ship 0 0.999664 votes=3
151.49 223.59 218.23 222.35 218.61 242.67 151.87 243.91 ship 0 0.999649 votes=3
147.31 593.85 222.73 593.15 222.93 614.36 147.50 615.06 ship 0 0.999644 votes=3
405.32 588.59 463.66 588.10 463.82 608.06 405.48 608.55 ship 0 0.999640 votes=3
152.98 381.46 215.08 378.65 216.02 399.39 153.92 402.20 ship 0 0.999638 votes=3
395.64 668.58 462.57 669.44 462.32 689.30 395.38 688.44 ship 0 0.999618 votes=3
394.17 158.55 459.82 157.53 460.12 177.06 394.47 178.08 ship 0 0.999609 votes=3
254.57 562.28 317.27 561.92 317.38 582.20 254.69 582.55 ship 0 0.999604 votes=3
241.65 624.17 309.58 623.57 309.76 643.29 241.82 643.88 ship 0 0.999601 votes=3
153.12 471.23 224.26 469.85 224.69 491.85 153.54 493.23 ship 0 0.999584 votes=3
398.03 399.43 459.67 399.09 459.77 418.91 398.14 419.25 ship 0 0.999582 votes=3
117.00 151.60 220.19 148.85 220.94 176.86 117.75 179.62 ship 0 0.999560 votes=3
161.13 350.99 219.59 351.54 219.41 370.26 160.96 369.71 ship 0 0.999554 votes=3
153.66 408.95 217.43 407.68 217.83 427.73 154.06 429.00 ship 0 0.999548 votes=3
145.48 563.47 225.99 562.21 226.34 584.19 145.83 585.45 ship 0 0.999547 votes=3
482.74 588.22 546.45 588.08 546.49 607.59 482.79 607.74 ship 0 0.999538 votes=3
241.89 530.97 313.94 529.33 314.42 550.23 242.36 551.87 ship 0 0.999532 votes=3
238.14 376.32 303.43 376.63 303.33 397.92 238.03 397.61 ship 0 0.999531 votes=3
403.01 213.30 460.98 210.59 461.92 230.54 403.95 233.25 ship 0 0.999508 votes=3
620.54 126.26 680.85 126.72 680.71 145.57 620.39 145.11 ship 0 0.999505 votes=3
697.33 322.72 755.22 323.33 755.03 342.09 697.14 341.48 ship 0 0.999500 votes=3
697.16 647.36 745.21 647.01 745.33 663.57 697.28 663.92 ship 0 0.999496 votes=3
140.85 625.08 219.08 623.92 219.41 645.69 141.17 646.84 ship 0 0.999489 votes=3
625.14 647.70 677.16 646.94 677.42 664.82 625.40 665.58 ship 0 0.999488 votes=3
158.89 530.45 222.40 530.78 222.29 551.09 158.79 550.76 ship 0 0.999487 votes=3
134.86 122.69 207.41 121.85 207.66 143.39 135.11 144.24 ship 0 0.999484 votes=3
622.03 349.80 676.41 349.66 676.46 368.57 622.08 368.71 ship 0 0.999476 votes=3
241.38 254.33 303.18 254.01 303.28 275.07 241.49 275.39 ship 0 0.999472 votes=3
145.19 193.26 219.26 191.69 219.73 213.90 145.66 215.47 ship 0 0.999470 votes=3
480.32 318.32 538.62 317.89 538.77 337.85 480.46 338.28 ship 0 0.999469 votes=3
696.75 596.69 749.80 596.74 749.78 614.95 696.74 614.90 ship 0 0.999468 votes=3
158.80 687.09 221.68 687.05 221.69 706.16 158.81 706.19 ship 0 0.999464 votes=3
242.30 716.93 291.24 716.57 291.36 732.86 242.42 733.22 ship 0 0.999454 votes=3
479.85 211.69 536.23 210.94 536.49 230.34 480.11 231.09 ship 0 0.999453 votes=3
619.07 176.37 674.75 175.42 675.06 193.56 619.38 194.51 ship 0 0.999445 votes=3
403.27 480.51 464.66 480.39 464.70 499.03 403.31 499.16 ship 0 0.999436 votes=3
242.85 195.10 305.06 194.87 305.14 214.17 242.92 214.40 ship 0 0.999434 votes=3
696.68 374.28 746.81 373.68 747.00 389.83 696.87 390.42 ship 0 0.999427 votes=3
239.71 222.83 302.52 222.20 302.72 242.57 239.92 243.20 ship 0 0.999424 votes=3
620.08 200.39 676.44 199.80 676.63 218.09 620.27 218.67 ship 0 0.999423 votes=3
686.72 124.45 742.21 125.86 741.72 145.46 686.22 144.04 ship 0 0.999389 votes=3
695.07 572.60 745.60 571.54 745.96 589.00 695.43 590.05 ship 0 0.999384 votes=3
389.91 317.65 462.09 318.35 461.89 339.53 389.70 338.83 ship 0 0.999384 votes=3
402.78 560.08 465.28 561.01 464.99 580.72 402.49 579.79 ship 0 0.999377 votes=3
479.85 184.79 541.73 183.28 542.20 202.84 480.32 204.35 ship 0 0.999375 votes=3
249.23 312.98 305.40 311.17 306.01 330.23 249.85 332.04 ship 0 0.999364 votes=3
246.39 592.54 301.18 592.17 301.30 610.67 246.51 611.04 ship 0 0.999332 votes=3
475.78 132.14 534.11 132.74 533.91 151.58 475.58 150.99 ship 0 0.999330 votes=3
242.42 498.30 307.45 497.51 307.71 518.36 242.67 519.15 ship 0 0.999325 votes=3
482.48 615.07 534.85 615.41 534.72 634.40 482.35 634.06 ship 0 0.999316 votes=3
120.23 720.60 220.85 717.60 221.60 742.96 120.98 745.96 ship 0 0.999312 votes=3
480.51 399.40 540.77 399.93 540.60 419.92 480.34 419.39 ship 0 0.999309 votes=3
398.20 293.96 459.33 290.46 460.51 311.10 399.38 314.59 ship 0 0.999292 votes=3
244.70 467.62 299.96 467.58 299.98 486.18 244.71 486.22 ship 0 0.999286 votes=3
240.44 406.68 306.31 406.02 306.53 427.79 240.66 428.46 ship 0 0.999280 votes=3
398.22 238.27 460.68 238.01 460.77 258.04 398.30 258.31 ship 0 0.999279 votes=3
394.04 614.45 466.08 614.16 466.16 634.06 394.12 634.35 ship 0 0.999275 votes=3
636.53 721.41 673.54 721.42 673.53 734.05 636.53 734.05 ship 0 0.999270 votes=3
619.21 372.76 680.08 372.47 680.18 392.43 619.31 392.73 ship 0 0.999231 votes=3
238.78 347.20 305.82 347.29 305.79 367.74 238.75 367.65 ship 0 0.999221 votes=3
242.09 124.51 294.92 124.62 294.88 143.41 242.05 143.30 ship 0 0.999214 votes=3
628.66 450.88 678.57 449.67 678.98 466.51 629.07 467.73 ship 0 0.999204 votes=3
621.19 225.70 677.16 224.67 677.50 243.17 621.53 244.20 ship 0 0.999200 votes=3
394.44 507.73 463.04 507.70 463.05 528.06 394.45 528.09 ship 0 0.999180 votes=3
235.57 284.67 310.49 282.23 311.21 304.32 236.29 306.76 ship 0 0.999169 votes=3
621.18 248.91 677.09 248.94 677.08 267.48 621.17 267.45 ship 0 0.999166 votes=3
695.28 521.77 751.56 521.47 751.66 541.17 695.38 541.47 ship 0 0.999164 votes=3
695.99 423.33 748.20 423.27 748.22 441.19 696.01 441.25 ship 0 0.999162 votes=3
146.66 502.76 223.73 503.31 223.58 523.78 146.52 523.23 ship 0 0.999161 votes=3
397.54 266.34 456.79 265.85 456.96 286.70 397.71 287.18 ship 0 0.999150 votes=3
401.33 453.94 461.53 453.83 461.57 472.64 401.36 472.75 ship 0 0.999142 votes=3
626.96 623.12 679.39 621.64 679.90 639.63 627.46 641.11 ship 0 0.999092 votes=3
696.16 449.70 746.34 450.07 746.22 466.62 696.04 466.25 ship 0 0.999080 votes=3
396.31 345.98 462.26 345.85 462.30 366.62 396.35 366.74 ship 0 0.999079 votes=3
483.81 561.27 540.73 561.54 540.64 579.78 483.73 579.52 ship 0 0.999035 votes=3
624.75 300.44 679.49 299.68 679.74 317.64 625.00 318.40 ship 0 0.999015 votes=3
403.74 425.76 463.30 426.84 462.93 447.14 403.37 446.05 ship 0 0.999002 votes=3
620.76 672.32 678.71 671.49 678.98 689.79 621.02 690.62 ship 0 0.998975 votes=3
623.56 597.43 679.41 596.92 679.58 615.83 623.73 616.34 ship 0 0.998940 votes=3
696.12 698.99 744.58 699.83 744.32 714.73 695.86 713.89 ship 0 0.998931 votes=3
693.68 274.50 741.83 274.18 741.94 290.61 693.79 290.93 ship 0 0.998922 votes=3
397.36 372.81 460.19 373.46 459.99 393.27 397.16 392.62 ship 0 0.998917 votes=3
624.45 698.04 677.04 698.60 676.88 714.36 624.29 713.80 ship 0 0.998905 votes=3
145.94 317.18 223.72 316.41 223.93 337.87 146.15 338.65 ship 0 0.998883 votes=3
691.88 150.86 742.62 150.42 742.76 166.41 692.01 166.85 ship 0 0.998814 votes=3
619.79 151.11 671.77 151.65 671.59 169.22 619.61 168.68 ship 0 0.998805 votes=3
411.29 535.85 459.41 535.14 459.65 550.88 411.52 551.59 ship 0 0.998765 votes=3
694.42 199.70 748.33 199.34 748.45 218.22 694.54 218.57 ship 0 0.998764 votes=3
692.77 225.90 741.44 225.86 741.46 244.04 692.79 244.09 ship 0 0.998764 votes=3
626.85 274.23 678.62 274.10 678.67 292.54 626.90 292.67 ship 0 0.998746 votes=3
402.43 722.71 461.00 722.71 460.99 738.75 402.43 738.74 ship 0 0.998740 votes=3
623.02 523.00 677.24 522.76 677.32 540.70 623.10 540.95 ship 0 0.998556 votes=3
486.54 240.21 529.19 238.33 529.82 252.59 487.17 254.47 ship 0 0.998523 votes=3
478.63 157.27 539.99 157.22 540.01 176.88 478.64 176.93 ship 0 0.998303 votes=3
479.47 292.93 533.39 293.21 533.29 311.94 479.38 311.67 ship 0 0.998274 votes=3
693.85 301.57 742.88 296.85 744.36 312.24 695.33 316.96 ship 0 0.998155 votes=3
483.33 641.86 546.18 642.20 546.09 660.30 483.24 659.97 ship 0 0.997774 votes=3
693.89 176.29 742.64 174.96 743.05 190.14 694.30 191.47 ship 0 0.997474 votes=3
624.37 498.15 676.85 498.64 676.69 516.25 624.20 515.76 ship 0 0.997289 votes=3
626.22 571.74 674.19 573.52 673.52 591.52 625.56 589.75 ship 0 0.997270 votes=3
403.54 187.26 457.25 186.41 457.52 203.50 403.81 204.35 ship 0 0.997128 votes=3
626.91 324.78 678.29 324.92 678.25 341.45 626.86 341.32 ship 0 0.994660 votes=3
482.45 345.27 525.70 345.64 525.60 356.96 482.36 356.59 ship 0 0.992961 votes=3
404.39 133.79 461.30 133.18 461.48 149.78 404.57 150.39 ship 0 0.992476 votes=3
697.84 722.07 738.51 720.51 739.23 739.33 698.56 740.88 ship 0 0.991831 votes=3
694.30 253.54 746.38 253.98 746.27 267.15 694.19 266.71 ship 0 0.990145 votes=3
632.24 423.07 673.04 425.04 672.22 441.97 631.42 440.00 ship 0 0.986841 votes=3
409.27 120.85 441.33 120.72 441.37 130.39 409.31 130.53 ship 0 0.984923 votes=3
305.43 137.00 306.18 760.72 137.61 760.92 136.86 137.20 harbor 0 0.974356 votes=3
537.14 141.24 541.88 756.90 405.81 757.95 401.06 142.28 harbor 0 0.968405 votes=3
744.54 130.02 750.71 756.72 632.33 757.89 626.16 131.18 harbor 0 0.958249 votes=3
