704.37 362.08 704.73 401.24 689.69 401.38 689.32 362.22 vehicle 0 0.999761 votes=3
650.23 534.74 651.07 574.34 635.09 574.68 634.24 535.08 vehicle 0 0.999740 votes=3
708.23 548.14 708.39 583.36 693.37 583.42 693.21 548.20 vehicle 0 0.999723 votes=3
304.58 564.20 309.15 756.94 218.41 759.09 213.84 566.35 tenniscourt 0 0.999696 votes=3
302.68 285.50 304.06 478.22 213.17 478.88 211.78 286.15 tenniscourt 0 0.999694 votes=3
409.35 283.38 412.13 477.19 321.43 478.49 318.65 284.68 tenniscourt 0 0.999688 votes=3
414.15 565.47 414.65 754.39 322.78 754.63 322.29 565.71 tenniscourt 0 0.999681 votes=3
197.20 565.45 198.62 758.83 109.35 759.49 107.93 566.11 tenniscourt 0 0.999680 votes=3
194.36 286.27 197.51 479.24 107.52 480.70 104.38 287.74 tenniscourt 0 0.999670 votes=3
520.59 564.27 521.64 753.84 429.18 754.35 428.13 564.78 tenniscourt 0 0.999667 votes=3
704.94 199.40 706.33 234.45 692.27 235.01 690.88 199.96 vehicle 0 0.999652 votes=3
517.26 281.80 519.00 476.37 427.71 477.19 425.97 282.62 tenniscourt 0 0.999643 votes=3
702.73 41.52 703.12 79.97 689.79 80.11 689.40 41.65 vehicle 0 0.999637 votes=3
749.78 679.65 751.88 715.28 736.32 716.20 734.22 680.57 vehicle 0 0.999338 votes=3
781.45 67.96 781.56 101.86 768.95 101.90 768.84 68.00 vehicle 0 0.999242 votes=3
704.82 274.82 704.86 310.70 691.16 310.71 691.12 274.84 vehicle 0 0.998320 votes=3
