558.36 -0.07 624.49 150.53 493.18 208.19 427.05 57.59 airplane 0 0.999685 votes=3
40.76 534.19 188.22 532.34 190.05 678.22 42.59 680.08 baseballfield 0 0.999646 votes=3
124.94 351.98 196.18 222.04 319.97 289.90 248.73 419.85 baseballfield 0 0.999603 votes=3
710.31 386.25 710.59 413.83 699.48 413.95 699.20 386.37 vehicle 0 0.999566 votes=3
450.29 554.16 590.45 552.67 591.91 689.85 451.76 691.35 baseballfield 0 0.999548 votes=3
710.83 654.58 711.85 679.82 701.71 680.23 700.70 654.99 vehicle 0 0.998930 votes=3
764.44 332.45 789.56 332.24 789.65 342.25 764.53 342.47 vehicle 0 0.998136 votes=3
38.23 37.31 47.78 11.50 58.22 15.36 48.67 41.17 vehicle 0 0.993460 votes=3
13.09 31.76 20.04 8.59 31.86 12.13 24.91 35.31 vehicle 0 0.989086 votes=3
766.45 302.15 789.17 301.99 789.25 313.18 766.53 313.34 vehicle 0 0.937041 votes=3
684.18 4.97 684.25 20.62 675.38 20.66 675.30 5.01 vehicle 0 0.857158 votes=3
