524.85 45.25 620.79 45.32 620.76 91.95 524.81 91.87 tenniscourt 0 0.999539 votes=3
670.20 42.99 768.06 42.47 768.32 89.55 670.45 90.08 tenniscourt 0 0.999533 votes=3
523.73 105.58 621.44 106.02 621.24 152.18 523.53 151.75 tenniscourt 0 0.999531 votes=3
711.49 428.25 793.79 596.41 627.53 677.78 545.23 509.62 baseballfield 0 0.999512 votes=3
670.82 103.86 770.45 104.71 770.06 150.65 670.43 149.80 tenniscourt 0 0.999404 votes=3
375.61 60.84 471.79 59.85 472.27 106.61 376.09 107.60 tenniscourt 0 0.999378 votes=3
375.88 119.86 472.08 119.32 472.33 164.99 376.13 165.53 tenniscourt 0 0.999360 votes=3
57.27 695.17 60.14 798.91 9.19 800.31 6.33 696.57 bridge 0 0.988045 votes=3
483.29 221.56 491.64 238.88 484.19 242.47 475.85 225.16 vehicle 0 0.756011 votes=3
457.27 179.63 482.13 183.37 480.44 194.56 455.59 190.82 vehicle 0 0.723535 votes=2
