410.97 354.19 415.49 414.44 394.58 416.01 390.06 355.76 ship 0 0.999741 votes=3
81.10 556.03 88.93 604.75 69.86 607.81 62.04 559.09 ship 0 0.999554 votes=3
226.47 568.72 226.88 522.89 245.81 523.06 245.40 568.89 ship 0 0.999513 votes=3
249.42 652.06 249.89 699.60 231.08 699.78 230.62 652.24 ship 0 0.999450 votes=3
442.06 171.29 459.58 206.67 447.48 212.66 429.97 177.28 ship 0 0.993092 votes=3
774.28 110.16 774.55 135.90 764.25 136.01 763.99 110.26 ship 0 0.987011 votes=3
773.70 46.26 773.79 70.77 763.62 70.81 763.53 46.30 ship 0 0.985585 votes=3
402.55 174.20 419.88 214.67 407.54 219.95 390.22 179.49 ship 0 0.983953 votes=3
386.91 156.07 403.09 166.56 398.42 173.75 382.25 163.27 ship 0 0.977040 votes=3
774.39 138.90 774.75 161.39 764.68 161.56 764.31 139.06 ship 0 0.953121 votes=3
398.87 117.04 447.14 214.79 427.76 224.36 379.49 126.61 harbor 0 0.948652 votes=3
762.77 3.32 765.89 180.61 737.82 181.10 734.70 3.82 harbor 0 0.939125 votes=3
675.23 6.11 683.15 169.71 643.48 171.63 635.56 8.03 harbor 0 0.914241 votes=3
668.00 68.10 668.13 49.85 677.55 49.91 677.43 68.17 ship 0 0.812016 votes=3
