345.58 434.28 357.29 497.46 333.74 501.82 322.03 438.65 ship 0 0.999481 votes=3
196.31 224.27 200.22 266.28 184.52 267.74 180.61 225.73 ship 0 0.999449 votes=3
504.95 348.09 511.27 394.45 493.16 396.92 486.84 350.56 ship 0 0.999415 votes=3
342.56 592.00 350.73 647.68 331.27 650.53 323.10 594.86 ship 0 0.999413 votes=3
207.64 77.83 245.38 72.99 247.23 87.42 209.49 92.26 ship 0 0.999400 votes=3
246.31 389.63 252.23 436.92 234.64 439.12 228.72 391.83 ship 0 0.999374 votes=3
282.97 450.82 289.47 504.60 271.10 506.83 264.60 453.05 ship 0 0.999352 votes=3
714.66 334.52 740.57 329.91 742.47 340.55 716.55 345.16 vehicle 0 0.999347 votes=3
134.61 462.63 146.91 533.00 124.09 536.99 111.80 466.61 ship 0 0.999330 votes=3
170.08 676.70 185.35 761.14 162.08 765.34 146.82 680.90 ship 0 0.999294 votes=3
486.78 572.06 493.08 620.20 475.34 622.52 469.04 574.38 ship 0 0.999259 votes=3
361.24 198.09 365.83 240.22 348.96 242.06 344.37 199.93 ship 0 0.999250 votes=3
488.77 234.75 493.98 273.25 479.57 275.20 474.37 236.70 ship 0 0.999233 votes=3
462.19 581.76 468.47 624.54 453.39 626.75 447.11 583.97 ship 0 0.999208 votes=3
503.15 175.50 506.91 216.25 492.08 217.62 488.32 176.87 ship 0 0.999141 votes=3
317.27 89.96 321.16 130.51 306.84 131.88 302.95 91.34 ship 0 0.999134 votes=3
219.52 222.42 222.23 263.75 206.93 264.75 204.22 223.42 ship 0 0.999133 votes=3
517.15 573.57 526.11 611.37 511.24 614.89 502.28 577.09 ship 0 0.999058 votes=3
336.13 202.75 341.75 240.39 327.91 242.46 322.30 204.81 ship 0 0.999011 votes=3
460.54 419.42 470.59 477.16 449.67 480.80 439.62 423.06 ship 0 0.998990 votes=3
325.36 267.08 329.57 310.63 313.31 312.21 309.10 268.65 ship 0 0.998972 votes=3
417.39 245.24 426.25 293.14 409.54 296.23 400.68 248.33 ship 0 0.998862 votes=3
592.31 271.26 601.04 308.68 586.51 312.07 577.78 274.65 ship 0 0.998829 votes=3
411.05 654.12 420.39 719.11 397.05 722.47 387.70 657.48 ship 0 0.998792 votes=3
370.71 587.08 376.00 645.19 355.76 647.03 350.47 588.92 ship 0 0.998769 votes=3
421.67 364.24 429.33 402.79 414.54 405.72 406.89 367.18 ship 0 0.998762 votes=3
251.57 273.59 257.13 317.40 239.73 319.61 234.17 275.80 ship 0 0.998737 votes=3
482.70 353.56 487.87 395.96 472.15 397.88 466.99 355.47 ship 0 0.998735 votes=3
549.42 172.50 551.26 209.09 537.22 209.79 535.37 173.21 ship 0 0.998731 votes=3
346.25 257.79 352.65 303.51 335.80 305.87 329.41 260.14 ship 0 0.998720 votes=3
435.41 417.61 440.84 480.07 417.36 482.11 411.93 419.65 ship 0 0.998711 votes=3
410.58 198.37 412.35 237.43 397.26 238.11 395.50 199.05 ship 0 0.998676 votes=3
313.24 441.35 324.70 494.89 308.01 498.46 296.55 444.93 ship 0 0.998577 votes=3
511.78 236.20 517.54 272.28 503.44 274.53 497.69 238.45 ship 0 0.998529 votes=3
379.63 660.81 389.14 715.09 371.71 718.14 362.20 663.87 ship 0 0.998448 votes=3
552.27 46.51 560.30 85.82 545.76 88.79 537.73 49.48 ship 0 0.998412 votes=3
299.08 269.00 305.75 309.18 290.67 311.68 284.00 271.50 ship 0 0.998403 votes=3
326.90 379.14 336.98 420.16 322.83 423.63 312.75 382.62 ship 0 0.998386 votes=3
273.03 270.01 280.90 311.83 265.72 314.69 257.84 272.87 ship 0 0.998336 votes=3
151.48 121.51 157.52 163.59 143.43 165.61 137.40 123.53 ship 0 0.998317 votes=3
440.37 649.58 447.52 705.80 426.23 708.51 419.08 652.28 ship 0 0.998130 votes=3
160.63 618.40 169.41 664.22 151.77 667.60 142.99 621.78 ship 0 0.998013 votes=3
191.47 616.54 199.67 669.35 180.80 672.28 172.61 619.47 ship 0 0.998010 votes=3
79.05 129.87 84.20 169.97 69.15 171.90 64.00 131.80 ship 0 0.997917 votes=3
531.52 225.34 542.25 261.95 528.45 265.99 517.71 229.38 ship 0 0.997887 votes=3
188.43 400.77 193.42 441.90 178.27 443.74 173.28 402.61 ship 0 0.997825 votes=3
461.30 65.50 467.65 107.71 453.48 109.84 447.12 67.63 ship 0 0.997825 votes=3
203.75 282.46 214.15 332.61 198.63 335.83 188.23 285.68 ship 0 0.997809 votes=3
130.17 125.46 135.87 166.26 120.82 168.37 115.12 127.56 ship 0 0.997758 votes=3
106.61 299.60 113.42 343.90 99.23 346.08 92.42 301.78 ship 0 0.997741 votes=3
541.26 398.85 549.19 434.36 535.18 437.49 527.25 401.98 ship 0 0.997707 votes=3
428.75 576.34 435.95 636.64 415.00 639.14 407.80 578.84 ship 0 0.997647 votes=3
254.10 452.24 264.60 510.89 244.06 514.57 233.56 455.92 ship 0 0.997557 votes=3
365.83 382.14 371.99 415.45 357.75 418.08 351.59 384.77 ship 0 0.997486 votes=3
227.16 276.50 237.26 322.08 219.83 325.94 209.74 280.36 ship 0 0.997447 votes=3
371.09 257.74 374.70 301.02 358.61 302.36 355.00 259.08 ship 0 0.997439 votes=3
222.21 103.13 229.67 148.20 215.43 150.55 207.98 105.49 ship 0 0.997393 votes=3
209.76 403.75 216.63 438.52 204.01 441.01 197.14 406.24 ship 0 0.997382 votes=3
383.90 192.24 392.25 239.14 374.78 242.26 366.43 195.35 ship 0 0.997124 votes=3
433.32 194.67 439.41 225.53 425.63 228.25 419.54 197.38 ship 0 0.996926 votes=3
400.82 585.42 409.98 633.61 392.85 636.87 383.68 588.68 ship 0 0.996857 votes=3
268.52 383.19 276.07 431.00 260.34 433.48 252.79 385.67 ship 0 0.996668 votes=3
443.16 246.92 446.74 287.30 431.75 288.63 428.17 248.25 ship 0 0.996627 votes=3
431.77 69.46 440.21 110.00 425.67 113.02 417.23 72.49 ship 0 0.996563 votes=3
364.81 78.54 371.19 116.44 356.15 118.97 349.77 81.07 ship 0 0.996526 votes=3
542.66 557.93 550.05 609.21 531.85 611.83 524.47 560.55 ship 0 0.996480 votes=3
323.30 672.20 334.48 727.84 315.49 731.66 304.30 676.02 ship 0 0.996405 votes=3
462.92 245.72 470.44 284.01 456.63 286.72 449.11 248.43 ship 0 0.996229 votes=3
309.45 205.15 317.20 245.77 303.63 248.36 295.88 207.74 ship 0 0.996093 votes=3
576.57 171.91 581.34 204.52 568.19 206.45 563.42 173.83 ship 0 0.996026 votes=3
573.42 369.01 604.71 363.25 607.17 376.61 575.88 382.36 ship 0 0.995797 votes=3
457.20 182.99 459.28 225.50 445.64 226.16 443.56 183.66 ship 0 0.995590 votes=3
169.84 229.52 174.82 271.16 161.00 272.81 156.02 231.17 ship 0 0.995579 votes=3
195.16 461.36 207.66 520.57 190.25 524.25 177.75 465.04 ship 0 0.994947 votes=3
252.12 607.40 256.40 663.25 235.19 664.88 230.90 609.02 ship 0 0.994914 votes=3
149.55 236.97 153.61 278.85 138.88 280.28 134.83 238.39 ship 0 0.994710 votes=3
374.75 429.98 380.90 483.36 362.01 485.53 355.86 432.16 ship 0 0.994179 votes=3
96.28 242.60 106.41 283.75 92.25 287.24 82.11 246.08 ship 0 0.993189 votes=3
89.50 74.20 100.28 105.28 87.11 109.85 76.33 78.77 ship 0 0.989676 votes=3
472.33 646.85 479.27 691.92 463.14 694.41 456.19 649.33 ship 0 0.981428 votes=3
116.09 408.89 614.14 331.43 633.75 457.52 135.70 534.99 harbor 0 0.981315 votes=3
150.31 623.74 653.84 527.60 680.67 668.14 177.15 764.28 harbor 0 0.980988 votes=3
178.11 285.23 188.89 329.78 174.88 333.17 164.10 288.62 ship 0 0.978986 votes=3
85.84 243.39 578.35 160.20 595.77 263.35 103.26 346.55 harbor 0 0.976566 votes=3
159.10 293.33 162.67 334.62 149.18 335.79 145.61 294.50 ship 0 0.974498 votes=3
219.58 608.80 230.17 663.64 216.43 666.30 205.83 611.46 ship 0 0.948772 votes=3
63.10 101.84 556.15 32.86 565.82 101.99 72.77 170.97 harbor 0 0.947486 votes=3
289.24 209.97 294.86 251.53 284.42 252.94 278.80 211.38 ship 0 0.922297 votes=3
211.67 684.78 213.47 760.98 188.93 761.56 187.13 685.36 ship 0 0.751982 votes=2
519.56 410.43 532.40 484.54 507.90 488.79 495.06 414.67 ship 0 0.748820 votes=3
