170.78 428.03 171.93 525.17 113.05 525.87 111.89 428.73 basketballcourt 0 0.999539 votes=3
101.80 430.70 104.60 526.35 45.79 528.07 42.99 432.42 basketballcourt 0 0.999511 votes=3
173.98 545.28 176.72 641.56 118.73 643.22 115.99 546.93 basketballcourt 0 0.999486 votes=3
105.95 547.54 107.87 645.50 48.93 646.65 47.00 548.70 basketballcourt 0 0.999368 votes=3
437.56 188.16 448.99 99.99 491.56 105.50 480.14 193.68 tenniscourt 0 0.998364 votes=3
474.92 329.41 486.48 240.36 528.90 245.87 517.34 334.92 tenniscourt 0 0.998203 votes=3
490.88 195.28 502.65 105.73 545.64 111.37 533.87 200.93 tenniscourt 0 0.997982 votes=3
545.23 201.91 556.32 112.78 598.72 118.06 587.64 207.19 tenniscourt 0 0.997625 votes=3
421.87 323.75 432.62 234.10 474.43 239.12 463.68 328.76 tenniscourt 0 0.997594 votes=3
528.71 336.45 539.35 246.52 582.04 251.57 571.40 341.50 tenniscourt 0 0.997489 votes=3
599.34 208.66 609.56 119.56 651.72 124.39 641.50 213.50 tenniscourt 0 0.997061 votes=3
582.89 342.55 593.44 253.64 635.63 258.65 625.08 347.56 tenniscourt 0 0.996927 votes=3
349.41 203.86 366.50 214.62 362.13 221.57 345.04 210.82 vehicle 0 0.986548 votes=3
