703.44 552.89 703.48 511.18 717.24 511.19 717.21 552.90 ship 0 0.999419 votes=3
700.88 495.31 701.03 448.25 714.41 448.29 714.26 495.36 ship 0 0.999327 votes=3
725.53 306.89 725.80 231.20 753.31 231.30 753.03 306.99 ship 0 0.999200 votes=3
726.26 552.22 728.21 483.39 750.68 484.03 748.74 552.86 ship 0 0.999173 votes=3
246.35 589.85 246.39 625.85 235.33 625.86 235.29 589.87 ship 0 0.998589 votes=3
278.97 619.70 279.00 589.08 289.26 589.09 289.22 619.71 ship 0 0.998384 votes=3
159.14 484.12 159.22 453.47 170.61 453.50 170.53 484.15 ship 0 0.998254 votes=3
260.93 589.66 261.08 619.86 250.74 619.91 250.59 589.71 ship 0 0.998190 votes=3
206.56 621.71 206.59 588.76 217.43 588.76 217.41 621.72 ship 0 0.998178 votes=3
187.31 551.16 187.40 580.30 177.20 580.33 177.11 551.19 ship 0 0.998067 votes=3
264.66 578.70 264.81 550.34 274.72 550.39 274.57 578.75 ship 0 0.997985 votes=3
232.53 452.85 232.63 482.54 222.04 482.58 221.93 452.89 ship 0 0.997939 votes=3
545.35 286.98 545.82 325.91 533.87 326.05 533.41 287.12 ship 0 0.997916 votes=3
396.36 624.63 396.44 588.66 408.25 588.69 408.17 624.66 ship 0 0.997915 votes=3
309.24 620.77 309.51 589.57 319.00 589.65 318.73 620.85 ship 0 0.997835 votes=3
290.01 550.80 290.06 579.90 279.62 579.91 279.57 550.82 ship 0 0.997779 votes=3
217.90 451.58 217.94 481.99 207.08 482.00 207.04 451.59 ship 0 0.997573 votes=3
699.12 330.81 699.41 285.83 712.37 285.91 712.08 330.89 ship 0 0.997482 votes=3
140.91 626.38 141.18 584.24 154.81 584.32 154.54 626.47 ship 0 0.997176 votes=3
366.87 620.65 366.97 589.75 377.60 589.78 377.50 620.68 ship 0 0.996923 votes=3
303.66 451.32 303.78 483.27 292.99 483.31 292.86 451.36 ship 0 0.996644 votes=3
171.05 588.45 171.45 621.09 159.81 621.24 159.41 588.59 ship 0 0.996624 votes=3
294.50 618.59 294.59 587.80 305.99 587.84 305.90 618.63 ship 0 0.996515 votes=3
160.36 581.00 161.02 544.94 173.49 545.17 172.82 581.23 ship 0 0.996083 votes=3
169.31 413.24 170.13 443.47 160.07 443.74 159.26 413.51 ship 0 0.996082 votes=3
318.84 547.72 319.39 579.01 307.77 579.22 307.22 547.92 ship 0 0.996057 votes=3
230.54 590.46 230.56 621.30 221.32 621.31 221.30 590.47 ship 0 0.995700 votes=3
176.35 622.69 176.38 589.43 186.61 589.44 186.58 622.70 ship 0 0.995635 votes=3
743.27 321.19 743.56 354.36 726.86 354.50 726.57 321.34 ship 0 0.995618 votes=3
200.47 453.62 200.49 481.67 190.34 481.68 190.32 453.63 ship 0 0.995549 votes=3
373.96 452.23 374.36 480.99 365.31 481.11 364.92 452.35 ship 0 0.995473 votes=3
391.76 588.80 391.78 620.79 381.35 620.80 381.33 588.81 ship 0 0.995419 votes=3
559.92 284.17 560.30 320.68 548.62 320.81 548.24 284.29 ship 0 0.995395 votes=3
187.63 419.13 188.02 445.42 177.82 445.58 177.43 419.29 ship 0 0.994908 votes=3
333.68 549.46 333.74 579.01 323.73 579.03 323.67 549.48 ship 0 0.994803 votes=3
375.72 548.65 376.92 577.72 366.33 578.15 365.14 549.09 ship 0 0.994600 votes=3
218.17 552.67 218.34 581.80 207.02 581.86 206.86 552.73 ship 0 0.994385 votes=3
346.56 550.12 347.16 579.04 337.68 579.24 337.08 550.31 ship 0 0.994365 votes=3
361.59 453.74 361.74 482.19 352.33 482.24 352.18 453.79 ship 0 0.994084 votes=3
275.59 416.62 276.07 443.85 265.25 444.04 264.77 416.81 ship 0 0.994073 votes=3
249.38 480.30 249.49 452.27 260.02 452.32 259.90 480.35 ship 0 0.993648 votes=3
176.23 482.60 176.23 452.80 187.83 452.80 187.83 482.60 ship 0 0.993583 votes=3
169.52 339.22 169.52 365.74 159.48 365.75 159.47 339.22 ship 0 0.993580 votes=3
418.93 452.68 419.75 482.74 409.94 483.00 409.13 452.94 ship 0 0.993024 votes=3
335.04 618.71 335.83 586.96 348.12 587.27 347.34 619.02 ship 0 0.992972 votes=3
389.81 452.04 389.81 479.94 380.82 479.94 380.82 452.04 ship 0 0.992908 votes=3
404.66 453.35 404.80 486.60 394.14 486.64 394.00 453.40 ship 0 0.992739 votes=3
682.69 283.02 682.78 310.77 673.21 310.80 673.11 283.05 ship 0 0.992656 votes=3
308.03 479.79 308.07 453.34 317.64 453.35 317.61 479.80 ship 0 0.992595 votes=3
337.20 479.91 337.29 452.05 346.97 452.08 346.88 479.94 ship 0 0.991704 votes=3
322.37 337.36 322.42 362.55 313.38 362.57 313.32 337.38 ship 0 0.991552 votes=3
391.94 551.69 392.25 579.10 382.15 579.21 381.84 551.80 ship 0 0.991431 votes=3
573.69 285.15 573.88 315.44 564.42 315.50 564.24 285.21 ship 0 0.991329 votes=3
418.43 548.53 419.04 576.78 410.15 576.97 409.54 548.73 ship 0 0.990891 votes=3
737.49 395.82 737.69 430.74 727.18 430.80 726.97 395.89 ship 0 0.990432 votes=3
220.81 443.64 220.96 420.70 229.60 420.75 229.45 443.69 ship 0 0.989516 votes=3
245.22 421.87 245.69 443.08 236.84 443.28 236.37 422.07 ship 0 0.989089 votes=3
525.93 272.44 526.64 310.37 512.50 310.63 511.80 272.70 ship 0 0.988991 votes=3
374.05 415.84 374.15 441.98 364.89 442.02 364.79 415.88 ship 0 0.988945 votes=3
216.66 423.73 216.85 444.68 208.49 444.76 208.30 423.81 ship 0 0.988360 votes=3
209.11 268.03 209.25 245.46 217.68 245.51 217.54 268.08 ship 0 0.987690 votes=3
389.33 362.50 389.44 338.81 398.22 338.85 398.11 362.54 ship 0 0.987359 votes=3
345.68 216.71 345.79 237.42 337.92 237.46 337.81 216.75 ship 0 0.986923 votes=3
198.35 330.59 198.37 310.21 205.73 310.22 205.70 330.60 ship 0 0.986609 votes=3
167.89 246.72 168.52 273.09 159.30 273.31 158.67 246.94 ship 0 0.986344 votes=3
402.34 418.83 402.62 442.83 394.45 442.93 394.17 418.93 ship 0 0.986250 votes=3
246.07 452.95 246.77 480.98 237.06 481.22 236.36 453.19 ship 0 0.985688 votes=3
207.60 338.25 208.85 363.14 199.52 363.61 198.27 338.72 ship 0 0.984497 votes=3
257.32 247.23 257.52 268.57 248.86 268.65 248.65 247.31 ship 0 0.984471 votes=2
389.78 420.14 390.04 443.90 381.19 444.00 380.92 420.24 ship 0 0.984125 votes=3
422.01 590.43 422.89 619.74 411.89 620.07 411.01 590.76 ship 0 0.984070 votes=3
230.64 555.68 230.68 580.53 221.45 580.54 221.42 555.70 ship 0 0.984036 votes=3
245.02 340.20 245.16 363.09 236.74 363.15 236.59 340.25 ship 0 0.983031 votes=3
304.26 418.21 304.60 443.29 295.36 443.42 295.02 418.33 ship 0 0.982930 votes=3
663.19 282.06 664.69 306.90 655.51 307.45 654.01 282.62 ship 0 0.982869 votes=3
337.50 364.07 337.56 338.40 347.26 338.42 347.19 364.10 ship 0 0.981877 votes=3
190.25 620.38 190.65 593.42 200.79 593.57 200.39 620.53 ship 0 0.981159 votes=3
395.56 578.56 395.98 553.24 405.02 553.39 404.60 578.72 ship 0 0.980944 votes=3
425.89 340.87 426.27 365.15 417.44 365.28 417.06 341.01 ship 0 0.980801 votes=3
136.92 219.48 422.32 215.12 423.09 265.52 137.69 269.88 harbor 0 0.979641 votes=3
275.36 588.47 275.45 617.84 265.84 617.87 265.76 588.50 ship 0 0.979638 votes=3
710.76 235.68 710.93 261.68 701.44 261.74 701.26 235.74 ship 0 0.979572 votes=3
159.61 331.20 159.74 306.88 169.08 306.93 168.96 331.25 ship 0 0.978907 votes=3
433.51 584.28 433.85 617.14 425.60 617.22 425.25 584.36 ship 0 0.978296 votes=3
181.36 245.71 181.97 266.64 174.04 266.87 173.43 245.94 ship 0 0.977813 votes=3
233.23 338.95 233.83 364.33 224.71 364.55 224.10 339.17 ship 0 0.976419 votes=3
156.04 416.83 427.13 418.20 426.80 483.44 155.71 482.07 harbor 0 0.975760 votes=3
183.06 339.49 183.23 368.02 172.43 368.09 172.26 339.56 ship 0 0.975530 votes=3
286.23 363.56 286.36 339.40 295.65 339.46 295.51 363.62 ship 0 0.974829 votes=3
333.63 452.25 333.75 480.07 323.61 480.11 323.49 452.29 ship 0 0.974439 votes=3
150.86 548.40 430.38 546.96 430.76 620.03 151.24 621.48 harbor 0 0.974276 votes=3
424.48 444.48 427.45 419.53 434.96 420.42 431.99 445.38 ship 0 0.974062 votes=3
151.85 308.28 418.39 308.91 418.26 363.99 151.72 363.35 harbor 0 0.973367 votes=3
331.53 419.60 333.61 442.86 324.80 443.65 322.72 420.39 ship 0 0.972366 votes=3
257.64 419.44 257.71 443.58 249.56 443.60 249.49 419.46 ship 0 0.972081 votes=3
402.49 364.33 403.09 338.07 410.88 338.24 410.28 364.51 ship 0 0.971784 votes=3
432.93 452.97 433.63 479.63 425.37 479.85 424.67 453.19 ship 0 0.970661 votes=3
423.77 576.12 424.76 552.14 433.00 552.48 432.01 576.47 ship 0 0.970656 votes=3
361.80 418.87 361.93 444.45 352.53 444.50 352.40 418.92 ship 0 0.970628 votes=3
605.69 283.21 606.14 319.89 594.16 320.04 593.71 283.36 ship 0 0.963993 votes=3
185.29 238.30 185.45 215.45 193.04 215.50 192.89 238.36 ship 0 0.960717 votes=3
284.56 339.67 285.54 364.69 275.13 365.10 274.15 340.08 ship 0 0.948450 votes=3
219.18 308.90 219.60 330.56 210.97 330.73 210.55 309.07 ship 0 0.941983 votes=3
362.22 552.33 362.61 577.88 353.76 578.01 353.36 552.47 ship 0 0.940915 votes=3
206.78 217.05 207.02 239.56 199.20 239.65 198.95 217.14 ship 0 0.938304 votes=3
309.05 245.76 309.32 267.07 300.80 267.18 300.53 245.87 ship 0 0.937903 votes=3
396.51 216.56 396.83 237.66 389.09 237.77 388.78 216.67 ship 0 0.937061 votes=3
418.97 418.08 419.09 443.71 410.78 443.75 410.66 418.11 ship 0 0.926314 votes=3
410.41 216.28 410.63 237.69 401.94 237.78 401.72 216.37 ship 0 0.912184 votes=3
168.14 505.73 168.56 523.66 160.48 523.85 160.06 505.92 ship 0 0.910145 votes=3
283.13 218.75 283.42 238.97 275.75 239.08 275.46 218.86 ship 0 0.909425 votes=2
260.02 364.75 260.56 341.46 269.80 341.67 269.26 364.97 ship 0 0.909139 votes=3
360.95 337.64 361.32 362.43 352.47 362.57 352.10 337.77 ship 0 0.905783 votes=3
310.10 219.27 310.50 239.41 301.66 239.58 301.25 219.44 ship 0 0.903857 votes=3
173.77 237.58 173.85 215.93 181.20 215.96 181.12 237.61 ship 0 0.896404 votes=3
395.72 308.55 396.02 329.80 387.95 329.91 387.65 308.67 ship 0 0.855736 votes=3
335.97 245.15 336.43 265.67 326.52 265.89 326.07 245.37 ship 0 0.854538 votes=2
173.56 331.55 173.62 313.16 182.03 313.18 181.98 331.58 ship 0 0.846252 votes=3
351.44 329.92 351.45 309.69 359.93 309.70 359.92 329.92 ship 0 0.817355 votes=3
303.49 554.95 303.81 579.37 295.42 579.48 295.09 555.06 ship 0 0.805696 votes=3
336.69 442.73 336.87 421.30 345.27 421.37 345.09 442.80 ship 0 0.802452 votes=2
259.24 219.43 259.30 238.14 251.35 238.17 251.30 219.46 ship 0 0.799015 votes=2
145.70 577.21 146.97 557.41 153.85 557.86 152.58 577.65 ship 0 0.785304 votes=3
505.26 420.01 508.16 705.99 493.18 706.14 490.29 420.17 harbor 0 0.764688 votes=2
424.61 308.84 424.66 333.57 415.62 333.59 415.57 308.86 ship 0 0.757248 votes=3
385.53 337.06 385.96 361.14 377.85 361.28 377.42 337.20 ship 0 0.735847 votes=2
519.82 268.15 717.40 260.41 719.52 314.48 521.94 322.22 harbor 0 0.726800 votes=3
218.08 215.68 218.62 238.32 210.85 238.51 210.31 215.86 ship 0 0.711902 votes=3
