199.97 342.87 259.89 343.40 259.74 359.80 199.82 359.28 ship 0 0.999621 votes=3
194.58 250.32 269.25 250.45 269.22 269.66 194.55 269.52 ship 0 0.999574 votes=3
353.29 510.28 442.84 511.94 442.48 531.26 352.93 529.60 ship 0 0.999542 votes=3
183.71 295.51 237.27 295.43 237.29 311.45 183.74 311.53 ship 0 0.999510 votes=3
261.33 317.00 323.81 315.59 324.18 332.15 261.71 333.56 ship 0 0.999452 votes=3
337.69 223.93 406.04 223.86 406.05 240.40 337.71 240.47 ship 0 0.999329 votes=3
555.55 102.92 567.00 56.85 581.05 60.34 569.61 106.41 ship 0 0.999210 votes=3
669.67 117.11 701.42 125.44 698.47 136.67 666.72 128.34 ship 0 0.998760 votes=3
189.69 271.65 239.62 272.51 239.34 288.50 189.41 287.65 ship 0 0.998728 votes=3
238.21 226.92 282.82 225.26 283.35 239.69 238.75 241.36 ship 0 0.998658 votes=3
641.06 121.39 649.68 77.07 663.40 79.74 654.78 124.06 ship 0 0.998439 votes=3
592.42 166.59 602.32 128.57 615.14 131.91 605.24 169.93 ship 0 0.998296 votes=3
465.56 87.13 467.52 53.83 478.74 54.48 476.79 87.78 ship 0 0.998250 votes=3
517.86 98.81 526.23 64.55 538.71 67.60 530.35 101.85 ship 0 0.998020 votes=3
144.03 512.61 217.72 512.78 217.68 530.37 143.99 530.20 ship 0 0.997988 votes=3
670.09 101.52 703.96 108.75 701.54 120.05 667.68 112.82 ship 0 0.997980 votes=3
374.72 169.77 375.60 140.55 386.74 140.89 385.86 170.11 ship 0 0.997947 votes=3
333.02 317.69 378.10 315.89 378.70 331.03 333.62 332.82 ship 0 0.997852 votes=3
435.44 175.83 435.96 144.66 447.16 144.85 446.64 176.02 ship 0 0.997683 votes=3
336.04 544.00 367.87 543.36 368.08 553.92 336.25 554.55 ship 0 0.997591 votes=3
402.13 141.97 402.20 169.91 392.62 169.94 392.54 142.00 ship 0 0.997455 votes=3
86.40 224.19 86.69 268.54 72.05 268.64 71.77 224.28 ship 0 0.997444 votes=3
671.05 135.99 698.96 141.62 697.06 151.04 669.15 145.41 ship 0 0.997340 votes=3
515.15 31.86 564.60 40.90 561.34 58.72 511.89 49.68 ship 0 0.997247 votes=3
557.83 161.02 567.29 123.17 579.74 126.28 570.28 164.13 ship 0 0.996812 votes=3
345.68 165.52 345.94 138.46 355.83 138.56 355.56 165.62 ship 0 0.996751 votes=3
250.11 207.11 300.14 205.46 300.62 219.85 250.58 221.51 ship 0 0.996577 votes=3
404.88 170.40 405.37 141.95 415.29 142.12 414.80 170.58 ship 0 0.996356 votes=3
136.23 222.90 137.29 280.37 120.82 280.68 119.76 223.21 ship 0 0.995998 votes=3
672.38 88.26 700.62 92.01 699.24 102.41 670.99 98.65 ship 0 0.995008 votes=3
377.93 39.26 383.07 10.17 393.82 12.07 388.69 41.16 ship 0 0.994632 votes=3
62.66 215.43 63.56 266.44 47.27 266.73 46.37 215.72 ship 0 0.993955 votes=3
433.36 48.83 437.54 26.07 446.55 27.72 442.37 50.48 ship 0 0.993748 votes=3
489.30 91.40 495.91 55.26 508.16 57.50 501.55 93.64 ship 0 0.993450 votes=3
656.60 164.09 690.77 171.11 688.70 181.16 654.54 174.14 ship 0 0.992547 votes=3
314.66 136.76 314.91 169.81 306.13 169.88 305.89 136.82 ship 0 0.992435 votes=3
350.77 32.08 355.53 9.92 364.98 11.95 360.22 34.12 ship 0 0.992268 votes=3
437.79 83.40 452.53 101.31 446.21 106.51 431.48 88.60 ship 0 0.991200 votes=3
405.28 43.57 409.27 19.29 417.91 20.71 413.92 44.99 ship 0 0.990805 votes=3
109.80 232.29 109.86 272.65 97.66 272.67 97.60 232.31 ship 0 0.989528 votes=3
23.27 275.60 23.63 219.21 38.56 219.30 38.21 275.70 ship 0 0.985168 votes=3
318.42 163.08 318.65 139.33 326.49 139.40 326.26 163.16 ship 0 0.982690 votes=3
660.02 150.41 691.32 157.11 689.25 166.79 657.95 160.09 ship 0 0.982184 votes=3
421.72 45.69 423.81 23.27 432.67 24.10 430.58 46.51 ship 0 0.981274 votes=3
283.18 616.97 314.46 617.12 314.42 626.12 283.13 625.97 ship 0 0.979932 votes=3
406.42 542.65 429.09 542.46 429.16 551.35 406.50 551.55 ship 0 0.978692 votes=3
430.86 144.31 430.89 167.38 422.35 167.39 422.32 144.32 ship 0 0.978499 votes=3
479.63 172.46 493.83 187.84 488.11 193.13 473.91 177.75 ship 0 0.977347 votes=3
745.46 684.58 776.78 689.98 775.14 699.54 743.81 694.14 ship 0 0.969240 votes=3
270.37 85.37 294.17 93.97 291.33 101.84 267.52 93.25 ship 0 0.960437 votes=3
281.22 174.22 281.36 196.34 272.77 196.40 272.63 174.28 ship 0 0.910579 votes=3
482.52 157.39 495.78 169.60 490.74 175.07 477.48 162.87 ship 0 0.904600 votes=3
322.45 23.19 328.56 5.15 335.99 7.66 329.88 25.71 ship 0 0.901389 votes=3
72.96 608.32 321.76 618.08 320.19 657.88 71.40 648.12 harbor 0 0.878192 votes=3
467.32 137.46 467.35 148.25 457.69 148.28 457.66 137.49 ship 0 0.872946 votes=3
318.91 -9.86 703.95 88.59 676.61 195.54 291.57 97.09 harbor 0 0.854024 votes=3
128.14 416.20 327.10 420.60 326.08 466.60 127.12 462.20 harbor 0 0.842923 votes=2
374.23 543.07 396.99 542.61 397.14 550.03 374.38 550.48 ship 0 0.807511 votes=3
573.69 108.95 582.55 67.79 595.35 70.55 586.49 111.70 ship 0 0.803779 votes=3
212.30 632.66 237.27 632.76 237.24 640.85 212.27 640.75 ship 0 0.780711 votes=2
257.90 138.81 257.93 168.06 248.76 168.07 248.72 138.82 ship 0 0.751067 votes=2
106.82 509.80 430.91 504.96 432.05 581.05 107.96 585.88 harbor 0 0.742655 votes=3
248.43 201.38 249.00 174.93 258.09 175.12 257.53 201.58 ship 0 0.736792 votes=3
455.08 152.69 471.17 163.13 466.30 170.64 450.21 160.21 ship 0 0.727906 votes=3
281.90 134.54 282.18 172.19 270.59 172.28 270.31 134.63 ship 0 0.718745 votes=2
267.53 93.03 284.92 104.19 281.51 109.50 264.12 98.33 ship 0 0.690353 votes=3
