223.65 372.68 344.60 367.59 349.47 483.64 228.53 488.72 storagetank 0 0.999147 votes=3
626.72 377.69 747.68 377.49 747.87 493.56 626.91 493.76 storagetank 0 0.999039 votes=3
425.66 374.29 548.45 371.63 550.97 487.91 428.17 490.56 storagetank 0 0.998994 votes=3
588.55 512.00 628.26 511.03 629.14 547.11 589.43 548.09 storagetank 0 0.996026 votes=3
450.87 660.81 489.48 660.15 490.04 692.79 451.43 693.45 storagetank 0 0.995609 votes=3
519.27 743.69 577.22 741.20 579.34 790.41 521.39 792.90 storagetank 0 0.989158 votes=2
423.85 689.92 424.05 660.58 452.60 660.77 452.40 690.11 storagetank 0 0.987060 votes=3
397.21 659.99 427.49 660.09 427.40 687.83 397.12 687.73 storagetank 0 0.943860 votes=3
639.69 534.61 678.93 535.34 678.72 546.57 639.48 545.84 storagetank 0 0.924067 votes=3
705.83 731.96 770.38 730.18 771.64 775.94 707.10 777.73 storagetank 0 0.921964 votes=3
600.73 619.78 613.24 625.37 610.39 631.75 597.88 626.15 vehicle 0 0.865610 votes=3
384.66 657.24 395.02 657.67 394.60 668.03 384.23 667.60 storagetank 0 0.861156 votes=2
491.98 685.03 492.20 662.06 503.46 662.17 503.23 685.14 storagetank 0 0.659538 votes=3
