229.99 521.78 232.60 273.09 454.28 275.42 451.67 524.11 chimney 0 0.999532 votes=3
621.24 280.03 645.96 246.44 652.43 251.21 627.72 284.80 vehicle 0 0.989813 votes=3
455.55 710.38 466.64 718.16 463.50 722.64 452.40 714.86 vehicle 0 0.973842 votes=3
448.93 673.49 460.67 681.22 457.48 686.06 445.75 678.33 vehicle 0 0.948509 votes=3
238.07 563.98 248.18 571.53 245.00 575.80 234.89 568.25 vehicle 0 0.923325 votes=3
338.41 630.89 350.85 640.36 347.25 645.09 334.81 635.61 vehicle 0 0.917769 votes=3
173.71 505.76 185.78 513.46 182.76 518.19 170.69 510.49 vehicle 0 0.897292 votes=3
494.33 730.23 505.67 737.18 502.85 741.78 491.51 734.83 vehicle 0 0.825223 votes=3
305.30 605.76 315.03 612.11 311.82 617.02 302.10 610.66 vehicle 0 0.817674 votes=3
166.02 516.97 175.56 522.37 172.79 527.25 163.26 521.85 vehicle 0 0.759182 votes=3
28.79 410.25 39.92 419.71 36.13 424.15 25.01 414.70 vehicle 0 0.653435 votes=2
