97.18 319.28 288.72 21.78 499.03 157.18 307.49 454.68 Expressway-Service-area 0 0.998540 votes=3
388.22 523.26 409.46 492.58 415.61 496.84 394.36 527.51 vehicle 0 0.997877 votes=3
325.36 591.97 510.62 321.16 722.58 466.16 537.31 736.97 Expressway-Service-area 0 0.997642 votes=3
340.96 560.86 372.27 545.61 375.92 553.11 344.61 568.37 vehicle 0 0.996892 votes=3
400.60 562.57 435.65 571.24 433.74 578.96 398.69 570.29 vehicle 0 0.995161 votes=3
325.89 165.16 352.34 167.87 351.56 175.50 325.11 172.79 vehicle 0 0.991743 votes=3
266.16 236.21 283.35 243.97 280.60 250.05 263.41 242.29 vehicle 0 0.985269 votes=3
579.46 489.83 586.74 471.78 593.22 474.39 585.94 492.44 vehicle 0 0.979687 votes=3
608.78 151.78 620.13 133.77 626.58 137.83 615.23 155.85 vehicle 0 0.958019 votes=3
305.25 190.43 325.94 192.11 325.41 198.57 304.72 196.90 vehicle 0 0.944885 votes=3
493.16 140.33 601.98 220.92 595.10 230.22 486.28 149.63 overpass 0 0.940439 votes=3
363.11 184.23 386.20 176.97 389.21 186.55 366.12 193.81 vehicle 0 0.803342 votes=3
417.80 127.67 422.42 151.11 415.01 152.57 410.40 129.13 vehicle 0 0.723073 votes=2
