710.61 400.18 793.33 402.07 791.45 484.75 708.73 482.86 storagetank 0 0.999369 votes=3
610.89 231.13 701.47 235.92 696.75 325.16 606.17 320.37 storagetank 0 0.999331 votes=3
708.47 516.83 794.14 517.16 793.82 599.86 708.16 599.54 storagetank 0 0.999189 votes=3
708.06 165.84 791.31 165.89 791.26 248.95 708.01 248.90 storagetank 0 0.999129 votes=3
23.45 389.25 116.82 388.33 117.74 481.30 24.36 482.22 storagetank 0 0.998867 votes=3
24.12 276.36 118.00 275.34 118.97 365.14 25.10 366.16 storagetank 0 0.998591 votes=3
531.94 326.20 633.57 335.34 624.65 434.52 523.02 425.39 storagetank 0 0.998483 votes=3
707.24 361.49 714.46 279.39 795.07 286.48 787.85 368.58 storagetank 0 0.998430 votes=3
281.87 248.41 379.74 245.70 382.43 343.04 284.55 345.75 storagetank 0 0.998081 votes=3
401.02 197.07 524.44 198.56 523.06 313.03 399.64 311.54 storagetank 0 0.997727 votes=3
138.25 369.44 138.35 274.58 231.45 274.68 231.35 369.53 storagetank 0 0.995359 votes=3
533.29 167.79 615.87 169.71 614.03 248.68 531.45 246.76 storagetank 0 0.988954 votes=3
371.12 374.98 404.46 374.73 404.70 406.43 371.37 406.68 storagetank 0 0.987945 votes=3
599.51 109.34 607.68 123.37 603.44 125.85 595.26 111.82 vehicle 0 0.754866 votes=2
