505.27 270.32 505.50 214.44 527.41 214.53 527.18 270.41 vehicle 0 0.999775 votes=3
495.05 207.22 495.30 259.10 474.16 259.20 473.91 207.32 vehicle 0 0.999761 votes=3
594.64 637.53 595.31 586.86 617.31 587.15 616.65 637.82 vehicle 0 0.999756 votes=3
677.53 370.05 677.55 422.05 656.13 422.06 656.11 370.06 vehicle 0 0.999738 votes=3
738.05 564.43 738.88 630.98 715.54 631.27 714.71 564.72 vehicle 0 0.999680 votes=3
110.38 256.22 111.01 203.27 132.31 203.53 131.68 256.48 vehicle 0 0.999677 votes=3
69.65 352.20 126.21 353.02 125.88 375.67 69.32 374.85 vehicle 0 0.999572 votes=3
508.52 637.43 508.82 552.95 537.99 553.05 537.69 637.53 vehicle 0 0.999547 votes=3
710.07 560.45 710.60 639.06 682.05 639.25 681.53 560.64 vehicle 0 0.999545 votes=3
767.41 578.56 770.43 638.92 748.51 640.02 745.49 579.66 vehicle 0 0.999404 votes=3
