369.27 275.15 407.11 267.61 410.23 283.27 372.39 290.80 ship 0 0.998627 votes=3
179.23 371.45 197.29 406.26 183.01 413.67 164.94 378.87 ship 0 0.997705 votes=3
208.18 369.37 254.70 372.34 253.58 389.94 207.06 386.97 ship 0 0.997689 votes=3
642.42 401.01 676.06 417.09 668.87 432.13 635.23 416.05 ship 0 0.997554 votes=3
160.28 380.26 175.85 417.60 161.56 423.57 145.98 386.23 ship 0 0.997443 votes=3
131.63 337.73 150.87 364.14 140.18 371.93 120.93 345.52 ship 0 0.996850 votes=3
77.90 418.81 100.83 446.39 89.95 455.44 67.02 427.86 ship 0 0.996570 votes=3
506.75 458.85 524.08 428.09 537.00 435.37 519.67 466.13 ship 0 0.996192 votes=3
124.74 395.37 136.48 434.05 118.99 439.36 107.26 400.67 ship 0 0.994055 votes=3
141.66 384.59 160.28 427.31 144.58 434.15 125.96 391.43 ship 0 0.993873 votes=3
569.86 486.42 582.95 458.44 594.73 463.95 581.64 491.93 ship 0 0.993241 votes=3
112.63 342.38 129.53 373.48 115.39 381.16 98.50 350.06 ship 0 0.992299 votes=3
152.30 324.58 169.23 355.63 154.23 363.82 137.29 332.76 ship 0 0.987976 votes=3
606.52 508.07 622.30 476.75 635.63 483.47 619.86 514.78 ship 0 0.987217 votes=3
526.35 467.18 543.71 431.41 557.95 438.32 540.59 474.09 ship 0 0.984585 votes=3
135.00 240.64 167.26 218.21 176.56 231.60 144.31 254.02 ship 0 0.984100 votes=3
4.59 180.92 32.92 161.50 42.90 176.07 14.58 195.49 ship 0 0.978066 votes=3
26.55 388.78 208.20 307.35 240.14 378.60 58.49 460.03 harbor 0 0.973264 votes=3
19.79 309.81 35.10 338.61 23.84 344.60 8.53 315.80 ship 0 0.949018 votes=3
39.94 234.66 69.97 221.53 76.76 237.06 46.73 250.19 ship 0 0.945563 votes=3
492.99 273.54 514.61 281.19 511.56 289.79 489.94 282.14 ship 0 0.921006 votes=3
585.69 499.96 603.15 464.77 618.30 472.29 600.85 507.48 ship 0 0.919021 votes=3
114.03 259.43 134.00 293.28 119.10 302.08 99.13 268.23 ship 0 0.916446 votes=3
473.65 395.29 655.41 489.98 632.55 533.86 450.80 439.17 harbor 0 0.872692 votes=3
-5.14 308.79 161.91 222.41 183.53 264.21 16.48 350.60 harbor 0 0.834028 votes=3
488.24 444.05 502.70 415.04 515.09 421.22 500.63 450.23 ship 0 0.824932 votes=3
