413.62 588.14 414.34 386.94 558.99 387.45 558.28 588.66 chimney 0 0.999314 votes=3
611.26 667.68 613.63 605.06 661.55 606.88 659.19 669.49 storagetank 0 0.997339 votes=3
553.60 655.07 555.45 601.48 592.90 602.77 591.05 656.36 storagetank 0 0.993352 votes=3
545.88 748.73 546.17 793.23 517.04 793.41 516.75 748.92 storagetank 0 0.987139 votes=3
508.55 746.92 508.96 788.87 481.75 789.14 481.34 747.19 storagetank 0 0.982935 votes=3
585.90 666.21 586.71 713.98 547.74 714.64 546.92 666.88 storagetank 0 0.978361 votes=3
696.54 643.51 697.33 690.22 665.91 690.75 665.13 644.04 storagetank 0 0.960737 votes=3
464.08 754.48 464.16 775.40 444.13 775.47 444.05 754.55 storagetank 0 0.944325 votes=3
518.55 698.08 518.83 670.83 538.24 671.03 537.96 698.28 storagetank 0 0.927847 votes=3
567.57 804.20 568.03 756.70 606.26 757.07 605.80 804.57 storagetank 0 0.894609 votes=3
509.68 664.30 509.83 696.66 482.82 696.79 482.66 664.43 storagetank 0 0.864690 votes=3
515.91 604.81 516.10 630.15 491.52 630.33 491.33 604.99 storagetank 0 0.792893 votes=2
453.94 778.95 478.07 778.00 478.96 800.59 454.83 801.54 storagetank 0 0.743538 votes=2
642.62 217.86 642.71 240.20 620.76 240.29 620.67 217.95 storagetank 0 0.742040 votes=3
645.57 189.17 645.81 211.10 623.99 211.33 623.75 189.40 storagetank 0 0.702578 votes=3
524.00 632.76 524.09 601.11 546.27 601.17 546.18 632.83 storagetank 0 0.675077 votes=2
