278.91 225.53 443.50 228.90 440.14 393.04 275.55 389.67 chimney 0 0.999237 votes=3
702.34 348.49 702.62 377.53 674.18 377.81 673.91 348.76 storagetank 0 0.971257 votes=3
234.43 341.89 249.69 342.72 248.87 357.77 233.61 356.93 storagetank 0 0.966249 votes=3
652.43 357.65 652.84 339.21 669.23 339.58 668.83 358.01 storagetank 0 0.964528 votes=3
623.47 348.09 623.86 330.04 640.86 330.41 640.47 348.46 storagetank 0 0.964220 votes=3
229.88 372.71 229.99 358.76 243.54 358.88 243.42 372.82 storagetank 0 0.960959 votes=3
224.31 388.91 224.73 374.00 239.07 374.40 238.66 389.31 storagetank 0 0.959456 votes=3
219.19 403.62 221.34 389.16 234.96 391.19 232.80 405.65 storagetank 0 0.953964 votes=3
214.74 405.03 230.02 405.93 229.12 421.19 213.84 420.29 storagetank 0 0.921050 votes=3
652.51 518.38 652.56 500.50 668.01 500.55 667.96 518.42 storagetank 0 0.829560 votes=3
