211.08 552.93 321.19 510.93 359.43 611.21 249.32 653.20 airplane 0 0.999687 votes=3
658.48 422.47 724.03 435.07 711.74 499.02 646.19 486.42 airplane 0 0.999670 votes=3
657.49 325.01 742.99 337.06 731.42 419.19 645.92 407.14 airplane 0 0.999668 votes=3
590.32 173.96 596.58 121.97 634.39 126.53 628.12 178.52 airplane 0 0.999616 votes=3
446.85 161.07 452.26 113.19 488.59 117.29 483.18 165.17 airplane 0 0.999614 votes=3
426.00 270.87 432.85 220.49 469.06 225.41 462.21 275.80 airplane 0 0.999596 votes=3
282.15 307.62 289.10 257.62 322.91 262.32 315.96 312.32 airplane 0 0.999587 votes=3
440.74 212.55 448.45 169.02 482.94 175.12 475.23 218.66 airplane 0 0.999536 votes=3
599.01 116.60 606.07 65.10 645.01 70.44 637.95 121.93 airplane 0 0.999479 votes=3
568.78 283.37 573.77 231.79 611.74 235.47 606.74 287.05 airplane 0 0.999460 votes=3
287.71 252.78 296.13 198.84 330.98 204.28 322.56 258.22 airplane 0 0.998373 votes=3
