364.24 57.84 453.95 52.78 455.62 82.36 365.91 87.42 ship 0 0.999734 votes=3
369.05 310.02 446.72 309.75 446.81 335.57 369.14 335.84 ship 0 0.999689 votes=3
368.28 246.29 442.74 246.10 442.80 272.13 368.35 272.32 ship 0 0.999633 votes=3
368.00 370.94 459.17 370.40 459.35 399.93 368.18 400.47 ship 0 0.999617 votes=3
712.37 310.61 779.97 309.39 780.41 333.70 712.81 334.93 ship 0 0.999551 votes=3
364.63 127.19 441.28 126.60 441.48 153.17 364.84 153.76 ship 0 0.999533 votes=3
370.51 405.20 452.62 406.22 452.26 435.09 370.15 434.06 ship 0 0.999511 votes=3
710.88 20.81 710.97 89.01 683.51 89.04 683.42 20.85 ship 0 0.999488 votes=3
280.61 393.12 352.23 393.34 352.15 418.25 280.53 418.03 ship 0 0.999481 votes=3
371.97 275.42 454.79 275.53 454.75 305.79 371.93 305.68 ship 0 0.999456 votes=3
604.05 173.55 654.32 167.24 656.42 183.96 606.15 190.27 ship 0 0.999456 votes=3
708.30 370.82 781.49 370.53 781.59 395.49 708.40 395.77 ship 0 0.999302 votes=3
584.18 572.02 629.49 569.99 630.29 587.80 584.98 589.84 ship 0 0.999252 votes=3
699.12 165.73 781.94 165.95 781.86 194.29 699.04 194.07 ship 0 0.999164 votes=3
298.52 364.54 351.13 366.33 350.43 386.93 297.81 385.14 ship 0 0.999118 votes=3
711.66 342.85 782.88 342.35 783.06 368.33 711.84 368.83 ship 0 0.999107 votes=3
290.46 585.55 347.75 585.61 347.74 605.77 290.45 605.72 ship 0 0.999048 votes=3
578.47 549.34 623.72 543.81 625.96 562.15 580.72 567.68 ship 0 0.998740 votes=3
295.29 256.27 349.77 256.42 349.72 273.89 295.24 273.73 ship 0 0.998185 votes=3
737.51 554.79 795.69 555.22 795.53 576.19 737.35 575.77 ship 0 0.997935 votes=3
736.75 504.59 791.21 502.13 792.15 522.90 737.69 525.35 ship 0 0.997276 votes=3
625.57 489.00 629.36 771.24 530.51 772.57 526.72 490.32 harbor 0 0.994711 votes=3
749.79 635.12 796.89 635.32 796.81 653.94 749.71 653.75 ship 0 0.990063 votes=3
709.64 14.14 790.55 10.22 794.18 85.18 713.27 89.10 harbor 0 0.940503 votes=3
426.69 51.85 430.83 786.00 307.55 786.69 303.41 52.55 harbor 0 0.878205 votes=3
761.73 116.59 799.42 116.59 799.42 130.79 761.73 130.79 harbor 0 0.758939 votes=2
