318.63 303.85 345.91 274.71 354.79 283.03 327.52 312.17 ship 0 0.998309 votes=3
372.60 200.91 394.67 174.49 403.01 181.45 380.94 207.88 ship 0 0.996941 votes=3
351.55 396.83 373.96 413.49 368.38 421.00 345.97 404.34 ship 0 0.996467 votes=3
562.44 245.68 584.33 265.28 578.59 271.70 556.70 252.10 ship 0 0.996315 votes=3
345.16 179.73 367.50 153.93 375.42 160.79 353.08 186.59 ship 0 0.996062 votes=3
666.79 333.76 691.01 350.00 685.47 358.27 661.25 342.03 ship 0 0.995889 votes=3
575.14 447.98 597.14 464.04 590.70 472.86 568.70 456.81 ship 0 0.995792 votes=3
306.77 263.93 322.71 246.12 329.84 252.50 313.90 270.31 ship 0 0.995764 votes=3
304.34 607.98 334.73 634.99 327.70 642.90 297.31 615.89 ship 0 0.995579 votes=3
384.11 209.90 402.60 184.55 410.38 190.22 391.89 215.58 ship 0 0.995558 votes=3
520.58 299.77 542.31 316.34 536.20 324.35 514.48 307.78 ship 0 0.995382 votes=3
459.04 426.53 480.59 443.44 474.46 451.25 452.91 434.34 ship 0 0.995243 votes=3
517.44 356.86 538.81 372.07 533.08 380.13 511.70 364.93 ship 0 0.995160 votes=3
389.32 351.94 410.42 369.33 403.58 377.63 382.48 360.24 ship 0 0.994960 votes=3
369.46 665.02 417.38 696.87 410.26 707.58 362.34 675.73 ship 0 0.994741 votes=3
587.08 428.30 611.08 446.43 605.09 454.37 581.08 436.23 ship 0 0.994664 votes=3
440.85 291.82 461.57 305.84 456.50 313.32 435.78 299.30 ship 0 0.994532 votes=3
487.60 493.68 510.42 511.23 504.05 519.52 481.23 501.97 ship 0 0.994279 votes=3
256.49 443.43 274.74 456.11 269.34 463.88 251.09 451.20 ship 0 0.993814 votes=3
491.65 334.32 512.57 351.31 506.64 358.62 485.71 341.63 ship 0 0.993738 votes=3
504.12 209.24 529.55 229.65 523.12 237.66 497.69 217.25 ship 0 0.993664 votes=3
416.65 480.97 436.80 494.25 431.95 501.62 411.80 488.33 ship 0 0.993469 votes=3
239.25 349.08 262.92 369.91 256.78 376.88 233.11 356.05 ship 0 0.993354 votes=3
384.50 643.66 404.69 660.91 398.58 668.06 378.39 650.81 ship 0 0.993250 votes=3
534.11 280.85 557.45 298.39 551.29 306.59 527.95 289.04 ship 0 0.993081 votes=3
571.64 234.36 594.48 253.23 587.67 261.47 564.83 242.61 ship 0 0.992818 votes=3
339.52 416.28 359.19 431.74 354.04 438.30 334.36 422.83 ship 0 0.992339 votes=3
277.08 282.21 293.34 264.02 300.03 270.00 283.77 288.19 ship 0 0.992336 votes=3
313.83 394.16 332.89 409.51 327.41 416.31 308.35 400.96 ship 0 0.992324 votes=3
356.75 186.79 373.64 166.63 380.88 172.70 363.99 192.86 ship 0 0.992071 votes=3
460.75 216.45 480.69 232.05 475.31 238.93 455.36 223.33 ship 0 0.992019 votes=3
682.65 314.87 701.48 329.48 696.13 336.37 677.31 321.75 ship 0 0.991695 votes=3
475.86 351.84 498.40 367.88 492.59 376.05 470.05 360.00 ship 0 0.991681 votes=3
590.69 371.30 610.59 386.51 605.36 393.37 585.45 378.16 ship 0 0.991661 votes=3
400.68 496.45 424.27 513.87 418.18 522.13 394.58 504.72 ship 0 0.991628 votes=3
177.47 501.75 208.91 527.66 201.19 537.03 169.75 511.12 ship 0 0.991624 votes=3
583.99 380.39 604.05 397.45 598.23 404.30 578.16 387.24 ship 0 0.991520 votes=3
345.24 599.52 361.66 611.12 357.04 617.66 340.62 606.06 ship 0 0.991500 votes=3
560.59 406.81 580.97 422.36 575.80 429.13 555.43 413.58 ship 0 0.991414 votes=3
522.43 447.60 546.00 466.85 539.68 474.60 516.11 455.35 ship 0 0.991346 votes=3
591.07 269.16 612.92 283.30 608.36 290.34 586.51 276.21 ship 0 0.991221 votes=3
296.77 297.96 311.73 277.63 318.25 282.43 303.29 302.76 ship 0 0.990929 votes=3
243.03 330.38 270.21 352.27 263.36 360.78 236.18 338.89 ship 0 0.990905 votes=3
324.95 432.91 345.56 449.17 339.65 456.67 319.03 440.41 ship 0 0.990891 votes=3
558.34 467.12 582.86 484.47 576.91 492.88 552.39 475.52 ship 0 0.990682 votes=3
583.82 278.20 604.88 294.18 599.36 301.45 578.30 285.48 ship 0 0.990558 votes=3
296.98 412.39 317.23 426.09 312.70 432.79 292.45 419.08 ship 0 0.990278 votes=3
240.85 418.47 257.83 432.39 252.99 438.30 236.01 424.38 ship 0 0.990034 votes=3
327.35 378.98 345.27 393.01 340.76 398.77 322.84 384.74 ship 0 0.989963 votes=3
465.13 519.69 486.92 536.88 481.16 544.17 459.38 526.98 ship 0 0.989913 votes=3
419.66 600.41 439.92 616.36 434.78 622.90 414.52 606.94 ship 0 0.989810 votes=3
471.32 255.73 490.89 272.32 484.10 280.33 464.53 263.75 ship 0 0.989741 votes=3
272.29 553.96 290.53 568.51 285.58 574.72 267.34 560.17 ship 0 0.989560 votes=3
495.46 541.83 518.25 560.10 511.68 568.29 488.89 550.01 ship 0 0.989446 votes=3
652.30 352.46 675.08 370.22 668.88 378.17 646.10 360.41 ship 0 0.989354 votes=3
382.47 469.50 399.71 483.24 394.86 489.33 377.62 475.59 ship 0 0.989232 votes=3
318.54 495.64 337.66 508.40 332.62 515.95 313.50 503.19 ship 0 0.989183 votes=3
238.46 554.66 265.71 576.36 259.36 584.33 232.11 562.63 ship 0 0.989091 votes=3
397.54 533.23 414.21 545.81 409.53 552.01 392.86 539.43 ship 0 0.989087 votes=3
361.26 388.73 380.86 405.29 374.95 412.28 355.35 395.73 ship 0 0.988555 votes=3
262.14 518.27 281.32 530.50 276.77 537.64 257.59 525.42 ship 0 0.988450 votes=3
374.86 319.84 394.55 333.68 389.21 341.27 369.52 327.43 ship 0 0.988244 votes=3
474.73 511.83 494.22 528.66 488.60 535.18 469.10 518.34 ship 0 0.988205 votes=3
254.45 402.20 269.53 413.58 265.03 419.55 249.95 408.17 ship 0 0.988149 votes=3
399.67 628.30 415.25 640.22 410.67 646.21 395.09 634.29 ship 0 0.988014 votes=3
489.00 552.49 509.36 570.77 502.81 578.07 482.45 559.78 ship 0 0.987917 votes=3
448.25 236.02 464.80 248.96 460.30 254.72 443.74 241.78 ship 0 0.987887 votes=3
643.28 309.00 664.07 326.77 658.06 333.80 637.27 316.03 ship 0 0.987872 votes=3
659.74 294.85 677.91 309.47 672.72 315.92 654.55 301.30 ship 0 0.987423 votes=3
613.23 398.35 637.37 420.28 630.61 427.73 606.47 405.79 ship 0 0.987328 votes=3
362.73 235.18 376.23 214.99 384.02 220.19 370.52 240.38 ship 0 0.987056 votes=3
404.79 617.98 424.67 633.19 419.56 639.87 399.67 624.66 ship 0 0.986997 votes=3
425.33 309.72 447.49 324.36 442.48 331.94 420.32 317.30 ship 0 0.986955 votes=3
475.39 584.90 495.89 601.19 490.08 608.50 469.58 592.22 ship 0 0.986885 votes=3
404.16 334.50 424.95 353.79 417.99 361.29 397.20 342.00 ship 0 0.986829 votes=3
304.61 404.23 324.75 418.70 319.87 425.50 299.73 411.03 ship 0 0.986715 votes=3
598.11 363.16 616.99 377.53 611.96 384.15 593.07 369.78 ship 0 0.986205 votes=3
497.58 220.28 517.46 237.87 512.00 244.04 492.12 226.45 ship 0 0.986037 votes=3
425.68 412.71 446.29 429.92 440.77 436.53 420.16 419.32 ship 0 0.986005 votes=3
367.93 379.15 388.24 396.51 382.46 403.26 362.16 385.90 ship 0 0.985563 votes=3
456.67 274.07 475.37 288.88 469.80 295.93 451.09 281.12 ship 0 0.985271 votes=3
630.06 379.64 655.26 402.23 647.89 410.45 622.69 387.86 ship 0 0.985019 votes=3
477.14 560.62 501.64 578.90 495.84 586.67 471.35 568.39 ship 0 0.984922 votes=3
420.04 423.57 438.37 439.92 432.81 446.15 414.48 429.81 ship 0 0.984848 votes=3
447.62 387.08 468.19 404.26 462.55 411.02 441.98 393.83 ship 0 0.984726 votes=3
425.49 586.90 449.33 606.30 442.75 614.38 418.92 594.97 ship 0 0.984077 votes=3
443.14 445.67 467.38 457.92 462.42 467.74 438.17 455.48 ship 0 0.983880 votes=3
462.48 606.19 479.14 618.66 474.26 625.18 457.60 612.71 ship 0 0.983714 votes=3
250.24 537.05 266.30 548.97 262.17 554.54 246.11 542.62 ship 0 0.983488 votes=3
485.63 238.45 506.91 254.64 500.11 263.57 478.83 247.38 ship 0 0.983355 votes=3
228.34 477.85 247.28 489.27 243.46 495.60 224.52 484.18 ship 0 0.983132 votes=3
620.79 336.58 641.60 353.40 635.71 360.69 614.89 343.87 ship 0 0.983095 votes=3
276.37 503.92 294.90 516.71 290.84 522.60 272.31 509.80 ship 0 0.983031 votes=3
336.63 211.59 349.27 194.97 355.28 199.55 342.64 216.17 ship 0 0.982176 votes=3
558.06 257.01 576.59 272.07 571.10 278.83 552.57 263.77 ship 0 0.981852 votes=3
503.66 374.46 523.14 389.55 517.61 396.69 498.13 381.60 ship 0 0.981693 votes=3
578.37 287.60 596.21 303.45 590.70 309.65 572.86 293.81 ship 0 0.981443 votes=3
604.08 351.05 627.28 368.56 621.30 376.49 598.10 358.97 ship 0 0.981178 votes=3
410.24 432.28 430.23 447.51 424.71 454.76 404.71 439.54 ship 0 0.981092 votes=3
434.54 629.68 462.62 645.75 457.69 654.36 429.61 638.29 ship 0 0.981064 votes=3
282.04 545.66 297.81 557.41 293.58 563.09 277.81 551.34 ship 0 0.981032 votes=3
437.50 396.64 460.76 412.24 455.19 420.54 431.93 404.94 ship 0 0.980893 votes=3
664.59 284.11 685.09 301.74 680.12 307.52 659.62 289.89 ship 0 0.980860 votes=3
451.65 541.09 472.09 556.95 466.14 564.62 445.70 548.76 ship 0 0.980607 votes=3
520.70 514.46 540.93 535.20 532.97 542.96 512.74 522.22 ship 0 0.979914 votes=3
385.56 311.57 403.65 325.17 398.49 332.02 380.41 318.42 ship 0 0.979247 votes=3
515.72 462.05 536.14 476.96 531.11 483.85 510.69 468.93 ship 0 0.978946 votes=3
605.71 410.96 630.93 430.03 625.00 437.88 599.78 418.80 ship 0 0.978722 votes=3
620.47 389.99 644.47 410.93 637.79 418.58 613.80 397.64 ship 0 0.978613 votes=3
458.04 531.93 477.64 543.91 472.87 551.71 453.27 539.73 ship 0 0.978504 votes=3
236.99 469.29 252.00 480.97 247.78 486.40 232.76 474.72 ship 0 0.978463 votes=3
501.61 478.43 521.10 492.36 515.81 499.76 496.32 485.83 ship 0 0.978043 votes=3
390.51 220.71 417.16 194.33 424.69 201.92 398.04 228.31 ship 0 0.977925 votes=3
324.99 204.44 339.01 186.66 344.77 191.20 330.75 208.98 ship 0 0.977428 votes=3
348.44 548.71 363.55 561.04 359.17 566.42 344.05 554.09 ship 0 0.977407 votes=3
654.05 303.94 670.23 318.90 664.91 324.66 648.73 309.70 ship 0 0.976750 votes=3
444.95 619.27 468.62 635.82 463.32 643.41 439.64 626.86 ship 0 0.976568 votes=3
308.79 513.01 324.32 523.65 319.02 531.37 303.50 520.72 ship 0 0.976024 votes=3
324.05 279.19 339.55 261.67 346.56 267.87 331.06 285.38 ship 0 0.975594 votes=3
181.32 490.92 198.14 502.74 193.66 509.11 176.84 497.30 ship 0 0.975542 votes=3
413.07 327.66 433.08 342.18 427.98 349.20 407.98 334.68 ship 0 0.975475 votes=3
526.91 503.35 549.86 521.71 543.09 530.16 520.15 511.80 ship 0 0.971868 votes=3
531.97 338.95 554.11 354.21 548.85 361.84 526.72 346.58 ship 0 0.971676 votes=3
292.35 529.33 310.61 541.48 306.25 548.04 287.99 535.88 ship 0 0.970187 votes=3
289.11 289.71 303.17 272.93 308.49 277.39 294.43 294.17 ship 0 0.969656 votes=3
372.84 567.64 386.88 578.81 382.61 584.19 368.56 573.02 ship 0 0.969290 votes=3
391.41 300.47 410.86 315.29 404.83 323.20 385.38 308.39 ship 0 0.968968 votes=3
329.20 573.06 344.40 585.75 339.98 591.04 324.78 578.36 ship 0 0.967458 votes=3
540.45 433.19 561.47 448.79 556.05 456.09 535.04 440.48 ship 0 0.965997 votes=3
593.30 235.18 621.12 260.11 614.90 267.04 587.09 242.11 ship 0 0.965990 votes=3
373.93 514.85 391.79 527.53 386.72 534.67 368.86 521.99 ship 0 0.965556 votes=3
636.01 318.35 656.93 335.48 650.92 342.82 630.00 325.68 ship 0 0.965436 votes=3
346.04 407.32 366.70 423.18 361.13 430.44 340.47 414.58 ship 0 0.962515 votes=3
390.63 458.74 407.78 472.95 403.00 478.73 385.84 464.52 ship 0 0.961410 votes=3
405.63 285.41 421.18 299.92 415.04 306.49 399.50 291.98 ship 0 0.960768 votes=3
569.25 297.18 585.83 311.62 580.40 317.85 563.82 303.41 ship 0 0.960680 votes=3
432.11 253.31 449.60 266.01 444.89 272.50 427.40 259.79 ship 0 0.960005 votes=3
629.39 327.89 647.39 343.16 642.25 349.23 624.25 333.96 ship 0 0.959171 votes=3
217.02 492.77 233.95 504.37 229.29 511.17 212.36 499.58 ship 0 0.957695 votes=3
331.75 425.51 350.71 441.16 345.92 446.97 326.95 431.32 ship 0 0.957367 votes=3
466.66 417.61 489.85 434.25 484.56 441.63 461.37 424.99 ship 0 0.956722 votes=3
355.83 584.95 372.91 595.67 369.54 601.04 352.46 590.31 ship 0 0.956584 votes=3
549.11 267.28 567.91 280.12 564.39 285.28 545.59 272.44 ship 0 0.956455 votes=3
412.08 274.90 432.89 290.53 426.92 298.49 406.10 282.87 ship 0 0.956399 votes=3
208.68 458.22 223.87 470.48 218.98 476.54 203.79 464.27 ship 0 0.954599 votes=3
322.54 582.64 336.88 593.37 333.10 598.42 318.76 587.69 ship 0 0.954318 votes=3
532.87 441.96 553.80 458.16 548.37 465.17 527.44 448.97 ship 0 0.953646 votes=3
159.71 437.94 175.86 449.86 171.03 456.41 154.88 444.49 ship 0 0.953463 votes=3
460.68 371.24 482.31 385.48 477.74 392.42 456.11 378.18 ship 0 0.953362 votes=3
401.00 443.01 423.40 456.28 419.63 462.64 397.23 449.37 ship 0 0.951983 votes=3
243.90 459.74 260.20 469.54 256.33 475.97 240.03 466.17 ship 0 0.951772 votes=3
375.36 371.61 395.12 385.44 390.04 392.70 370.28 378.87 ship 0 0.951715 votes=3
424.76 646.74 445.24 665.41 439.53 671.67 419.05 653.00 ship 0 0.951571 votes=3
374.08 654.73 397.01 669.22 392.59 676.22 369.66 661.74 ship 0 0.950738 votes=3
297.54 478.56 313.38 489.51 309.59 494.98 293.75 484.03 ship 0 0.948632 votes=3
317.09 452.97 337.47 467.00 332.09 474.82 311.70 460.79 ship 0 0.946329 votes=3
455.26 378.67 474.28 394.76 469.03 400.97 450.00 384.89 ship 0 0.938876 votes=3
453.99 226.80 472.27 241.45 467.51 247.40 449.22 232.75 ship 0 0.936138 votes=3
340.26 471.52 359.02 486.56 353.94 492.91 335.17 477.87 ship 0 0.935419 votes=3
173.19 422.86 188.59 434.56 183.78 440.88 168.39 429.19 ship 0 0.934651 votes=3
368.12 525.04 385.13 539.12 380.32 544.93 363.32 530.84 ship 0 0.931234 votes=3
333.60 482.17 348.75 494.16 344.61 499.39 329.46 487.41 ship 0 0.926188 votes=3
597.53 417.53 620.95 438.51 613.96 446.32 590.53 425.34 ship 0 0.925935 votes=3
442.69 244.75 458.24 256.49 453.11 263.29 437.56 251.55 ship 0 0.924758 votes=3
440.40 570.62 458.72 591.36 453.13 596.29 434.82 575.55 ship 0 0.921328 votes=3
414.35 609.78 432.12 625.59 427.39 630.90 409.63 615.09 ship 0 0.920846 votes=3
637.06 370.98 660.60 387.21 655.42 394.71 631.89 378.48 ship 0 0.919914 votes=3
355.26 540.58 370.86 553.56 366.56 558.73 350.96 545.75 ship 0 0.917684 votes=3
675.49 269.48 696.99 282.39 693.44 288.30 671.94 275.39 ship 0 0.917069 votes=3
410.91 667.04 426.42 678.20 422.84 683.19 407.33 672.02 ship 0 0.912748 votes=3
471.80 596.29 488.57 609.72 483.75 615.74 466.98 602.31 ship 0 0.912685 votes=3
415.72 658.53 433.92 670.93 429.89 676.86 411.68 664.45 ship 0 0.911589 votes=3
389.51 544.44 404.49 555.54 400.58 560.83 385.59 549.73 ship 0 0.910656 votes=3
217.27 368.92 230.93 379.84 226.46 385.42 212.81 374.50 ship 0 0.909755 votes=3
525.23 347.16 543.52 361.36 538.27 368.13 519.98 353.93 ship 0 0.907513 votes=3
334.03 370.13 351.90 386.29 347.27 391.40 329.40 375.24 ship 0 0.906035 votes=3
204.07 386.18 220.29 398.70 216.09 404.15 199.87 391.63 ship 0 0.903044 votes=3
136.88 470.37 147.61 480.97 143.16 485.47 132.43 474.87 ship 0 0.899125 votes=3
307.51 596.41 326.96 610.02 322.19 616.83 302.74 603.23 ship 0 0.897531 votes=3
185.98 408.43 200.62 420.83 196.17 426.07 181.54 413.67 ship 0 0.896715 votes=3
191.72 400.88 206.83 413.32 201.94 419.25 186.83 406.82 ship 0 0.895168 votes=3
380.28 506.80 398.19 520.67 393.41 526.84 375.50 512.98 ship 0 0.890682 votes=3
377.69 557.89 392.33 570.45 388.36 575.07 373.72 562.52 ship 0 0.889704 votes=3
314.57 590.07 330.85 603.36 326.70 608.44 310.41 595.16 ship 0 0.874576 votes=3
468.71 361.71 489.46 376.61 484.17 383.97 463.43 369.06 ship 0 0.868243 votes=3
197.93 393.18 213.95 406.66 209.74 411.66 193.72 398.18 ship 0 0.868095 votes=3
288.75 488.36 306.38 501.86 301.76 507.89 284.13 494.39 ship 0 0.865891 votes=3
363.86 531.65 377.89 543.93 373.16 549.33 359.13 537.05 ship 0 0.863887 votes=3
207.90 500.67 222.87 513.56 218.14 519.05 203.17 506.15 ship 0 0.862496 votes=3
228.37 436.29 241.94 446.57 238.21 451.50 224.64 441.22 ship 0 0.860554 votes=3
426.10 260.31 441.10 271.61 437.23 276.74 422.23 265.44 ship 0 0.859008 votes=3
346.58 353.39 367.38 367.77 363.22 373.78 342.42 359.41 ship 0 0.846149 votes=3
506.37 315.49 524.83 332.27 519.12 338.56 500.65 321.79 ship 0 0.840008 votes=3
212.64 377.04 225.87 388.24 221.78 393.08 208.55 381.88 ship 0 0.837344 votes=3
343.03 362.41 359.24 376.39 353.96 382.51 337.75 368.53 ship 0 0.822025 votes=3
364.17 338.18 378.90 350.19 374.09 356.08 359.37 344.07 ship 0 0.820014 votes=3
233.90 552.16 323.33 448.87 361.47 481.90 272.04 585.19 harbor 0 0.812517 votes=3
385.64 550.69 401.94 561.98 398.31 567.22 382.01 555.92 ship 0 0.795859 votes=3
311.56 462.83 324.94 475.57 320.95 479.77 307.57 467.03 ship 0 0.793811 votes=2
141.35 463.80 154.89 475.65 152.04 478.91 138.49 467.06 ship 0 0.788416 votes=3
364.97 147.92 428.58 200.95 382.96 255.67 319.35 202.64 harbor 0 0.782475 votes=2
328.39 613.78 346.06 628.57 340.51 635.20 322.84 620.40 ship 0 0.745996 votes=3
297.70 620.76 394.79 483.54 433.09 510.64 336.00 647.86 harbor 0 0.743642 votes=3
170.98 514.97 261.54 393.77 297.38 420.55 206.82 541.75 harbor 0 0.736017 votes=3
187.48 484.51 202.80 495.67 199.13 500.72 183.81 489.56 ship 0 0.718819 votes=2
448.04 566.25 465.95 579.22 461.51 585.35 443.60 572.38 ship 0 0.712803 votes=2
418.49 318.36 437.73 334.18 431.97 341.18 412.73 325.36 ship 0 0.632856 votes=2
