313.24 315.13 595.23 392.21 568.23 490.99 286.24 413.91 Expressway-toll-station 0 0.999478 votes=3
317.33 677.03 317.61 749.61 300.74 749.68 300.46 677.09 vehicle 0 0.999109 votes=3
416.98 86.11 462.18 10.76 476.85 19.56 431.66 94.92 vehicle 0 0.998875 votes=3
385.10 177.16 419.10 99.86 435.48 107.06 401.47 184.37 vehicle 0 0.998388 votes=3
448.22 173.72 474.36 91.79 493.64 97.94 467.50 179.87 vehicle 0 0.991238 votes=3
421.06 271.86 439.49 188.72 459.79 193.22 441.37 276.36 vehicle 0 0.991122 votes=3
369.63 489.87 378.61 442.52 394.38 445.52 385.40 492.86 vehicle 0 0.989700 votes=3
360.89 267.79 383.31 193.05 398.28 197.54 375.86 272.28 vehicle 0 0.988495 votes=3
482.33 85.11 505.54 18.67 521.49 24.24 498.29 90.68 vehicle 0 0.981298 votes=3
293.96 474.67 299.20 452.36 307.90 454.40 302.66 476.72 vehicle 0 0.882042 votes=3
