461.76 604.98 461.78 678.00 438.86 678.01 438.84 604.99 ship 0 0.999721 votes=3
544.70 676.99 544.90 600.57 572.18 600.64 571.98 677.06 ship 0 0.999713 votes=3
582.80 706.11 586.38 770.92 563.52 772.18 559.94 707.38 ship 0 0.999641 votes=3
477.05 675.11 477.22 606.23 500.79 606.29 500.63 675.17 ship 0 0.999617 votes=3
684.81 407.02 685.19 491.96 656.34 492.08 655.95 407.15 ship 0 0.999610 votes=3
723.98 406.09 724.57 494.03 694.81 494.23 694.23 406.29 ship 0 0.999597 votes=3
645.64 288.94 647.54 387.19 618.25 387.75 616.36 289.51 ship 0 0.999581 votes=3
706.15 615.65 706.17 686.00 682.68 686.00 682.66 615.66 ship 0 0.999574 votes=3
637.26 91.29 643.89 189.80 608.97 192.15 602.34 93.65 ship 0 0.999531 votes=3
405.43 677.42 406.10 604.20 428.85 604.41 428.18 677.63 ship 0 0.999529 votes=3
561.79 92.25 563.73 189.71 531.47 190.35 529.54 92.89 ship 0 0.999513 votes=3
527.09 769.92 527.67 704.15 555.40 704.39 554.82 770.16 ship 0 0.999444 votes=3
618.65 776.22 619.83 708.52 642.61 708.92 641.43 776.62 ship 0 0.999442 votes=3
345.45 680.89 345.50 726.43 323.88 726.46 323.83 680.91 ship 0 0.999401 votes=3
579.40 494.84 587.79 414.08 613.92 416.80 605.53 497.55 ship 0 0.999357 votes=3
690.32 84.38 694.86 170.08 663.74 171.73 659.20 86.03 ship 0 0.999337 votes=3
399.52 768.38 409.88 703.72 431.90 707.25 421.54 771.90 ship 0 0.999214 votes=3
345.71 602.30 345.91 665.74 323.58 665.81 323.38 602.37 ship 0 0.999213 votes=3
722.29 686.47 722.41 610.64 745.83 610.68 745.71 686.50 ship 0 0.999204 votes=3
433.96 415.55 434.30 488.29 407.58 488.42 407.24 415.67 ship 0 0.999164 votes=3
429.81 769.83 436.41 705.30 459.00 707.61 452.40 772.14 ship 0 0.999022 votes=3
673.94 609.76 674.30 676.27 649.49 676.41 649.13 609.89 ship 0 0.998990 votes=3
413.78 184.50 413.98 121.31 438.24 121.38 438.05 184.58 ship 0 0.998743 votes=3
398.45 108.79 398.87 189.05 373.72 189.18 373.30 108.92 ship 0 0.996702 votes=3
288.09 69.69 732.17 65.96 733.18 186.17 289.10 189.90 harbor 0 0.950775 votes=3
337.16 609.93 741.68 601.87 744.94 765.63 340.42 773.69 harbor 0 0.860199 votes=3
