535.24 464.91 596.96 424.74 607.27 440.58 545.55 480.75 ship 0 0.999362 votes=3
717.65 599.47 731.63 517.57 752.68 521.17 738.69 603.06 ship 0 0.999317 votes=3
681.20 600.15 694.38 518.36 715.29 521.73 702.12 603.52 ship 0 0.999085 votes=3
81.69 650.93 125.28 624.54 133.53 638.16 89.94 664.56 ship 0 0.999001 votes=3
233.95 334.44 307.11 307.86 314.38 327.88 241.23 354.46 ship 0 0.998969 votes=3
411.81 406.13 452.99 375.19 462.62 388.02 421.45 418.95 ship 0 0.998860 votes=3
538.68 262.32 627.77 287.65 620.81 312.13 531.72 286.80 ship 0 0.998841 votes=3
64.88 402.28 154.73 344.51 167.23 363.96 77.38 421.72 ship 0 0.998757 votes=3
252.93 551.02 287.80 525.19 296.03 536.30 261.15 562.13 ship 0 0.998630 votes=3
277.81 276.47 326.25 257.99 334.89 280.66 286.45 299.13 ship 0 0.998485 votes=3
348.83 292.70 410.77 269.49 417.30 286.91 355.35 310.12 ship 0 0.998469 votes=3
115.28 564.99 152.35 537.61 160.48 548.61 123.41 576.00 ship 0 0.998437 votes=3
522.65 445.04 564.35 417.08 572.58 429.36 530.88 457.31 ship 0 0.998343 votes=3
724.44 308.80 787.73 378.22 772.66 391.95 709.37 322.54 ship 0 0.998305 votes=3
188.60 442.51 251.57 395.88 265.51 414.70 202.54 461.34 ship 0 0.998253 votes=3
69.83 538.11 105.80 513.20 114.36 525.57 78.39 550.48 ship 0 0.998144 votes=3
437.47 262.41 488.25 261.72 488.45 276.31 437.67 277.00 ship 0 0.998056 votes=3
67.06 612.84 102.91 590.11 111.63 603.85 75.78 626.58 ship 0 0.998041 votes=3
76.43 630.34 113.20 605.12 120.97 616.45 84.20 641.67 ship 0 0.997923 votes=3
689.82 320.09 724.75 359.36 713.00 369.81 678.07 330.54 ship 0 0.997789 votes=3
267.55 461.20 316.82 427.60 325.74 440.67 276.46 474.27 ship 0 0.997723 votes=3
282.27 474.47 332.81 443.79 342.02 458.96 291.48 489.64 ship 0 0.997690 votes=3
298.37 614.59 332.95 589.83 341.04 601.13 306.46 625.89 ship 0 0.997218 votes=3
130.40 592.23 162.90 571.15 170.47 582.82 137.96 603.90 ship 0 0.995793 votes=3
39.33 712.80 62.11 701.16 66.45 709.65 43.67 721.29 ship 0 0.993847 votes=3
179.56 671.45 227.57 645.23 235.29 659.38 187.29 685.60 ship 0 0.993514 votes=3
128.69 675.57 152.74 659.50 158.56 668.21 134.51 684.28 ship 0 0.993330 votes=3
493.22 400.60 531.78 374.54 538.58 384.61 500.02 410.66 ship 0 0.991985 votes=3
376.83 254.57 405.29 246.04 408.28 256.04 379.82 264.57 ship 0 0.990331 votes=3
216.11 511.99 261.24 484.15 269.47 497.49 224.34 525.33 ship 0 0.989660 votes=3
69.12 283.07 94.52 267.66 100.31 277.19 74.90 292.61 ship 0 0.989092 votes=3
470.71 373.71 513.97 346.26 526.99 366.79 483.73 394.23 ship 0 0.988559 votes=3
125.75 694.94 160.20 673.85 167.88 686.38 133.42 707.48 ship 0 0.988516 votes=3
401.65 390.34 439.48 356.90 449.74 368.51 411.91 401.94 ship 0 0.987533 votes=3
479.69 507.12 511.31 487.19 519.02 499.42 487.40 519.35 ship 0 0.987211 votes=3
93.62 548.47 134.69 518.38 147.82 536.30 106.76 566.39 ship 0 0.986438 votes=3
283.34 591.28 317.50 567.45 328.67 583.47 294.51 607.30 ship 0 0.984296 votes=3
249.96 434.47 295.44 405.98 310.37 429.83 264.90 458.32 ship 0 0.983130 votes=3
131.31 511.90 233.53 669.15 143.32 727.80 41.09 570.54 harbor 0 0.981870 votes=3
110.55 656.12 135.39 640.66 142.39 651.90 117.55 667.36 ship 0 0.980654 votes=3
21.62 693.38 48.06 679.12 52.68 687.68 26.24 701.93 ship 0 0.977700 votes=3
143.93 610.91 181.68 579.90 195.80 597.10 158.06 628.11 ship 0 0.975493 votes=3
109.45 259.92 157.33 229.21 172.13 252.28 124.25 282.99 ship 0 0.975109 votes=3
292.60 401.25 415.44 573.04 313.22 646.14 190.38 474.34 harbor 0 0.972819 votes=3
225.67 530.71 268.95 496.72 285.33 517.57 242.05 551.56 ship 0 0.961108 votes=3
354.09 310.83 387.03 297.85 391.60 309.47 358.67 322.44 ship 0 0.958592 votes=3
493.23 519.38 531.78 493.97 544.35 513.03 505.80 538.44 ship 0 0.952584 votes=3
571.57 499.98 617.79 471.04 634.62 497.91 588.39 526.85 ship 0 0.948579 votes=3
90.42 711.50 124.64 696.41 129.79 708.10 95.57 723.19 ship 0 0.948109 votes=3
335.06 563.33 383.50 531.89 399.11 555.94 350.67 587.38 ship 0 0.947039 votes=3
630.13 527.90 636.45 475.89 662.66 479.08 656.33 531.09 ship 0 0.941409 votes=3
359.51 584.80 387.37 570.77 393.20 582.33 365.34 596.37 ship 0 0.939441 votes=3
509.17 325.08 625.66 487.35 513.73 567.70 397.24 405.43 harbor 0 0.917697 votes=3
44.98 734.90 83.57 704.72 96.83 721.68 58.25 751.86 ship 0 0.895542 votes=3
244.79 44.97 248.89 29.11 256.42 31.06 252.32 46.92 vehicle 0 0.887048 votes=3
160.26 228.42 199.40 206.62 211.43 228.22 172.30 250.02 ship 0 0.885576 votes=3
450.11 546.02 491.90 548.51 490.40 573.76 448.60 571.27 ship 0 0.879546 votes=3
26.93 675.04 43.96 665.02 47.96 671.82 30.93 681.84 ship 0 0.836399 votes=3
96.43 725.51 132.24 708.80 140.93 727.41 105.12 744.12 ship 0 0.827910 votes=3
400.77 542.43 441.50 545.04 440.01 568.29 399.28 565.69 ship 0 0.815836 votes=3
269.99 744.13 279.08 757.79 273.71 761.37 264.61 747.71 vehicle 0 0.741360 votes=3
381.21 781.36 385.92 765.78 393.82 768.17 389.11 783.74 vehicle 0 0.668313 votes=3
