236.87 67.27 315.49 68.76 315.02 93.49 236.40 92.00 ship 0 0.999570 votes=3
550.56 600.61 551.39 647.29 533.93 647.60 533.10 600.92 ship 0 0.999530 votes=3
412.44 398.27 415.87 462.04 394.88 463.17 391.45 399.40 ship 0 0.999421 votes=3
306.26 425.71 377.28 418.04 379.57 439.25 308.55 446.92 ship 0 0.999398 votes=3
536.44 389.07 543.33 440.50 523.21 443.19 516.32 391.76 ship 0 0.999343 votes=3
431.25 393.38 435.90 447.97 419.07 449.40 414.43 394.82 ship 0 0.999335 votes=3
468.65 447.18 468.89 390.82 486.90 390.90 486.66 447.26 ship 0 0.999256 votes=3
292.30 389.06 370.36 385.44 371.63 412.82 293.58 416.45 ship 0 0.999244 votes=3
724.34 26.51 774.96 17.31 778.08 34.51 727.47 43.71 ship 0 0.999197 votes=3
402.63 660.25 471.35 658.92 471.80 682.10 403.07 683.43 ship 0 0.999087 votes=3
241.56 114.66 286.04 113.29 286.57 130.69 242.09 132.06 ship 0 0.999049 votes=3
243.30 158.59 294.33 158.13 294.46 172.36 243.43 172.83 ship 0 0.998697 votes=3
512.32 324.88 517.38 368.47 502.51 370.20 497.44 326.61 ship 0 0.998686 votes=3
382.18 261.41 383.15 218.51 397.93 218.84 396.96 261.74 ship 0 0.998581 votes=3
450.22 53.28 492.23 49.00 493.85 64.82 451.84 69.11 ship 0 0.998365 votes=3
391.10 52.74 433.05 55.41 432.09 70.51 390.14 67.85 ship 0 0.998313 votes=3
244.73 138.75 291.34 139.50 291.10 154.82 244.48 154.07 ship 0 0.998302 votes=3
420.98 335.05 421.67 375.28 408.62 375.51 407.94 335.27 ship 0 0.998064 votes=3
388.13 155.53 439.19 159.09 438.06 175.30 387.00 171.74 ship 0 0.996098 votes=3
396.00 340.02 402.36 376.58 388.95 378.91 382.59 342.35 ship 0 0.994235 votes=3
459.24 165.05 502.20 160.32 503.60 172.99 460.63 177.72 ship 0 0.993803 votes=3
305.72 335.40 653.15 313.29 661.21 440.09 313.79 462.19 harbor 0 0.990075 votes=3
402.60 513.47 763.44 511.25 764.55 691.22 403.70 693.44 harbor 0 0.980711 votes=3
680.13 529.80 689.81 562.04 677.44 565.75 667.75 533.52 ship 0 0.969942 votes=3
496.48 60.23 501.79 199.54 397.98 203.49 392.68 64.19 harbor 0 0.930135 votes=3
