310.32 592.51 382.80 593.70 382.30 624.18 309.82 622.99 vehicle 0 0.999779 votes=3
522.96 210.31 592.81 209.79 593.02 238.41 523.18 238.94 vehicle 0 0.999777 votes=3
316.40 337.56 387.49 336.55 387.90 365.07 316.81 366.08 vehicle 0 0.999772 votes=3
299.87 507.86 382.47 506.35 383.03 536.72 300.43 538.22 vehicle 0 0.999739 votes=3
520.63 506.87 609.53 505.20 610.17 539.31 521.27 540.98 vehicle 0 0.999726 votes=3
530.22 254.34 597.28 253.39 597.66 280.35 530.60 281.30 vehicle 0 0.999695 votes=3
521.11 337.15 591.11 339.08 590.27 369.48 520.27 367.55 vehicle 0 0.999693 votes=3
316.87 424.20 388.67 424.72 388.45 454.93 316.65 454.41 vehicle 0 0.999676 votes=3
517.65 292.70 594.56 292.33 594.71 322.89 517.80 323.25 vehicle 0 0.999668 votes=3
308.64 123.34 380.73 124.77 380.14 154.32 308.06 152.89 vehicle 0 0.999653 votes=3
313.00 378.64 387.39 378.84 387.32 408.73 312.92 408.53 vehicle 0 0.999626 votes=3
523.74 123.09 589.81 119.41 591.32 146.46 525.25 150.15 vehicle 0 0.999202 votes=3
