413.19 635.39 522.46 632.67 523.18 661.65 413.91 664.38 ship 0 0.999700 votes=3
414.14 362.31 491.92 354.02 494.14 374.80 416.36 383.10 ship 0 0.999643 votes=3
316.26 333.76 385.54 329.95 386.69 350.82 317.41 354.63 ship 0 0.999567 votes=3
410.86 167.02 467.51 166.70 467.62 184.86 410.96 185.18 ship 0 0.999560 votes=3
316.26 223.55 380.47 221.52 381.12 242.14 316.91 244.16 ship 0 0.999536 votes=3
317.63 93.27 377.29 90.75 378.18 112.01 318.53 114.53 ship 0 0.999530 votes=3
315.71 422.24 396.32 414.29 398.73 438.76 318.12 446.71 ship 0 0.999464 votes=3
417.21 423.94 490.22 419.41 491.56 440.96 418.55 445.49 ship 0 0.999440 votes=3
336.20 564.84 398.18 562.89 398.80 582.56 336.82 584.51 ship 0 0.999424 votes=3
43.25 269.73 112.63 269.38 112.73 288.34 43.35 288.70 ship 0 0.999420 votes=3
143.82 43.69 200.71 44.68 200.35 65.27 143.46 64.28 ship 0 0.999393 votes=3
310.39 195.90 379.37 195.39 379.52 215.67 310.54 216.18 ship 0 0.999340 votes=3
319.47 120.25 373.58 119.01 374.02 138.44 319.92 139.68 ship 0 0.999325 votes=3
318.79 43.94 375.28 43.34 375.48 62.25 318.99 62.85 ship 0 0.999313 votes=3
421.92 487.18 507.35 489.51 506.70 513.30 421.28 510.98 ship 0 0.999261 votes=3
318.36 69.78 372.19 68.77 372.51 85.89 318.68 86.91 ship 0 0.999179 votes=3
143.05 19.31 196.42 18.73 196.61 36.33 143.25 36.91 ship 0 0.999140 votes=3
61.55 151.93 108.75 152.72 108.47 169.47 61.27 168.68 ship 0 0.998883 votes=3
411.58 271.67 490.68 272.03 490.57 296.69 411.46 296.33 ship 0 0.998745 votes=3
26.83 408.73 33.03 1.57 228.91 4.55 222.70 411.71 harbor 0 0.992489 votes=3
493.45 12.74 505.31 641.51 311.55 645.16 299.69 16.39 harbor 0 0.970370 votes=3
