665.05 347.04 768.96 350.21 766.18 441.53 662.26 438.36 storagetank 0 0.999505 votes=3
226.91 396.12 298.58 394.77 299.67 452.69 228.01 454.04 storagetank 0 0.999486 votes=3
322.67 487.90 422.94 487.76 423.06 570.68 322.78 570.82 storagetank 0 0.999485 votes=3
230.95 488.79 301.76 489.99 300.79 547.12 229.98 545.92 storagetank 0 0.999456 votes=3
445.37 482.72 542.64 483.94 541.58 568.33 444.32 567.12 storagetank 0 0.999453 votes=3
62.72 228.86 167.52 228.79 167.58 320.47 62.78 320.55 storagetank 0 0.999361 votes=3
441.09 363.35 540.94 362.28 541.83 445.10 441.98 446.17 storagetank 0 0.999272 votes=3
663.05 474.86 782.07 477.52 779.55 590.46 660.53 587.81 storagetank 0 0.999129 votes=3
322.27 364.76 418.75 366.01 417.64 452.38 321.16 451.14 storagetank 0 0.998984 votes=3
172.58 218.83 298.93 219.65 298.21 330.13 171.86 329.31 storagetank 0 0.998422 votes=3
358.64 160.79 509.46 159.20 510.90 297.12 360.09 298.71 storagetank 0 0.998194 votes=3
215.82 560.11 236.23 560.59 235.98 571.27 215.57 570.79 storagetank 0 0.929344 votes=3
242.73 575.83 258.48 575.93 258.41 588.86 242.66 588.76 storagetank 0 0.745465 votes=3
