406.01 88.94 407.46 164.37 381.49 164.87 380.04 89.44 ship 0 0.999745 votes=3
458.02 97.02 462.47 165.85 437.60 167.46 433.15 98.63 ship 0 0.999708 votes=3
690.10 266.11 690.17 359.70 655.91 359.73 655.84 266.14 ship 0 0.999631 votes=3
463.54 499.59 463.77 560.05 439.53 560.15 439.29 499.69 ship 0 0.999612 votes=3
657.40 555.77 659.54 449.71 693.64 450.40 691.49 556.46 ship 0 0.999551 votes=3
198.19 404.29 199.27 493.62 166.45 494.01 165.37 404.69 ship 0 0.999548 votes=3
283.32 180.49 360.36 176.47 361.59 199.91 284.55 203.93 ship 0 0.999547 votes=3
558.90 143.26 560.62 77.21 581.68 77.76 579.96 143.81 ship 0 0.999459 votes=3
464.81 168.93 465.73 93.30 490.91 93.60 489.99 169.23 ship 0 0.999415 votes=3
458.76 481.91 461.09 428.87 479.68 429.69 477.35 482.73 ship 0 0.999383 votes=3
582.57 552.86 583.81 498.53 603.79 498.98 602.55 553.32 ship 0 0.999381 votes=3
518.05 89.97 519.67 165.07 496.45 165.57 494.83 90.47 ship 0 0.999363 votes=3
403.42 483.59 403.67 434.24 421.95 434.34 421.69 483.68 ship 0 0.999236 votes=3
548.68 288.97 608.88 282.31 611.01 301.47 550.81 308.13 ship 0 0.999225 votes=3
324.54 494.26 324.59 450.67 341.59 450.69 341.53 494.28 ship 0 0.999100 votes=3
211.69 363.49 212.61 320.28 231.34 320.68 230.41 363.89 ship 0 0.998976 votes=3
284.36 284.25 346.35 287.41 345.23 309.35 283.24 306.19 ship 0 0.998947 votes=3
308.68 321.91 308.96 365.90 290.85 366.01 290.57 322.03 ship 0 0.998883 votes=3
256.33 321.54 256.42 366.20 239.69 366.23 239.60 321.57 ship 0 0.998463 votes=3
285.27 91.68 285.47 165.07 258.45 165.14 258.26 91.75 ship 0 0.997765 votes=3
316.20 162.45 324.70 121.59 341.57 125.10 333.08 165.96 ship 0 0.997760 votes=3
16.71 247.14 69.40 255.52 66.43 274.25 13.73 265.87 vehicle 0 0.996338 votes=3
629.41 482.41 630.26 442.30 647.84 442.67 646.99 482.79 ship 0 0.996335 votes=3
95.81 99.61 125.81 100.49 125.45 112.96 95.45 112.08 vehicle 0 0.994696 votes=3
146.92 763.62 189.68 769.20 187.60 785.08 144.85 779.50 vehicle 0 0.994640 votes=3
78.11 327.40 88.35 355.40 76.59 359.70 66.35 331.70 vehicle 0 0.993765 votes=3
342.19 166.84 345.44 73.51 372.62 74.46 369.37 167.79 ship 0 0.990788 votes=3
58.15 325.74 67.55 352.72 55.79 356.82 46.39 329.83 vehicle 0 0.985751 votes=3
142.95 441.80 666.54 431.05 669.16 558.99 145.58 569.74 harbor 0 0.970080 votes=3
235.39 141.63 235.77 99.37 249.27 99.49 248.89 141.75 ship 0 0.964460 votes=3
141.64 86.84 600.84 86.86 600.83 185.58 141.63 185.56 harbor 0 0.956097 votes=3
28.84 97.65 30.57 131.72 16.95 132.41 15.23 98.35 vehicle 0 0.950098 votes=3
160.49 294.74 669.94 294.31 670.00 365.94 160.55 366.37 harbor 0 0.948369 votes=3
525.17 172.33 526.18 97.22 557.27 97.64 556.27 172.74 ship 0 0.925919 votes=3
23.79 30.15 66.94 36.14 64.97 50.35 21.81 44.36 ship 0 0.766734 votes=3
