118.55 576.74 121.69 327.01 325.26 329.57 322.12 579.30 chimney 0 0.999541 votes=3
534.28 731.12 546.53 650.63 616.76 661.32 604.50 741.81 storagetank 0 0.973890 votes=3
307.17 321.63 307.78 297.02 329.40 297.55 328.79 322.16 storagetank 0 0.972461 votes=3
449.82 724.63 461.00 644.77 533.84 654.96 522.66 734.83 storagetank 0 0.966613 votes=3
330.41 327.92 330.76 304.32 351.59 304.63 351.24 328.23 storagetank 0 0.955930 votes=3
284.66 286.70 285.13 273.87 297.06 274.31 296.59 287.14 storagetank 0 0.945219 votes=3
309.77 279.89 322.32 280.96 321.28 293.14 308.73 292.07 storagetank 0 0.935423 votes=3
331.95 298.74 333.37 284.80 345.91 286.07 344.49 300.01 storagetank 0 0.935235 votes=3
295.20 289.57 295.69 275.73 309.36 276.21 308.87 290.06 storagetank 0 0.923972 votes=3
320.66 282.60 332.84 283.07 332.37 295.17 320.19 294.70 storagetank 0 0.896432 votes=3
