485.93 469.80 541.76 468.58 542.17 487.14 486.34 488.35 ship 0 0.999636 votes=3
614.16 121.93 614.26 186.82 592.49 186.85 592.39 121.97 ship 0 0.999556 votes=3
222.48 383.53 273.45 385.11 272.91 402.58 221.94 401.00 ship 0 0.999462 votes=3
145.35 382.98 196.61 385.23 195.84 402.98 144.57 400.73 ship 0 0.999371 votes=3
207.34 441.46 258.53 456.14 253.09 475.09 201.90 460.40 ship 0 0.999357 votes=3
706.75 311.84 776.55 337.46 769.31 357.20 699.51 331.59 ship 0 0.999310 votes=3
97.38 582.82 104.75 537.19 120.84 539.78 113.47 585.42 ship 0 0.999234 votes=3
336.98 162.84 337.93 221.46 319.24 221.77 318.30 163.14 ship 0 0.999193 votes=3
582.03 155.24 582.25 191.59 569.12 191.67 568.90 155.32 ship 0 0.999057 votes=3
613.28 55.94 621.01 10.07 637.91 12.91 630.17 58.79 ship 0 0.999049 votes=3
462.26 552.89 505.29 552.60 505.40 568.80 462.37 569.08 ship 0 0.998802 votes=3
309.20 164.85 310.62 207.99 295.29 208.49 293.87 165.35 ship 0 0.998720 votes=3
685.57 386.88 730.36 401.24 725.75 415.60 680.97 401.24 ship 0 0.998244 votes=3
628.44 556.34 668.79 565.69 665.60 579.45 625.25 570.10 ship 0 0.997795 votes=3
122.42 574.75 132.98 543.53 144.76 547.52 134.20 578.73 ship 0 0.996614 votes=3
423.34 581.48 436.24 364.20 588.33 373.23 575.43 590.51 harbor 0 0.973641 votes=3
634.37 574.54 711.06 330.88 772.79 350.31 696.09 593.97 harbor 0 0.930264 votes=3
133.16 588.21 150.31 361.62 273.12 370.91 255.97 597.50 harbor 0 0.919424 votes=3
716.86 585.08 739.49 585.99 739.17 594.02 716.54 593.11 ship 0 0.897771 votes=2
4.49 154.02 614.27 142.33 615.48 205.24 5.69 216.93 harbor 0 0.871576 votes=3
627.40 3.63 796.92 36.43 791.31 65.44 621.79 32.63 harbor 0 0.754906 votes=3
