549.30 683.82 549.61 735.34 525.05 735.49 524.74 683.97 tenniscourt 0 0.999363 votes=3
610.96 736.76 610.97 685.18 636.64 685.18 636.64 736.77 tenniscourt 0 0.999336 votes=3
593.04 683.92 593.60 735.86 567.30 736.15 566.74 684.21 tenniscourt 0 0.999335 votes=3
663.29 585.97 665.46 535.73 691.56 536.85 689.40 587.10 tenniscourt 0 0.999304 votes=3
618.22 583.18 620.61 534.02 646.23 535.27 643.84 584.43 tenniscourt 0 0.999121 votes=3
566.29 653.17 568.85 601.06 595.50 602.37 592.94 654.48 tenniscourt 0 0.998947 votes=3
576.35 93.25 608.35 642.72 151.65 669.32 119.65 119.84 stadium 0 0.998904 votes=3
325.67 42.58 330.22 -6.60 358.93 -3.94 354.37 45.24 tenniscourt 0 0.997823 votes=3
709.29 589.85 710.95 535.20 737.56 536.01 735.90 590.65 tenniscourt 0 0.997483 votes=3
673.05 461.23 728.70 462.17 728.13 495.96 672.48 495.02 basketballcourt 0 0.992427 votes=3
374.49 42.94 378.17 -4.27 405.11 -2.16 401.43 45.04 tenniscourt 0 0.988398 votes=3
608.59 457.26 667.42 460.28 665.73 493.33 606.89 490.31 basketballcourt 0 0.984592 votes=3
436.51 187.61 449.73 576.80 234.93 584.10 221.70 194.91 groundtrackfield 0 0.779250 votes=3
783.25 265.37 793.96 289.21 787.85 291.95 777.15 268.11 vehicle 0 0.716334 votes=2
65.06 399.81 68.86 763.18 -14.55 764.06 -18.36 400.69 groundtrackfield 0 0.682186 votes=2
