360.89 210.94 361.46 369.67 287.32 369.94 286.74 211.20 tenniscourt 0 0.999287 votes=3
256.80 209.80 257.83 369.79 183.75 370.27 182.71 210.28 tenniscourt 0 0.999206 votes=3
624.76 211.62 624.90 371.31 551.40 371.38 551.26 211.68 tenniscourt 0 0.999157 votes=3
727.33 452.74 727.45 610.57 654.16 610.63 654.03 452.80 tenniscourt 0 0.999095 votes=3
654.03 370.64 654.58 212.01 728.06 212.26 727.51 370.90 tenniscourt 0 0.999078 votes=3
623.83 452.37 624.15 611.27 549.92 611.42 549.60 452.51 tenniscourt 0 0.999063 votes=3
285.93 611.45 287.01 451.96 361.04 452.46 359.96 611.95 tenniscourt 0 0.999059 votes=3
521.06 211.80 521.30 370.48 447.10 370.60 446.86 211.91 tenniscourt 0 0.999052 votes=3
257.26 450.95 257.70 610.06 183.06 610.27 182.62 451.16 tenniscourt 0 0.999040 votes=3
152.65 209.63 153.83 369.73 79.04 370.28 77.86 210.18 tenniscourt 0 0.999005 votes=3
153.23 450.25 153.66 610.89 79.06 611.09 78.63 450.44 tenniscourt 0 0.998973 votes=3
445.98 611.04 446.41 452.05 520.76 452.25 520.33 611.24 tenniscourt 0 0.998879 votes=3
