236.16 382.72 262.55 317.80 282.14 325.76 255.75 390.69 ship 0 0.999568 votes=3
331.29 316.57 356.36 260.76 372.93 268.20 347.86 324.01 ship 0 0.999546 votes=3
406.57 350.71 430.96 294.20 451.69 303.15 427.30 359.66 ship 0 0.999488 votes=3
271.25 293.06 306.28 225.54 327.26 236.42 292.23 303.95 ship 0 0.999395 votes=3
396.70 450.80 424.75 384.06 445.04 392.59 417.00 459.32 ship 0 0.999295 votes=3
285.11 418.67 315.81 343.32 338.38 352.51 307.68 427.86 ship 0 0.999279 votes=3
362.95 441.68 396.02 372.88 417.23 383.08 384.16 451.87 ship 0 0.999200 votes=3
563.63 426.44 588.72 373.97 606.62 382.53 581.53 435.00 ship 0 0.999198 votes=3
537.40 417.26 563.42 361.17 582.36 369.96 556.34 426.05 ship 0 0.999055 votes=3
419.03 465.97 447.91 400.67 468.10 409.60 439.22 474.90 ship 0 0.998990 votes=3
503.07 494.82 529.33 435.60 546.31 443.13 520.06 502.35 ship 0 0.998813 votes=3
302.11 308.27 325.48 250.15 344.23 257.69 320.86 315.80 ship 0 0.998637 votes=3
338.71 434.63 369.45 362.96 390.90 372.16 360.15 443.83 ship 0 0.998590 votes=3
539.05 492.12 555.02 452.51 569.48 458.34 553.51 497.94 ship 0 0.998029 votes=3
645.11 318.42 648.28 360.51 634.82 361.52 631.66 319.43 ship 0 0.996170 votes=3
533.37 757.96 606.61 758.64 606.39 781.75 533.16 781.07 ship 0 0.995995 votes=3
452.21 734.80 591.69 583.57 621.63 611.19 482.15 762.42 bridge 0 0.988845 votes=3
280.61 235.00 644.45 398.37 582.61 536.12 218.76 372.74 harbor 0 0.980440 votes=3
631.94 245.22 634.79 160.91 668.49 162.04 665.64 246.36 harbor 0 0.976634 votes=3
727.83 662.18 740.41 648.15 745.83 653.02 733.25 667.04 vehicle 0 0.970861 votes=3
642.78 66.27 678.56 3.11 708.43 20.03 672.64 83.19 harbor 0 0.945213 votes=3
543.17 784.71 632.46 784.68 632.46 804.57 543.18 804.59 ship 0 0.855590 votes=3
402.72 124.75 446.45 72.66 486.12 105.97 442.39 158.06 harbor 0 0.786065 votes=2
740.50 669.43 751.80 652.66 758.63 657.26 747.34 674.03 vehicle 0 0.639217 votes=2
