166.20 167.28 209.89 167.98 209.38 199.87 165.70 199.18 airplane 0 0.999727 votes=3
24.21 367.90 136.44 362.31 140.60 445.84 28.37 451.43 airplane 0 0.999704 votes=3
498.38 167.05 536.71 166.07 537.56 199.19 499.23 200.17 airplane 0 0.999684 votes=3
394.29 362.45 400.65 407.63 366.89 412.38 360.53 367.20 airplane 0 0.999630 votes=3
142.39 196.14 184.35 196.46 184.09 230.41 142.13 230.09 airplane 0 0.999569 votes=3
439.74 349.55 441.50 395.43 410.32 396.63 408.56 350.75 airplane 0 0.999566 votes=3
67.71 168.15 115.21 166.94 115.96 196.35 68.47 197.56 airplane 0 0.999527 votes=3
800.79 376.25 801.08 411.81 766.17 412.09 765.87 376.53 airplane 0 0.999506 votes=3
404.51 167.07 443.04 167.20 442.94 197.14 404.41 197.01 airplane 0 0.999407 votes=3
91.90 195.98 137.54 194.50 138.69 229.86 93.05 231.35 airplane 0 0.999388 votes=3
623.76 393.94 665.74 385.89 671.11 413.93 629.14 421.97 airplane 0 0.999387 votes=3
521.96 193.67 564.58 194.59 563.86 227.87 521.24 226.95 airplane 0 0.999168 votes=3
510.63 297.23 523.39 340.24 492.69 349.35 479.93 306.34 airplane 0 0.998952 votes=3
425.61 197.14 468.11 196.84 468.30 224.14 425.80 224.45 airplane 0 0.998918 votes=3
472.64 199.24 515.06 196.00 517.14 223.24 474.72 226.48 airplane 0 0.998772 votes=3
377.54 201.01 417.80 200.09 418.40 226.12 378.13 227.04 airplane 0 0.998512 votes=3
735.86 529.47 768.98 529.64 768.93 541.21 735.81 541.04 vehicle 0 0.998119 votes=3
357.19 173.41 392.91 172.69 393.45 199.39 357.73 200.10 airplane 0 0.996870 votes=3
237.37 193.70 280.60 193.28 280.92 225.14 237.68 225.56 airplane 0 0.996745 votes=3
669.54 384.80 711.76 382.05 713.74 412.56 671.53 415.31 airplane 0 0.996324 votes=3
259.25 172.94 302.78 174.02 302.15 199.73 258.62 198.66 airplane 0 0.995977 votes=3
714.33 386.51 748.62 381.99 752.13 408.60 717.84 413.12 airplane 0 0.994316 votes=3
330.71 191.77 373.83 190.21 375.04 223.67 331.92 225.23 airplane 0 0.994011 votes=3
487.90 544.38 491.20 568.25 480.82 569.69 477.52 545.82 vehicle 0 0.993841 votes=3
438.69 300.85 442.47 343.35 411.83 346.08 408.05 303.57 airplane 0 0.993081 votes=3
733.53 505.26 768.01 505.09 768.06 515.94 733.58 516.11 vehicle 0 0.992436 votes=3
504.83 364.04 531.33 362.51 531.99 373.98 505.49 375.50 vehicle 0 0.992430 votes=3
285.63 190.55 327.80 191.55 327.01 224.53 284.84 223.53 airplane 0 0.990120 votes=3
793.31 744.58 797.11 785.54 767.65 788.27 763.85 747.31 airplane 0 0.987366 votes=3
512.21 541.54 513.89 561.69 504.30 562.49 502.61 542.34 vehicle 0 0.985150 votes=3
476.10 546.79 478.17 568.05 468.97 568.94 466.90 547.68 vehicle 0 0.976233 votes=3
202.04 445.26 225.56 440.64 227.27 449.32 203.75 453.95 vehicle 0 0.938408 votes=3
370.38 561.90 373.33 578.98 364.33 580.53 361.38 563.45 vehicle 0 0.934102 votes=3
565.91 536.31 570.34 553.92 563.10 555.74 558.67 538.13 vehicle 0 0.931971 votes=3
345.91 565.51 349.05 584.59 339.97 586.08 336.83 567.01 vehicle 0 0.931110 votes=3
536.35 537.55 537.68 559.13 526.31 559.84 524.97 538.25 vehicle 0 0.899074 votes=3
523.92 541.63 527.49 558.07 517.25 560.29 513.68 543.86 vehicle 0 0.786288 votes=3
450.41 550.19 451.23 567.02 442.51 567.44 441.70 550.61 vehicle 0 0.726374 votes=2
53.17 632.32 55.86 648.17 48.54 649.41 45.85 633.56 vehicle 0 0.707471 votes=3
8.57 639.31 9.70 657.50 0.06 658.10 -1.07 639.91 vehicle 0 0.706268 votes=3
736.57 456.09 756.29 456.02 756.33 465.15 736.60 465.22 vehicle 0 0.701535 votes=3
