153.00 337.18 153.36 222.71 206.87 222.88 206.51 337.35 tenniscourt 0 0.999220 votes=3
136.47 161.03 138.83 51.35 190.36 52.46 188.00 162.14 tenniscourt 0 0.999040 votes=3
367.88 372.11 368.32 256.04 421.68 256.25 421.24 372.31 tenniscourt 0 0.998595 votes=3
65.05 164.49 66.01 48.76 121.86 49.22 120.91 164.95 tenniscourt 0 0.998590 votes=3
119.71 223.66 120.29 338.12 65.98 338.40 65.39 223.94 tenniscourt 0 0.998395 votes=3
394.03 59.13 394.09 32.99 404.75 33.01 404.68 59.16 vehicle 0 0.996211 votes=3
296.68 371.98 297.85 255.09 350.72 255.61 349.56 372.51 tenniscourt 0 0.995922 votes=3
429.28 36.68 429.41 60.25 419.24 60.31 419.11 36.74 vehicle 0 0.995094 votes=3
341.40 57.89 341.62 35.41 351.69 35.50 351.48 57.98 vehicle 0 0.977114 votes=3
310.95 33.55 311.10 58.45 301.75 58.50 301.61 33.60 vehicle 0 0.773834 votes=3
238.14 533.34 250.77 537.62 248.79 543.49 236.16 539.22 vehicle 0 0.732534 votes=2
