195.32 590.09 197.30 525.85 218.42 526.51 216.43 590.74 ship 0 0.999694 votes=3
608.09 605.64 608.32 689.94 579.36 690.03 579.12 605.72 ship 0 0.999672 votes=3
67.46 204.02 127.15 202.99 127.49 222.61 67.80 223.64 ship 0 0.999669 votes=3
370.39 687.27 370.70 606.57 399.09 606.68 398.78 687.38 ship 0 0.999560 votes=3
433.19 606.69 433.78 687.74 406.59 687.94 406.00 606.89 ship 0 0.999545 votes=3
300.90 589.79 301.43 534.08 321.77 534.27 321.24 589.98 ship 0 0.999512 votes=3
502.59 605.18 504.44 664.14 484.21 664.77 482.36 605.81 ship 0 0.999495 votes=3
160.26 339.34 221.10 338.17 221.50 358.92 160.66 360.09 ship 0 0.999494 votes=3
70.96 343.06 136.44 340.42 137.36 363.12 71.88 365.76 ship 0 0.999494 votes=3
152.10 244.35 204.94 239.57 206.66 258.59 153.82 263.38 ship 0 0.999484 votes=3
65.33 177.40 120.78 177.41 120.78 197.13 65.33 197.12 ship 0 0.999478 votes=3
536.74 604.92 537.72 698.84 513.75 699.09 512.77 605.17 ship 0 0.999435 votes=3
639.97 604.40 641.01 687.30 617.49 687.59 616.46 604.69 ship 0 0.999398 votes=3
664.27 403.66 664.45 444.00 647.45 444.07 647.28 403.73 ship 0 0.999390 votes=3
170.80 590.44 170.94 538.06 190.22 538.11 190.07 590.50 ship 0 0.999365 votes=3
356.10 387.88 356.26 343.29 374.67 343.35 374.51 387.94 ship 0 0.999350 votes=3
300.79 691.48 302.05 607.27 326.50 607.64 325.24 691.84 ship 0 0.999324 votes=3
292.48 609.11 294.46 695.13 270.55 695.69 268.56 609.66 ship 0 0.999266 votes=3
186.92 603.98 187.29 719.50 158.76 719.60 158.38 604.07 ship 0 0.999184 votes=3
161.96 377.30 219.84 374.67 220.81 396.02 162.92 398.64 ship 0 0.999070 votes=3
222.28 607.39 222.48 703.08 196.92 703.13 196.72 607.45 ship 0 0.999068 votes=3
593.47 447.95 594.15 406.15 612.94 406.45 612.26 448.25 ship 0 0.998698 votes=3
422.50 546.57 422.78 593.95 404.27 594.06 403.99 546.68 ship 0 0.998349 votes=3
542.96 380.65 543.39 343.67 560.11 343.86 559.68 380.85 ship 0 0.998089 votes=3
646.06 586.80 646.09 547.73 660.57 547.74 660.54 586.81 ship 0 0.996651 votes=3
591.41 385.70 591.81 339.57 612.67 339.75 612.26 385.88 ship 0 0.995888 votes=3
563.65 588.08 563.75 552.08 576.59 552.12 576.48 588.11 ship 0 0.995811 votes=3
206.84 74.56 219.25 405.47 69.27 411.10 56.85 80.19 harbor 0 0.995439 votes=3
501.58 547.24 501.72 588.70 482.46 588.76 482.32 547.31 ship 0 0.989808 votes=3
344.12 341.52 756.76 342.97 756.38 451.57 343.74 450.12 harbor 0 0.988850 votes=3
139.66 546.37 741.74 545.69 741.89 677.44 139.80 678.12 harbor 0 0.966424 votes=3
