507.35 114.73 508.17 28.67 532.56 28.90 531.74 114.96 ship 0 0.999736 votes=3
112.87 246.35 113.36 312.50 92.96 312.65 92.47 246.50 ship 0 0.999706 votes=3
336.37 302.96 336.70 237.10 358.32 237.21 357.99 303.07 ship 0 0.999673 votes=3
453.14 253.49 455.14 302.50 438.97 303.16 436.97 254.15 ship 0 0.999658 votes=3
111.88 376.05 111.92 329.40 129.36 329.41 129.31 376.06 ship 0 0.999630 votes=3
412.52 112.01 413.07 59.04 431.08 59.23 430.52 112.20 ship 0 0.999607 votes=3
303.59 262.17 303.80 310.95 286.54 311.02 286.33 262.24 ship 0 0.999569 votes=3
143.58 237.80 143.86 317.10 121.95 317.18 121.67 237.87 ship 0 0.999569 votes=3
457.78 313.91 458.61 366.87 442.35 367.12 441.53 314.17 ship 0 0.999554 votes=3
243.52 266.57 244.04 312.14 226.87 312.34 226.35 266.76 ship 0 0.999464 votes=3
379.86 255.42 380.07 305.16 362.36 305.23 362.16 255.49 ship 0 0.999446 votes=3
232.02 762.15 232.40 716.84 248.51 716.97 248.13 762.29 ship 0 0.999432 votes=3
331.69 759.34 331.90 719.01 346.55 719.09 346.34 759.41 ship 0 0.999399 votes=3
290.08 717.16 290.69 778.26 271.84 778.44 271.23 717.35 ship 0 0.999386 votes=3
402.40 260.76 403.15 303.13 386.89 303.42 386.14 261.05 ship 0 0.999359 votes=3
412.78 178.63 413.53 131.53 428.03 131.76 427.28 178.86 ship 0 0.999332 votes=3
204.95 311.22 206.36 264.51 223.59 265.03 222.18 311.74 ship 0 0.999307 votes=3
187.75 328.33 187.95 366.14 175.16 366.21 174.96 328.40 ship 0 0.999275 votes=3
371.26 719.25 372.28 782.14 352.03 782.47 351.01 719.58 ship 0 0.999228 votes=3
323.24 112.62 327.57 70.45 342.91 72.03 338.57 114.20 ship 0 0.999226 votes=3
342.32 113.74 343.62 70.87 359.24 71.35 357.93 114.21 ship 0 0.999208 votes=3
46.31 85.22 52.70 25.79 68.90 27.53 62.51 86.96 ship 0 0.999172 votes=3
439.46 717.70 439.48 672.59 456.18 672.60 456.16 717.70 ship 0 0.999164 votes=3
147.24 144.85 149.42 111.69 162.17 112.53 159.99 145.69 ship 0 0.999115 votes=3
266.18 718.14 266.23 760.74 252.21 760.76 252.17 718.16 ship 0 0.998966 votes=3
234.95 706.15 235.00 663.12 248.76 663.14 248.70 706.17 ship 0 0.998925 votes=3
215.38 165.73 215.91 121.54 232.15 121.74 231.62 165.93 ship 0 0.998905 votes=3
375.65 76.37 377.08 110.25 365.15 110.76 363.72 76.88 ship 0 0.998883 votes=3
192.11 704.46 192.26 671.77 205.39 671.83 205.24 704.52 ship 0 0.998872 votes=3
262.99 106.91 263.17 73.04 274.86 73.10 274.68 106.98 ship 0 0.998849 votes=3
336.38 354.17 336.93 318.68 349.13 318.87 348.57 354.36 ship 0 0.998829 votes=3
241.86 107.30 242.83 67.08 256.68 67.42 255.72 107.64 ship 0 0.998773 votes=3
263.56 461.28 265.25 491.40 253.26 492.08 251.57 461.96 ship 0 0.998733 votes=3
106.71 91.05 117.79 29.00 138.34 32.67 127.26 94.72 ship 0 0.998726 votes=3
326.27 668.92 326.41 708.07 313.53 708.12 313.40 668.96 ship 0 0.998663 votes=3
290.60 361.23 290.62 326.40 303.16 326.40 303.14 361.23 ship 0 0.998627 votes=3
326.03 325.16 326.13 364.12 313.60 364.15 313.50 325.19 ship 0 0.998480 votes=3
311.56 460.76 311.72 489.94 300.49 490.01 300.33 460.82 ship 0 0.998290 votes=3
397.70 356.73 397.73 316.34 410.31 316.35 410.28 356.74 ship 0 0.998281 votes=3
155.60 333.69 155.71 360.68 144.21 360.72 144.09 333.74 ship 0 0.997970 votes=3
71.64 87.90 79.75 37.42 96.60 40.13 88.48 90.61 ship 0 0.997479 votes=3
182.60 465.79 182.78 499.62 170.86 499.68 170.68 465.85 ship 0 0.997359 votes=3
351.99 704.46 353.39 668.12 365.80 668.60 364.40 704.93 ship 0 0.997353 votes=3
374.22 357.38 374.51 322.64 386.68 322.75 386.39 357.48 ship 0 0.997324 votes=3
201.55 97.39 201.84 67.87 214.10 67.99 213.82 97.51 ship 0 0.997290 votes=3
285.04 669.06 285.75 703.70 274.32 703.93 273.61 669.30 ship 0 0.997059 votes=3
297.18 167.23 299.19 131.69 313.47 132.50 311.46 168.03 ship 0 0.996957 votes=3
176.75 162.98 180.55 131.87 192.11 133.28 188.32 164.39 ship 0 0.996889 votes=3
214.57 359.78 214.69 326.24 228.32 326.29 228.20 359.83 ship 0 0.996651 votes=3
409.70 567.43 409.74 533.89 420.62 533.91 420.57 567.45 ship 0 0.996391 votes=3
188.57 579.32 188.88 612.39 177.10 612.50 176.79 579.43 ship 0 0.995244 votes=3
169.69 102.59 171.76 67.61 184.26 68.35 182.18 103.33 ship 0 0.995118 votes=3
137.80 664.11 446.14 668.97 444.59 767.47 136.25 762.62 harbor 0 0.993703 votes=3
197.02 168.35 198.95 119.89 213.14 120.45 211.20 168.91 ship 0 0.992147 votes=3
120.42 417.31 383.95 414.51 384.79 493.99 121.27 496.80 harbor 0 0.991041 votes=3
378.04 565.11 378.22 540.56 387.84 540.63 387.65 565.19 ship 0 0.989690 votes=3
295.75 577.46 296.49 601.33 285.79 601.67 285.05 577.79 ship 0 0.989456 votes=3
418.57 573.51 420.97 599.07 411.60 599.95 409.19 574.39 ship 0 0.988021 votes=3
203.99 537.78 204.53 563.43 194.32 563.64 193.79 537.99 ship 0 0.987641 votes=3
47.93 162.53 67.84 171.61 63.75 180.56 43.85 171.48 ship 0 0.974297 votes=3
128.71 533.57 414.84 532.75 415.05 608.24 128.92 609.06 harbor 0 0.971959 votes=3
27.89 39.07 513.28 62.89 507.63 178.02 22.24 154.19 harbor 0 0.959049 votes=3
20.71 252.88 460.67 248.37 461.83 361.81 21.87 366.32 harbor 0 0.958658 votes=3
398.01 113.48 398.73 89.74 407.41 90.00 406.69 113.74 ship 0 0.946596 votes=3
324.30 575.87 325.65 598.17 316.60 598.72 315.25 576.42 ship 0 0.917629 votes=3
415.94 340.92 416.15 317.59 425.42 317.67 425.21 341.00 ship 0 0.843174 votes=2
12.99 189.66 36.90 190.00 36.75 200.67 12.84 200.33 ship 0 0.809214 votes=3
68.65 331.16 99.48 332.28 99.00 345.42 68.17 344.30 ship 0 0.668393 votes=2
