481.17 381.31 498.08 407.32 490.28 412.39 473.37 386.38 ship 0 0.997110 votes=3
698.46 443.09 711.49 459.79 704.89 464.94 691.86 448.24 ship 0 0.993639 votes=3
441.36 250.10 460.45 275.01 453.05 280.69 433.96 255.78 ship 0 0.992501 votes=3
437.88 413.60 452.02 432.95 445.02 438.06 430.88 418.72 ship 0 0.992167 votes=3
605.68 234.87 617.23 251.76 610.99 256.03 599.44 239.14 ship 0 0.991560 votes=3
508.00 303.50 519.39 318.19 513.47 322.78 502.08 308.09 ship 0 0.988511 votes=3
715.12 429.86 727.91 448.45 721.38 452.94 708.59 434.36 ship 0 0.988355 votes=3
750.99 402.09 764.72 421.78 758.02 426.45 744.29 406.76 ship 0 0.988353 votes=3
488.16 310.86 503.02 331.17 495.44 336.72 480.58 316.41 ship 0 0.987795 votes=3
310.88 381.59 323.55 400.29 316.49 405.08 303.82 386.37 ship 0 0.987429 votes=3
625.04 282.65 637.30 298.40 631.23 303.12 618.97 287.38 ship 0 0.986529 votes=3
290.37 308.85 299.36 324.22 292.69 328.12 283.70 312.75 ship 0 0.985628 votes=3
663.73 428.04 676.10 448.59 668.29 453.29 655.92 432.74 ship 0 0.985013 votes=3
406.71 202.63 421.15 224.44 414.48 228.86 400.04 207.04 ship 0 0.984791 votes=3
651.76 437.00 667.01 456.40 660.23 461.73 644.98 442.33 ship 0 0.983101 votes=3
267.75 562.96 287.37 552.31 290.82 558.67 271.20 569.31 ship 0 0.982577 votes=3
603.42 297.42 614.25 314.38 607.43 318.74 596.59 301.79 ship 0 0.982519 votes=3
713.60 392.46 727.31 410.26 720.94 415.17 707.23 397.37 ship 0 0.981251 votes=3
423.47 461.41 440.26 483.99 432.48 489.77 415.69 467.19 ship 0 0.980974 votes=3
423.77 301.79 448.96 335.09 441.06 341.06 415.87 307.76 ship 0 0.980766 votes=3
572.38 319.48 583.31 336.06 576.16 340.77 565.23 324.19 ship 0 0.980122 votes=3
456.00 441.57 473.03 465.09 465.55 470.50 448.52 446.98 ship 0 0.979866 votes=3
696.21 403.48 711.15 423.07 704.21 428.36 689.27 408.77 ship 0 0.979269 votes=3
526.14 259.54 537.54 272.51 532.57 276.88 521.17 263.91 ship 0 0.978450 votes=3
587.49 307.78 599.39 325.55 592.60 330.09 580.71 312.33 ship 0 0.978251 votes=3
739.52 412.52 753.77 431.87 747.13 436.76 732.88 417.42 ship 0 0.977316 votes=3
523.42 431.69 549.39 469.19 539.52 476.02 513.55 438.52 ship 0 0.975634 votes=3
521.36 356.33 533.04 373.53 525.93 378.36 514.25 361.16 ship 0 0.971295 votes=3
561.16 186.12 570.11 200.04 564.49 203.66 555.53 189.73 ship 0 0.970260 votes=3
539.63 198.36 551.22 212.99 545.36 217.64 533.76 203.01 ship 0 0.969141 votes=3
635.92 273.15 647.93 291.14 641.98 295.11 629.97 277.12 ship 0 0.969018 votes=3
540.67 279.83 553.36 296.95 546.53 302.00 533.84 284.89 ship 0 0.968406 votes=3
418.46 425.63 431.62 447.64 423.91 452.25 410.75 430.24 ship 0 0.968316 votes=3
357.51 262.58 366.51 276.90 360.62 280.60 351.62 266.28 ship 0 0.967793 votes=3
685.00 412.15 698.97 431.06 692.47 435.87 678.50 416.96 ship 0 0.967320 votes=3
170.45 471.65 192.45 460.37 196.50 468.26 174.50 479.55 ship 0 0.965626 votes=3
481.33 241.93 490.28 254.94 485.77 258.04 476.82 245.04 ship 0 0.963373 votes=3
283.15 401.61 294.84 417.27 288.85 421.74 277.17 406.08 ship 0 0.962091 votes=3
327.95 311.92 336.38 324.67 330.59 328.50 322.16 315.75 ship 0 0.962073 votes=3
572.58 258.39 584.54 273.07 578.68 277.85 566.72 263.17 ship 0 0.961416 votes=3
359.54 291.73 368.96 304.09 363.65 308.15 354.22 295.78 ship 0 0.957876 votes=3
559.34 268.83 569.59 285.49 562.09 290.11 551.84 273.45 ship 0 0.956276 votes=3
177.82 488.42 199.27 475.39 204.03 483.22 182.58 496.26 ship 0 0.956214 votes=3
343.57 271.94 351.53 285.40 345.20 289.15 337.24 275.68 ship 0 0.954586 votes=3
590.65 245.94 600.83 263.21 593.84 267.33 583.65 250.06 ship 0 0.954301 votes=3
497.53 229.62 505.37 244.29 498.42 248.00 490.58 233.33 ship 0 0.953225 votes=3
482.99 291.36 494.55 305.40 489.02 309.96 477.45 295.92 ship 0 0.952201 votes=3
555.79 239.17 566.28 252.91 560.71 257.16 550.22 243.43 ship 0 0.949309 votes=3
268.57 410.57 417.68 300.99 453.09 349.18 303.98 458.76 harbor 0 0.949157 votes=3
540.88 249.68 551.05 262.98 545.63 267.13 535.45 253.83 ship 0 0.947321 votes=3
581.46 223.20 588.22 236.05 582.32 239.15 575.56 226.30 ship 0 0.946384 votes=3
224.89 523.23 241.02 543.27 235.13 548.01 219.00 527.98 ship 0 0.945520 votes=3
530.73 287.65 542.43 302.97 537.14 307.01 525.44 291.69 ship 0 0.943022 votes=3
609.70 324.66 617.44 337.59 611.84 340.94 604.10 328.02 ship 0 0.940805 votes=2
349.53 353.54 361.91 371.29 352.53 377.83 340.15 360.08 ship 0 0.937410 votes=3
344.69 467.58 492.01 384.18 519.34 432.47 372.02 515.86 harbor 0 0.936592 votes=3
544.59 340.12 555.97 355.87 549.82 360.32 538.44 344.57 ship 0 0.936094 votes=3
529.47 206.47 539.54 220.97 533.64 225.07 523.57 210.58 ship 0 0.931986 votes=3
513.98 268.65 523.42 284.67 516.28 288.87 506.84 272.85 ship 0 0.928565 votes=3
493.23 284.74 501.20 296.65 496.27 299.94 488.30 288.04 ship 0 0.928440 votes=3
555.46 332.31 567.74 349.28 560.26 354.70 547.97 337.73 ship 0 0.924137 votes=3
329.69 282.36 338.53 295.14 333.39 298.70 324.54 285.93 ship 0 0.920723 votes=3
523.56 291.91 534.40 307.52 529.00 311.27 518.16 295.66 ship 0 0.920276 votes=3
538.28 343.97 550.34 357.77 544.38 362.99 532.31 349.19 ship 0 0.914053 votes=3
412.33 315.15 421.85 330.31 416.56 333.63 407.04 318.47 ship 0 0.913703 votes=3
724.17 424.65 736.92 443.03 730.99 447.15 718.23 428.77 ship 0 0.913099 votes=3
679.65 418.02 691.61 433.80 685.68 438.29 673.73 422.51 ship 0 0.909543 votes=3
515.62 215.09 526.53 229.92 520.90 234.07 509.98 219.24 ship 0 0.899733 votes=3
332.41 236.96 340.15 247.46 335.35 251.00 327.60 240.51 ship 0 0.897795 votes=3
225.18 352.83 369.78 254.80 393.84 290.29 249.24 388.32 harbor 0 0.894897 votes=3
342.35 300.23 352.20 313.50 346.87 317.46 337.01 304.19 ship 0 0.892786 votes=3
410.10 431.42 422.40 451.20 414.74 455.96 402.44 436.19 ship 0 0.890776 votes=3
732.64 418.41 744.32 435.17 738.09 439.51 726.41 422.76 ship 0 0.881695 votes=3
505.00 152.64 514.18 165.83 508.37 169.88 499.19 156.69 ship 0 0.875799 votes=2
467.36 250.85 476.36 264.76 471.05 268.20 462.05 254.29 ship 0 0.867446 votes=3
236.10 302.36 243.43 313.39 238.64 316.57 231.32 305.54 ship 0 0.863608 votes=3
393.19 324.76 403.49 340.89 397.45 344.75 387.15 328.61 ship 0 0.853184 votes=3
622.38 316.16 630.55 328.43 625.06 332.09 616.89 319.82 ship 0 0.837879 votes=3
462.30 302.70 593.82 212.96 619.67 250.84 488.15 340.59 harbor 0 0.836834 votes=3
639.54 442.66 737.95 380.50 763.96 421.69 665.56 483.85 harbor 0 0.835798 votes=3
574.63 352.44 582.70 363.28 578.05 366.74 569.98 355.90 ship 0 0.830397 votes=2
286.82 341.22 297.45 354.96 291.87 359.28 281.24 345.54 ship 0 0.829665 votes=3
216.36 528.17 224.06 552.50 215.63 555.16 207.94 530.83 ship 0 0.829480 votes=3
248.18 293.71 255.65 305.46 251.12 308.34 243.65 296.59 ship 0 0.822876 votes=3
542.34 171.94 548.43 185.97 541.53 188.96 535.45 174.93 ship 0 0.802700 votes=3
445.42 194.00 454.58 207.34 447.14 212.45 437.98 199.11 ship 0 0.797398 votes=2
144.42 586.78 170.02 569.02 174.38 575.30 148.78 593.07 ship 0 0.794343 votes=3
467.67 223.97 476.20 236.94 469.59 241.28 461.07 228.32 ship 0 0.793915 votes=3
190.16 501.78 210.95 490.28 215.50 498.52 194.72 510.01 ship 0 0.791409 votes=2
501.39 365.85 652.99 265.90 676.49 301.55 524.89 401.50 harbor 0 0.786930 votes=3
554.68 364.86 561.93 377.56 554.42 381.85 547.17 369.14 ship 0 0.786555 votes=2
536.48 374.73 544.29 389.73 538.00 393.00 530.19 378.00 ship 0 0.778027 votes=3
433.85 201.75 441.35 215.23 434.16 219.22 426.67 205.74 ship 0 0.775921 votes=2
573.09 176.40 582.13 190.63 576.91 193.95 567.87 179.72 ship 0 0.770126 votes=3
459.58 184.14 467.74 197.96 460.77 202.08 452.60 188.26 ship 0 0.766810 votes=2
342.77 225.60 353.31 237.86 347.68 242.69 337.15 230.42 ship 0 0.760326 votes=3
446.45 192.02 456.70 205.53 449.71 210.84 439.46 197.32 ship 0 0.759632 votes=2
522.18 139.92 530.33 154.64 525.21 157.47 517.06 142.75 ship 0 0.758444 votes=2
522.61 190.10 526.59 202.15 515.76 205.73 511.78 193.67 ship 0 0.754929 votes=3
644.94 301.26 653.12 313.37 646.86 317.60 638.68 305.48 ship 0 0.752760 votes=3
321.25 244.84 328.66 255.42 323.48 259.05 316.07 248.47 ship 0 0.752433 votes=2
534.64 132.82 542.50 147.10 533.64 151.98 525.77 137.70 ship 0 0.743763 votes=2
429.14 184.11 435.22 194.93 429.54 198.13 423.45 187.31 ship 0 0.737576 votes=2
512.20 220.56 519.43 233.06 511.95 237.38 504.73 224.88 ship 0 0.737074 votes=3
485.65 212.46 493.02 226.22 483.03 231.58 475.65 217.82 ship 0 0.723925 votes=2
507.56 276.71 516.35 291.46 510.40 295.00 501.61 280.25 ship 0 0.704990 votes=3
636.39 307.15 644.30 320.06 636.05 325.11 628.15 312.21 ship 0 0.698396 votes=3
501.19 134.81 508.18 146.38 498.25 152.37 491.27 140.80 ship 0 0.697979 votes=2
308.79 251.27 316.62 263.43 310.92 267.10 303.09 254.95 ship 0 0.688147 votes=2
590.35 340.43 597.25 353.81 588.28 358.44 581.38 345.05 ship 0 0.674177 votes=2
563.40 357.69 571.72 370.60 565.45 374.64 557.13 361.72 ship 0 0.665928 votes=2
417.43 191.61 424.80 201.59 419.80 205.28 412.43 195.30 ship 0 0.665709 votes=2
223.92 309.62 233.21 321.45 227.60 325.85 218.31 314.03 ship 0 0.664748 votes=3
396.09 204.23 538.95 110.24 559.81 141.96 416.95 235.94 harbor 0 0.653298 votes=3
557.76 162.13 564.63 174.23 554.63 179.90 547.77 167.79 ship 0 0.637119 votes=2
