319.01 248.64 375.45 111.85 486.77 157.79 430.34 294.57 airplane 0 0.999709 votes=3
16.08 465.95 130.79 414.60 179.54 523.51 64.83 574.86 airplane 0 0.999680 votes=3
146.06 595.31 242.69 481.02 337.46 561.14 240.83 675.43 airplane 0 0.999672 votes=3
98.75 131.64 187.45 255.33 88.92 325.99 0.22 202.29 airplane 0 0.999661 votes=3
634.09 352.72 739.01 257.08 815.07 340.53 710.16 436.16 airplane 0 0.999362 votes=3
235.60 119.55 253.87 145.52 244.59 152.05 226.31 126.08 vehicle 0 0.956549 votes=3
578.97 442.58 586.89 425.75 594.22 429.20 586.31 446.03 vehicle 0 0.913343 votes=3
318.10 120.73 327.34 92.48 336.55 95.50 327.31 123.74 vehicle 0 0.911051 votes=3
74.00 290.49 86.91 301.24 82.79 306.19 69.88 295.44 vehicle 0 0.889089 votes=3
356.48 83.27 376.56 88.33 374.66 95.85 354.58 90.78 vehicle 0 0.887987 votes=3
331.72 113.94 351.82 103.58 355.48 110.70 335.39 121.06 vehicle 0 0.755162 votes=3
542.98 733.05 551.76 709.15 560.34 712.30 551.56 736.20 vehicle 0 0.741168 votes=3
302.46 180.52 327.32 190.89 324.26 198.22 299.41 187.85 vehicle 0 0.737437 votes=3
599.20 457.24 606.38 440.72 613.77 443.93 606.58 460.45 vehicle 0 0.715908 votes=3
359.48 54.53 384.16 62.94 381.52 70.69 356.83 62.28 vehicle 0 0.645527 votes=2
