346.98 433.65 460.10 434.82 459.74 469.39 346.62 468.22 ship 0 0.999688 votes=3
484.79 433.21 595.54 427.67 597.27 462.16 486.51 467.69 ship 0 0.999669 votes=3
363.54 517.91 464.60 519.97 464.00 549.84 362.93 547.79 ship 0 0.999592 votes=3
483.40 394.94 594.32 391.53 595.34 424.70 484.42 428.11 ship 0 0.999522 votes=3
489.04 513.66 610.96 512.71 611.21 545.62 489.30 546.57 ship 0 0.999498 votes=3
390.41 400.64 457.61 396.25 459.22 420.94 392.02 425.33 ship 0 0.999343 votes=3
484.85 362.54 546.32 360.95 546.89 382.85 485.41 384.45 ship 0 0.999319 votes=3
394.34 330.77 453.77 328.65 454.53 349.98 395.10 352.10 ship 0 0.999273 votes=3
353.01 480.47 460.65 471.86 463.45 506.82 355.81 515.43 ship 0 0.999103 votes=3
202.35 257.22 205.61 380.91 167.52 381.91 164.26 258.23 ship 0 0.998998 votes=3
394.97 306.46 447.44 306.10 447.56 323.39 395.09 323.75 ship 0 0.998914 votes=3
395.47 228.06 437.00 228.12 436.98 243.96 395.44 243.90 ship 0 0.998592 votes=3
116.14 342.38 116.79 250.69 146.14 250.89 145.49 342.59 ship 0 0.998433 votes=3
382.74 360.59 459.32 361.01 459.20 382.41 382.62 381.99 ship 0 0.998389 votes=3
484.25 327.09 545.91 327.46 545.79 347.69 484.13 347.32 ship 0 0.998219 votes=3
401.70 568.28 572.77 563.03 573.93 600.93 402.86 606.17 ship 0 0.997709 votes=3
396.57 278.65 446.54 276.88 447.14 293.85 397.17 295.62 ship 0 0.997183 votes=3
394.78 252.80 446.88 250.86 447.53 268.26 395.42 270.20 ship 0 0.996863 votes=3
665.35 207.25 712.04 206.13 712.46 223.65 665.77 224.77 ship 0 0.987697 votes=3
558.06 135.10 564.60 602.07 387.16 604.56 380.61 137.59 harbor 0 0.979525 votes=3
487.78 223.33 534.13 223.09 534.22 239.63 487.87 239.88 ship 0 0.971655 votes=3
486.76 276.64 540.88 277.00 540.76 295.14 486.64 294.78 ship 0 0.962204 votes=3
397.33 200.05 439.27 200.01 439.28 217.03 397.34 217.07 ship 0 0.957670 votes=3
662.26 302.32 662.58 157.81 713.71 157.93 713.38 302.44 harbor 0 0.812114 votes=3
99.38 358.20 101.89 205.14 217.71 207.03 215.20 360.10 harbor 0 0.778746 votes=3
