297.75 276.87 328.23 243.55 334.64 249.41 304.15 282.73 vehicle 0 0.998426 votes=3
203.13 413.80 234.97 378.83 241.29 384.59 209.46 419.56 vehicle 0 0.998120 votes=3
249.10 338.51 278.69 305.14 285.77 311.42 256.17 344.79 vehicle 0 0.997709 votes=3
144.73 596.52 172.53 568.57 179.30 575.30 151.50 603.25 vehicle 0 0.997528 votes=3
460.19 464.96 486.03 437.89 491.87 443.46 466.03 470.53 vehicle 0 0.997406 votes=3
394.28 479.35 417.34 454.82 423.62 460.73 400.56 485.26 vehicle 0 0.997205 votes=3
208.13 631.17 651.09 138.20 859.49 325.46 416.52 818.43 Expressway-Service-area 0 0.996689 votes=3
412.76 516.13 438.02 486.67 443.81 491.63 418.55 521.10 vehicle 0 0.996498 votes=3
492.26 476.33 513.28 457.01 518.19 462.36 497.18 481.67 vehicle 0 0.994788 votes=3
252.65 199.80 270.95 180.93 276.58 186.40 258.28 205.26 vehicle 0 0.994687 votes=3
410.60 567.56 435.65 537.47 441.61 542.43 416.55 572.52 vehicle 0 0.993607 votes=3
-36.95 397.47 328.05 -4.79 480.94 133.94 115.93 536.20 Expressway-Service-area 0 0.993252 votes=3
447.28 522.39 473.20 493.72 478.95 498.92 453.02 527.59 vehicle 0 0.993102 votes=3
278.47 202.18 290.63 188.35 295.88 192.97 283.72 206.80 vehicle 0 0.991648 votes=3
411.96 546.24 430.25 526.87 436.02 532.31 417.72 551.68 vehicle 0 0.987226 votes=3
257.97 249.10 291.81 217.30 297.69 223.56 263.85 255.36 vehicle 0 0.984432 votes=3
218.39 292.32 234.74 275.24 240.13 280.40 223.78 297.48 vehicle 0 0.963926 votes=3
312.77 537.38 338.37 507.95 344.35 513.16 318.75 542.58 vehicle 0 0.960341 votes=3
386.31 458.33 406.35 435.56 412.50 440.97 392.46 463.75 vehicle 0 0.917994 votes=3
162.01 457.08 189.35 429.30 194.36 434.24 167.03 462.02 vehicle 0 0.722173 votes=2
