319.87 522.87 355.49 581.81 297.72 616.72 262.10 557.78 airplane 0 0.999621 votes=3
357.87 587.65 394.63 649.54 335.80 684.48 299.04 622.59 airplane 0 0.999600 votes=3
371.18 299.91 405.49 353.76 352.65 387.43 318.33 333.58 airplane 0 0.999590 votes=3
61.40 95.50 95.03 151.24 43.04 182.61 9.40 126.87 airplane 0 0.999585 votes=3
226.24 495.17 282.06 462.38 314.48 517.56 258.66 550.35 airplane 0 0.999551 votes=3
98.49 154.55 133.09 207.72 80.85 241.72 46.25 188.55 airplane 0 0.999546 votes=3
242.97 211.74 299.05 179.36 330.39 233.64 274.30 266.02 airplane 0 0.999528 votes=3
188.77 3.68 219.50 57.30 166.73 87.54 136.00 33.92 airplane 0 0.999491 votes=3
82.24 245.92 139.85 214.97 168.95 269.14 111.34 300.09 airplane 0 0.999486 votes=3
222.37 60.44 255.17 113.71 203.20 145.70 170.40 92.43 airplane 0 0.999483 votes=3
206.81 155.53 260.01 121.82 292.81 173.58 239.60 207.29 airplane 0 0.999376 votes=3
