137.12 274.44 167.54 306.07 156.15 317.02 125.73 285.39 ship 0 0.999256 votes=3
423.69 232.54 455.55 268.16 442.01 280.27 410.16 244.64 ship 0 0.999224 votes=3
687.42 345.96 724.04 385.36 711.40 397.10 674.79 357.70 ship 0 0.999171 votes=3
146.09 486.18 176.05 521.03 163.16 532.11 133.20 497.27 ship 0 0.999149 votes=3
385.65 473.79 409.60 501.75 399.06 510.79 375.11 482.82 ship 0 0.999113 votes=3
385.52 193.64 417.01 225.58 404.53 237.88 373.05 205.94 ship 0 0.999089 votes=3
271.56 375.58 301.93 411.11 289.30 421.91 258.93 386.38 ship 0 0.999089 votes=3
427.90 435.21 453.84 463.73 443.12 473.48 417.19 444.96 ship 0 0.999084 votes=3
588.96 230.30 638.47 283.91 623.04 298.16 573.53 244.56 ship 0 0.999071 votes=3
241.33 403.47 268.89 434.48 256.82 445.21 229.26 414.19 ship 0 0.999064 votes=3
288.98 561.76 313.30 588.86 302.35 598.69 278.03 571.59 ship 0 0.999043 votes=3
183.16 229.42 215.18 262.44 202.47 274.76 170.45 241.74 ship 0 0.999039 votes=3
617.33 626.51 639.91 652.52 630.61 660.59 608.03 634.58 ship 0 0.999012 votes=3
192.18 449.41 222.32 482.11 211.29 492.28 181.15 459.57 ship 0 0.999010 votes=3
550.09 319.58 574.07 349.84 562.63 358.91 538.64 328.65 ship 0 0.998950 votes=3
432.46 622.52 450.19 646.55 440.66 653.58 422.93 629.55 ship 0 0.998935 votes=3
196.67 215.82 226.37 249.30 214.73 259.62 185.03 226.14 ship 0 0.998926 votes=3
416.20 160.56 447.71 197.56 433.99 209.24 402.48 172.24 ship 0 0.998883 votes=3
278.61 295.28 305.50 329.62 294.49 338.24 267.60 303.91 ship 0 0.998826 votes=3
240.27 104.86 265.91 134.28 253.77 144.85 228.14 115.44 ship 0 0.998804 votes=3
352.50 437.28 377.56 467.47 366.75 476.44 341.68 446.25 ship 0 0.998802 votes=3
285.63 62.20 316.61 103.35 303.59 113.15 272.62 72.00 ship 0 0.998782 votes=3
365.61 291.66 391.80 321.54 379.65 332.19 353.47 302.30 ship 0 0.998749 votes=3
298.61 488.56 323.32 519.90 312.40 528.51 287.69 497.18 ship 0 0.998738 votes=3
536.78 333.01 562.49 362.43 552.47 371.20 526.75 341.78 ship 0 0.998729 votes=3
482.13 180.39 512.98 213.52 501.77 223.95 470.93 190.82 ship 0 0.998659 votes=3
234.92 335.09 263.87 367.69 250.53 379.54 221.58 346.93 ship 0 0.998635 votes=3
325.00 464.62 349.97 492.76 340.16 501.46 315.20 473.32 ship 0 0.998615 votes=3
277.85 145.91 309.07 179.99 296.26 191.72 265.04 157.65 ship 0 0.998586 votes=3
313.39 473.34 335.23 502.34 323.66 511.05 301.82 482.05 ship 0 0.998580 votes=3
393.53 399.76 419.96 427.23 410.31 436.52 383.88 409.04 ship 0 0.998579 votes=3
109.73 448.65 138.77 480.51 126.34 491.84 97.29 459.98 ship 0 0.998532 votes=3
179.36 460.64 206.18 494.09 193.68 504.11 166.87 470.66 ship 0 0.998459 votes=3
344.67 305.35 373.42 339.23 361.47 349.37 332.73 315.48 ship 0 0.998451 votes=3
392.29 600.34 411.49 624.30 401.17 632.57 381.97 608.61 ship 0 0.998413 votes=3
411.77 446.96 437.25 478.31 426.21 487.29 400.72 455.94 ship 0 0.998413 votes=3
143.00 186.64 175.22 220.24 162.79 232.16 130.57 198.56 ship 0 0.998408 votes=3
607.58 637.84 627.91 666.57 616.92 674.35 596.59 645.62 ship 0 0.998396 votes=3
230.22 187.52 263.15 223.00 250.54 234.71 217.61 199.22 ship 0 0.998392 votes=3
229.77 551.27 254.51 579.35 243.24 589.27 218.50 561.19 ship 0 0.998364 votes=3
222.56 419.04 250.59 453.39 238.90 462.93 210.87 428.58 ship 0 0.998305 votes=3
405.88 387.67 430.06 415.51 420.60 423.73 396.42 395.89 ship 0 0.998235 votes=3
367.08 421.40 391.04 454.02 379.47 462.53 355.51 429.90 ship 0 0.998225 votes=3
332.11 319.16 360.01 351.63 348.50 361.52 320.61 329.05 ship 0 0.998204 votes=3
370.41 213.83 398.56 242.00 388.18 252.38 360.03 224.21 ship 0 0.998200 votes=3
674.02 516.78 694.19 540.15 685.18 547.92 665.02 524.55 ship 0 0.998115 votes=3
144.57 421.81 172.29 452.27 159.40 463.99 131.69 433.53 ship 0 0.998099 votes=3
691.88 554.91 714.46 585.59 702.78 594.19 680.20 563.51 ship 0 0.998093 votes=3
271.33 575.12 297.19 603.18 287.29 612.30 261.43 584.24 ship 0 0.998066 votes=3
356.84 500.95 377.62 528.58 368.65 535.33 347.86 507.70 ship 0 0.998047 votes=3
579.80 293.68 601.25 323.08 587.80 332.90 566.34 303.49 ship 0 0.998047 votes=3
470.95 126.19 501.15 169.56 486.17 179.99 455.97 136.62 ship 0 0.998034 votes=3
125.60 438.27 154.14 469.81 142.63 480.23 114.09 448.69 ship 0 0.997993 votes=3
128.04 506.56 154.96 536.06 145.28 544.89 118.36 515.39 ship 0 0.997986 votes=3
255.88 392.64 285.45 427.06 273.51 437.32 243.93 402.90 ship 0 0.997925 votes=3
256.56 525.71 281.07 554.54 270.42 563.60 245.91 534.77 ship 0 0.997885 votes=3
401.86 588.63 423.57 614.99 414.61 622.37 392.90 596.00 ship 0 0.997881 votes=3
309.49 266.31 338.06 298.60 326.07 309.21 297.50 276.93 ship 0 0.997873 votes=3
475.17 522.11 496.15 547.19 486.39 555.36 465.41 530.27 ship 0 0.997859 votes=3
80.84 353.26 98.05 379.91 88.33 386.18 71.12 359.54 ship 0 0.997688 votes=3
186.99 380.06 215.66 411.37 204.52 421.57 175.85 390.26 ship 0 0.997581 votes=3
574.89 485.90 597.84 507.92 589.50 516.60 566.56 494.58 ship 0 0.997552 votes=3
492.78 375.41 510.39 395.44 502.14 402.69 484.53 382.66 ship 0 0.997545 votes=3
250.37 90.44 281.33 121.05 270.46 132.04 239.50 101.43 ship 0 0.997479 votes=3
92.99 468.61 120.96 496.32 110.42 506.95 82.45 479.24 ship 0 0.997320 votes=3
284.53 499.21 311.33 528.01 300.40 538.19 273.60 509.39 ship 0 0.997291 votes=3
421.28 373.60 447.07 401.64 436.70 411.18 410.91 383.14 ship 0 0.997225 votes=3
728.69 526.73 748.33 549.91 738.79 557.99 719.15 534.82 ship 0 0.997175 votes=3
404.38 250.75 436.64 285.95 425.89 295.81 393.62 260.61 ship 0 0.997173 votes=3
399.87 458.69 423.46 489.66 412.72 497.84 389.13 466.87 ship 0 0.997158 votes=3
56.56 379.01 72.79 401.36 64.12 407.66 47.88 385.32 ship 0 0.997095 votes=3
615.09 452.91 633.15 476.02 624.58 482.72 606.51 459.62 ship 0 0.997011 votes=3
551.84 631.72 570.96 654.29 562.96 661.07 543.84 638.50 ship 0 0.996981 votes=3
415.36 578.25 435.09 601.17 427.14 608.00 407.41 585.09 ship 0 0.996952 votes=3
338.55 450.72 364.19 476.81 354.13 486.70 328.48 460.62 ship 0 0.996927 votes=3
153.26 258.56 179.30 287.79 167.89 297.97 141.84 268.74 ship 0 0.996871 votes=3
584.52 418.10 608.29 445.75 597.99 454.60 574.23 426.94 ship 0 0.996868 votes=3
343.99 510.71 367.80 541.70 357.98 549.25 334.17 518.26 ship 0 0.996864 votes=3
330.58 527.05 354.74 555.96 345.51 563.68 321.35 534.76 ship 0 0.996765 votes=3
576.27 608.55 594.92 631.23 586.10 638.49 567.44 615.81 ship 0 0.996634 votes=3
215.85 349.68 244.17 383.52 232.58 393.22 204.27 359.38 ship 0 0.996557 votes=3
92.41 344.24 110.81 366.95 101.73 374.30 83.34 351.59 ship 0 0.996445 votes=3
450.35 140.57 476.88 175.19 463.44 185.49 436.91 150.87 ship 0 0.996415 votes=3
625.39 441.38 646.31 465.64 637.68 473.09 616.76 448.82 ship 0 0.996333 votes=3
246.22 174.60 272.33 205.35 259.30 216.42 233.18 185.67 ship 0 0.996324 votes=3
466.41 398.44 488.60 426.56 479.34 433.86 457.15 405.75 ship 0 0.996313 votes=3
297.97 281.13 322.16 314.77 310.10 323.44 285.92 289.80 ship 0 0.996141 votes=3
213.07 564.60 238.00 595.86 227.14 604.52 202.21 573.26 ship 0 0.996028 votes=3
567.91 498.78 584.15 519.34 575.50 526.17 559.27 505.61 ship 0 0.995978 votes=3
428.13 570.18 446.70 592.57 438.75 599.16 420.18 576.78 ship 0 0.995709 votes=3
204.02 363.81 233.35 395.10 220.70 406.96 191.37 375.67 ship 0 0.995676 votes=3
126.91 203.15 157.33 235.80 146.62 245.77 116.20 213.12 ship 0 0.995549 votes=3
401.34 182.11 427.47 213.29 415.82 223.06 389.69 191.88 ship 0 0.995229 votes=3
620.26 391.13 638.85 412.13 631.25 418.86 612.66 397.86 ship 0 0.995225 votes=3
628.66 561.67 645.12 588.47 633.91 595.36 617.45 568.55 ship 0 0.995194 votes=3
478.23 573.46 502.40 600.24 491.64 609.96 467.47 583.17 ship 0 0.995160 votes=3
752.17 508.20 769.12 525.89 761.86 532.85 744.91 515.16 ship 0 0.994950 votes=3
262.83 306.11 296.79 337.06 285.32 349.64 251.36 318.68 ship 0 0.994693 votes=3
759.42 455.66 792.05 491.14 780.34 501.91 747.71 466.42 ship 0 0.994626 votes=3
317.14 537.72 345.46 566.16 335.11 576.47 306.79 548.02 ship 0 0.994120 votes=3
264.73 72.82 298.58 106.66 285.92 119.33 252.06 85.49 ship 0 0.993851 votes=3
208.26 432.00 235.11 461.53 224.57 471.12 197.72 441.59 ship 0 0.993768 votes=3
357.58 222.26 386.29 252.54 373.96 264.23 345.25 233.94 ship 0 0.993658 votes=3
161.12 477.31 185.04 507.45 174.43 515.86 150.51 485.73 ship 0 0.993456 votes=3
442.72 425.01 465.24 450.77 454.79 459.91 432.27 434.15 ship 0 0.993407 votes=3
591.71 475.86 610.61 496.37 601.82 504.47 582.92 483.96 ship 0 0.993176 votes=3
500.14 170.36 527.09 201.38 516.46 210.62 489.51 179.60 ship 0 0.992940 votes=3
262.31 163.63 287.44 193.07 276.08 202.76 250.96 173.32 ship 0 0.992820 votes=3
214.65 201.45 245.90 235.32 233.36 246.89 202.11 213.03 ship 0 0.992568 votes=3
441.34 557.29 460.78 576.95 453.01 584.63 433.57 564.97 ship 0 0.992471 votes=3
628.36 615.77 650.69 640.16 641.63 648.45 619.31 624.06 ship 0 0.992436 votes=3
307.16 117.87 336.36 148.24 323.83 160.29 294.63 129.92 ship 0 0.992375 votes=3
126.43 528.34 139.32 548.28 129.88 554.38 117.00 534.44 ship 0 0.992304 votes=3
545.66 264.19 568.07 288.02 558.58 296.95 536.17 273.12 ship 0 0.992040 votes=3
687.13 507.06 708.30 526.95 700.84 534.89 679.67 515.00 ship 0 0.990699 votes=3
95.33 317.72 122.86 349.21 111.73 358.94 84.20 327.45 ship 0 0.990349 votes=3
452.51 410.28 478.65 432.67 469.80 443.00 443.66 420.61 ship 0 0.989444 votes=3
290.53 131.43 322.41 166.72 310.66 177.34 278.78 142.05 ship 0 0.989432 votes=3
479.04 323.12 503.03 353.10 491.75 362.12 467.76 332.15 ship 0 0.989113 votes=3
336.90 242.56 367.96 265.42 359.55 276.84 328.49 253.99 ship 0 0.988834 votes=3
173.08 393.83 204.17 421.02 192.54 434.32 161.45 407.14 ship 0 0.987968 votes=3
377.36 613.98 397.30 636.84 388.02 644.93 368.08 622.07 ship 0 0.987896 votes=3
522.51 480.34 544.15 500.11 537.38 507.52 515.74 487.74 ship 0 0.987673 votes=3
516.93 666.68 532.98 684.17 526.26 690.33 510.22 672.84 ship 0 0.986651 votes=3
445.82 347.70 474.43 377.08 464.29 386.96 435.67 357.58 ship 0 0.985892 votes=3
155.07 407.64 185.03 435.74 174.30 447.19 144.34 419.09 ship 0 0.985093 votes=3
314.81 336.44 342.17 366.39 331.27 376.34 303.91 346.40 ship 0 0.984820 votes=3
90.39 258.27 110.88 274.92 105.17 281.95 84.67 265.30 ship 0 0.984387 votes=3
164.59 244.55 196.37 278.18 186.07 287.91 154.29 254.28 ship 0 0.984366 votes=3
392.19 264.22 417.44 290.56 406.93 300.63 381.68 274.28 ship 0 0.983216 votes=3
403.04 645.89 421.42 667.25 413.87 673.74 395.50 652.37 ship 0 0.983167 votes=3
446.85 611.93 460.91 631.49 453.14 637.07 439.08 617.52 ship 0 0.982821 votes=3
763.63 490.61 785.00 515.46 775.54 523.59 754.17 498.75 ship 0 0.982679 votes=3
549.33 455.52 568.81 476.77 559.29 485.50 539.81 464.25 ship 0 0.982200 votes=3
601.42 585.48 619.62 607.17 610.21 615.06 592.01 593.38 ship 0 0.981363 votes=3
180.05 163.59 205.41 192.48 193.71 202.75 168.35 173.87 ship 0 0.980614 votes=3
200.26 578.38 218.01 597.22 210.10 604.67 192.35 585.84 ship 0 0.980296 votes=3
320.09 249.98 356.74 279.51 346.39 292.35 309.75 262.82 ship 0 0.978672 votes=3
503.43 558.37 521.38 577.86 514.19 584.49 496.24 564.99 ship 0 0.977948 votes=3
212.47 136.13 235.54 166.97 224.47 175.25 201.40 144.40 ship 0 0.977523 votes=3
596.14 282.58 616.69 300.24 609.53 308.58 588.98 290.92 ship 0 0.976838 votes=3
434.13 361.73 459.36 388.45 449.02 398.22 423.79 371.50 ship 0 0.976126 votes=3
422.17 638.11 435.93 655.67 428.68 661.36 414.91 643.80 ship 0 0.974141 votes=3
664.89 580.78 695.24 606.13 685.78 617.45 655.43 592.11 ship 0 0.971795 votes=2
270.56 517.16 293.54 542.69 284.28 551.03 261.30 525.50 ship 0 0.971232 votes=3
102.04 247.12 122.94 266.51 116.94 272.98 96.03 253.60 ship 0 0.971150 votes=3
655.40 594.05 682.90 623.97 673.51 632.59 646.02 602.67 ship 0 0.970788 votes=3
364.05 629.88 385.09 644.47 379.39 652.69 358.35 638.11 ship 0 0.967444 votes=3
115.14 220.93 143.62 247.52 133.80 258.04 105.31 231.46 ship 0 0.967044 votes=3
678.65 575.04 698.53 601.58 690.01 607.96 670.13 581.42 ship 0 0.967000 votes=3
156.30 182.89 183.37 203.21 176.16 212.81 149.09 192.48 ship 0 0.963377 votes=2
565.31 251.29 587.70 269.63 581.11 277.68 558.71 259.34 ship 0 0.961157 votes=3
218.68 123.53 249.52 152.55 241.00 161.60 210.17 132.58 ship 0 0.956807 votes=3
105.50 299.79 138.70 337.61 126.16 348.61 92.96 310.79 ship 0 0.955869 votes=3
642.40 604.81 663.81 628.25 655.24 636.08 633.83 612.65 ship 0 0.955567 votes=3
371.44 485.59 399.72 514.16 389.21 524.57 360.93 496.00 ship 0 0.955547 votes=3
297.74 347.62 332.68 375.29 323.77 386.55 288.82 358.87 ship 0 0.953919 votes=3
538.83 638.99 551.04 653.45 544.95 658.59 532.75 644.13 ship 0 0.945251 votes=3
676.25 393.32 696.54 421.53 686.10 429.03 665.82 400.82 ship 0 0.942890 votes=3
597.86 407.00 619.99 433.11 610.45 441.19 588.32 415.08 ship 0 0.939739 votes=3
64.15 368.49 76.29 382.57 69.30 388.60 57.15 374.52 ship 0 0.938824 votes=3
394.72 656.63 403.86 672.80 397.59 676.35 388.44 660.18 ship 0 0.938242 votes=3
455.93 724.75 746.55 434.36 802.06 489.92 511.44 780.31 harbor 0 0.917137 votes=2
254.04 599.13 275.44 622.41 264.45 632.51 243.06 609.22 ship 0 0.860694 votes=2
253.33 598.02 275.99 623.57 264.96 633.35 242.30 607.80 ship 0 0.804626 votes=2
679.41 797.94 722.66 708.59 733.55 713.86 690.29 803.21 harbor 0 0.789988 votes=2
237.46 618.52 248.27 634.89 241.46 639.39 230.65 623.02 ship 0 0.689790 votes=2
