378.61 382.96 378.96 476.31 342.16 476.45 341.81 383.10 vehicle 0 0.999828 votes=3
583.76 688.06 583.85 609.79 616.20 609.83 616.10 688.10 vehicle 0 0.999824 votes=3
189.51 379.67 191.38 461.86 158.00 462.63 156.12 380.43 vehicle 0 0.999820 votes=3
437.19 454.75 437.79 377.07 468.91 377.30 468.32 454.99 vehicle 0 0.999813 votes=3
496.56 666.92 499.84 583.82 532.47 585.11 529.18 668.21 vehicle 0 0.999812 votes=3
418.43 681.34 418.51 603.03 452.52 603.06 452.44 681.38 vehicle 0 0.999811 votes=3
237.12 375.21 240.11 454.75 206.79 456.00 203.79 376.47 vehicle 0 0.999795 votes=3
280.52 284.22 285.24 363.11 253.02 365.03 248.29 286.15 vehicle 0 0.999709 votes=3
244.82 140.49 246.23 55.36 280.24 55.92 278.83 141.05 vehicle 0 0.999527 votes=3
651.39 421.83 729.90 419.42 730.88 451.28 652.37 453.69 vehicle 0 0.999516 votes=3
