565.60 477.37 645.02 476.83 645.18 499.81 565.75 500.35 ship 0 0.998975 votes=3
208.81 174.84 247.15 14.78 275.62 21.60 237.27 181.65 ship 0 0.998783 votes=3
370.31 109.00 465.93 109.17 465.88 136.98 370.26 136.81 ship 0 0.998737 votes=3
39.01 599.15 63.91 394.02 111.22 399.76 86.32 604.89 ship 0 0.998697 votes=3
569.48 507.55 659.70 509.52 659.11 536.59 568.89 534.62 ship 0 0.998461 votes=3
365.24 530.22 415.21 532.10 414.59 548.73 364.61 546.86 ship 0 0.998247 votes=3
369.59 574.88 410.63 575.56 410.37 591.18 369.33 590.50 ship 0 0.997928 votes=3
570.27 416.00 631.46 416.78 631.17 439.40 569.98 438.62 ship 0 0.997924 votes=3
367.29 418.81 415.72 421.25 414.80 439.29 366.38 436.85 ship 0 0.997008 votes=3
362.17 640.27 403.13 640.39 403.09 656.13 362.13 656.02 ship 0 0.996876 votes=3
508.08 587.26 541.47 587.49 541.40 598.75 508.01 598.52 ship 0 0.996542 votes=3
366.97 596.12 410.98 597.38 410.55 612.32 366.54 611.07 ship 0 0.996497 votes=3
515.18 336.17 553.84 337.54 553.37 350.85 514.71 349.48 ship 0 0.996496 votes=3
570.99 309.67 634.02 311.71 633.31 333.55 570.28 331.51 ship 0 0.996199 votes=3
380.98 215.90 435.14 219.35 433.89 239.04 379.73 235.59 ship 0 0.996182 votes=3
498.98 706.21 509.66 221.20 652.17 224.34 641.49 709.35 harbor 0 0.995923 votes=3
507.61 464.10 539.54 463.00 539.92 474.33 508.00 475.42 ship 0 0.995415 votes=3
134.93 528.10 222.60 174.18 309.76 195.77 222.09 549.69 ship 0 0.995268 votes=3
370.25 551.64 411.85 553.40 411.15 569.92 369.55 568.16 ship 0 0.995180 votes=3
566.50 538.14 664.87 541.05 663.97 571.28 565.60 568.37 ship 0 0.994956 votes=3
369.47 375.73 417.74 376.86 417.32 394.88 369.05 393.75 ship 0 0.994741 votes=3
722.77 677.14 775.29 586.85 800.72 601.65 748.20 691.94 ship 0 0.994151 votes=3
571.80 575.33 635.26 581.46 633.51 599.59 570.05 593.46 ship 0 0.991583 votes=3
378.34 309.12 421.22 311.08 420.51 326.58 377.62 324.62 ship 0 0.991140 votes=3
580.69 259.41 647.56 259.67 647.48 281.37 580.61 281.11 ship 0 0.988517 votes=3
378.14 265.07 423.87 267.29 423.24 280.22 377.52 278.01 ship 0 0.988266 votes=3
562.38 608.84 616.11 609.47 615.87 630.41 562.13 629.78 ship 0 0.985084 votes=3
383.67 144.15 445.05 146.78 443.92 173.33 382.54 170.71 ship 0 0.984949 votes=3
510.11 376.31 555.15 377.40 554.81 391.34 509.77 390.25 ship 0 0.977439 votes=3
632.20 693.62 632.53 736.15 616.35 736.28 616.02 693.75 ship 0 0.975605 votes=3
569.84 337.05 643.08 344.11 639.98 376.26 566.74 369.21 ship 0 0.974334 votes=3
382.45 173.66 437.32 177.88 436.07 194.04 381.21 189.81 ship 0 0.973366 votes=3
581.36 700.62 581.45 739.43 567.10 739.47 567.01 700.66 ship 0 0.971413 votes=3
344.29 681.40 366.85 127.25 440.19 130.23 417.64 684.38 harbor 0 0.965627 votes=3
597.90 700.98 598.20 731.90 586.99 732.01 586.69 701.09 ship 0 0.960648 votes=3
365.19 703.28 392.10 705.43 391.23 716.35 364.32 714.20 ship 0 0.899497 votes=3
0.38 287.76 139.67 322.98 132.34 351.96 -6.95 316.74 ship 0 0.806091 votes=3
600.18 731.96 600.33 698.99 613.34 699.04 613.20 732.02 ship 0 0.697725 votes=2
