124.66 630.51 159.32 625.79 161.32 640.46 126.66 645.18 vehicle 0 0.999727 votes=3
536.97 190.80 563.60 363.92 481.84 376.50 455.21 203.38 tenniscourt 0 0.999719 votes=3
575.63 453.01 603.29 625.23 520.36 638.55 492.70 466.33 tenniscourt 0 0.999709 votes=3
470.43 469.06 497.09 642.12 416.62 654.51 389.96 481.45 tenniscourt 0 0.999703 votes=3
432.18 206.10 457.83 379.89 376.55 391.88 350.90 218.09 tenniscourt 0 0.999702 votes=3
367.17 485.02 392.84 657.47 310.77 669.69 285.10 497.24 tenniscourt 0 0.999692 votes=3
223.43 236.58 248.86 409.53 166.52 421.64 141.09 248.69 tenniscourt 0 0.999692 votes=3
328.17 221.58 354.41 394.69 273.09 407.02 246.85 233.90 tenniscourt 0 0.999681 votes=3
261.05 500.07 287.01 673.74 205.70 685.89 179.75 512.22 tenniscourt 0 0.999666 votes=3
80.85 379.63 117.35 371.70 120.57 386.52 84.06 394.44 vehicle 0 0.999610 votes=3
357.03 44.91 390.38 40.75 392.06 54.21 358.71 58.37 vehicle 0 0.999596 votes=3
137.25 733.10 172.69 726.65 175.25 740.70 139.81 747.15 vehicle 0 0.999594 votes=3
207.64 69.25 241.48 61.61 244.76 76.16 210.92 83.80 vehicle 0 0.999581 votes=3
120.41 571.59 152.06 564.39 155.12 577.83 123.47 585.04 vehicle 0 0.999379 votes=3
145.42 91.78 178.27 79.44 183.36 93.00 150.52 105.34 vehicle 0 0.999233 votes=3
79.98 316.64 112.22 311.77 114.42 326.34 82.18 331.22 vehicle 0 0.999152 votes=3
68.52 269.81 106.73 264.49 108.90 280.11 70.69 285.43 vehicle 0 0.999102 votes=3
499.15 25.04 532.06 20.10 534.04 33.31 501.13 38.25 vehicle 0 0.998972 votes=3
120.90 690.31 161.75 684.45 164.16 701.23 123.30 707.09 vehicle 0 0.998925 votes=3
105.04 493.82 135.34 489.62 137.26 503.43 106.95 507.62 vehicle 0 0.998323 votes=3
