499.98 116.26 566.16 117.84 565.70 137.07 499.52 135.48 ship 0 0.999553 votes=3
240.98 371.81 241.50 329.27 254.91 329.43 254.39 371.98 ship 0 0.999521 votes=3
425.17 95.37 484.56 101.57 482.58 120.54 423.19 114.35 ship 0 0.999513 votes=3
240.78 217.54 240.97 258.48 227.83 258.54 227.64 217.60 ship 0 0.999482 votes=3
148.45 78.58 148.89 27.76 165.48 27.90 165.05 78.72 ship 0 0.999460 votes=3
231.75 204.96 232.18 157.07 248.48 157.22 248.05 205.11 ship 0 0.999449 votes=3
432.19 44.09 489.64 49.64 487.94 67.22 430.49 61.67 ship 0 0.999448 votes=3
488.33 311.69 569.34 316.83 567.95 338.75 486.94 333.61 ship 0 0.999447 votes=3
320.79 144.44 321.29 207.38 302.85 207.53 302.35 144.59 ship 0 0.999436 votes=3
501.58 16.54 608.80 18.91 608.25 43.83 501.03 41.46 ship 0 0.999431 votes=3
259.67 84.21 259.83 32.04 276.95 32.09 276.79 84.26 ship 0 0.999427 votes=3
274.96 205.88 276.23 151.72 294.08 152.14 292.81 206.30 ship 0 0.999406 votes=3
462.35 549.64 555.63 558.26 553.64 579.83 460.36 571.21 ship 0 0.999381 votes=3
451.90 641.09 539.80 646.52 538.40 669.17 450.50 663.75 ship 0 0.999369 votes=3
225.67 149.07 225.69 204.29 209.19 204.29 209.16 149.08 ship 0 0.999363 votes=3
483.38 341.66 583.22 353.07 580.61 375.93 480.76 364.52 ship 0 0.999359 votes=3
143.34 368.42 143.60 320.44 160.08 320.53 159.82 368.51 ship 0 0.999354 votes=3
469.15 591.41 565.53 598.31 563.92 620.84 467.54 613.94 ship 0 0.999351 votes=3
125.76 77.70 126.00 29.88 142.36 29.96 142.12 77.78 ship 0 0.999321 votes=3
186.63 204.52 187.68 151.63 203.64 151.95 202.59 204.84 ship 0 0.999306 votes=3
402.60 361.70 457.59 366.00 456.33 382.10 401.34 377.81 ship 0 0.999267 votes=3
489.53 176.97 579.06 186.10 576.95 206.75 487.43 197.62 ship 0 0.999258 votes=3
342.35 356.70 342.70 429.84 322.95 429.93 322.60 356.79 ship 0 0.999237 votes=3
492.20 139.48 590.83 152.19 588.26 172.13 489.63 159.42 ship 0 0.999230 votes=3
488.28 207.59 567.38 215.27 565.40 235.64 486.30 227.97 ship 0 0.999160 votes=3
104.06 82.91 104.42 28.40 121.43 28.51 121.08 83.02 ship 0 0.999129 votes=3
141.71 203.72 143.02 150.22 160.47 150.64 159.16 204.15 ship 0 0.999123 votes=3
489.08 274.43 570.86 283.54 568.50 304.72 486.72 295.61 ship 0 0.999120 votes=3
154.17 478.88 154.48 518.54 142.24 518.63 141.93 478.98 ship 0 0.999071 votes=3
385.76 516.24 442.51 519.28 441.63 535.74 384.88 532.69 ship 0 0.999068 votes=3
298.42 26.35 298.65 81.92 283.07 81.99 282.83 26.42 ship 0 0.999064 votes=3
115.73 480.22 115.90 517.88 102.72 517.94 102.55 480.28 ship 0 0.999049 votes=3
398.62 332.78 461.58 336.77 460.44 354.77 397.48 350.79 ship 0 0.999020 votes=3
304.09 83.32 304.36 30.44 320.99 30.52 320.73 83.40 ship 0 0.999001 votes=3
104.64 367.39 105.53 317.64 121.98 317.93 121.09 367.69 ship 0 0.998963 votes=3
179.84 568.08 179.86 537.01 191.55 537.02 191.54 568.08 ship 0 0.998933 votes=3
67.76 366.43 68.03 323.51 82.38 323.60 82.10 366.52 ship 0 0.998923 votes=3
401.59 252.27 470.60 259.55 468.66 277.97 399.65 270.69 ship 0 0.998917 votes=3
407.30 403.18 457.23 409.61 455.13 425.86 405.21 419.42 ship 0 0.998913 votes=3
137.29 148.72 137.70 200.53 120.79 200.66 120.38 148.85 ship 0 0.998890 votes=3
195.73 75.80 196.51 30.16 210.20 30.40 209.41 76.03 ship 0 0.998880 votes=3
214.59 81.97 214.62 26.93 233.02 26.94 232.99 81.98 ship 0 0.998873 votes=3
92.80 140.14 92.82 204.23 75.17 204.24 75.15 140.14 ship 0 0.998844 votes=3
187.90 263.50 188.75 220.84 203.68 221.14 202.84 263.80 ship 0 0.998771 votes=3
97.93 203.68 98.30 146.85 116.68 146.97 116.30 203.81 ship 0 0.998770 votes=3
508.53 77.27 577.86 83.63 576.07 103.10 506.74 96.74 ship 0 0.998731 votes=3
220.15 521.06 220.71 480.52 233.17 480.69 232.62 521.24 ship 0 0.998723 votes=3
415.64 174.17 477.73 180.90 475.73 199.36 413.64 192.64 ship 0 0.998694 votes=3
413.62 224.90 472.50 233.92 469.85 251.20 410.97 242.19 ship 0 0.998668 votes=3
407.36 385.05 456.88 391.29 455.03 405.96 405.51 399.72 ship 0 0.998662 votes=3
420.63 70.51 486.84 74.81 485.63 93.47 419.42 89.18 ship 0 0.998628 votes=3
235.67 520.51 237.39 478.45 251.20 479.02 249.48 521.08 ship 0 0.998611 votes=3
270.39 482.18 270.45 518.98 256.13 519.01 256.07 482.21 ship 0 0.998596 votes=3
235.43 336.04 235.61 372.04 224.18 372.10 224.01 336.09 ship 0 0.998561 votes=3
433.97 16.53 487.21 17.62 486.86 34.54 433.63 33.45 ship 0 0.998505 votes=3
327.48 222.70 329.30 156.91 347.65 157.42 345.84 223.21 ship 0 0.998492 votes=3
46.82 412.83 46.86 380.68 57.56 380.69 57.52 412.84 ship 0 0.998492 votes=3
168.38 263.27 168.52 219.99 184.27 220.04 184.13 263.32 ship 0 0.998477 votes=3
120.20 519.39 121.11 479.43 135.63 479.76 134.72 519.72 ship 0 0.998476 votes=3
298.14 371.65 298.90 317.16 314.26 317.38 313.50 371.86 ship 0 0.998424 votes=3
219.92 428.41 220.40 383.00 235.01 383.15 234.53 428.56 ship 0 0.998380 votes=3
208.04 265.69 208.35 217.54 222.40 217.63 222.09 265.78 ship 0 0.998333 votes=3
157.53 382.05 157.71 418.51 144.51 418.58 144.33 382.12 ship 0 0.998295 votes=3
240.65 422.44 240.67 384.72 253.18 384.73 253.15 422.44 ship 0 0.998214 votes=3
197.71 326.71 198.10 369.14 183.80 369.27 183.42 326.84 ship 0 0.998179 votes=3
158.94 519.37 159.44 485.22 170.33 485.37 169.83 519.53 ship 0 0.998160 votes=3
390.06 474.17 447.13 475.96 446.61 492.41 389.55 490.62 ship 0 0.998135 votes=3
146.17 214.26 146.18 263.11 130.84 263.11 130.83 214.27 ship 0 0.998077 votes=3
212.30 534.18 212.33 578.78 197.27 578.79 197.24 534.19 ship 0 0.998036 votes=3
110.59 265.19 110.77 215.71 125.86 215.76 125.68 265.25 ship 0 0.997982 votes=3
92.09 258.31 92.32 213.75 106.53 213.82 106.30 258.39 ship 0 0.997869 votes=3
196.72 520.17 199.66 487.87 212.00 488.99 209.06 521.29 ship 0 0.997842 votes=3
164.18 206.01 164.40 143.36 181.80 143.42 181.58 206.07 ship 0 0.997806 votes=3
77.69 481.67 78.09 518.45 64.38 518.61 63.98 481.82 ship 0 0.997632 votes=3
182.53 425.29 182.88 383.37 195.39 383.47 195.04 425.39 ship 0 0.997601 votes=3
202.19 368.96 203.50 318.23 218.79 318.62 217.49 369.36 ship 0 0.997590 votes=3
273.47 385.04 273.54 426.37 260.80 426.39 260.73 385.06 ship 0 0.997463 votes=3
137.91 378.67 139.20 425.00 125.02 425.40 123.73 379.07 ship 0 0.997453 votes=3
87.20 367.21 87.83 323.02 102.36 323.23 101.73 367.42 ship 0 0.997439 votes=3
153.53 534.14 153.74 562.16 143.66 562.24 143.45 534.22 ship 0 0.997294 votes=3
296.30 520.61 296.85 483.67 310.95 483.88 310.40 520.82 ship 0 0.997288 votes=3
393.25 494.11 446.19 496.26 445.53 512.37 392.60 510.22 ship 0 0.996995 votes=3
235.36 571.56 235.57 534.08 247.34 534.15 247.13 571.63 ship 0 0.996900 votes=3
161.95 416.10 162.87 385.48 173.53 385.80 172.61 416.42 ship 0 0.996570 votes=3
308.13 256.37 309.33 224.11 320.01 224.51 318.81 256.77 ship 0 0.996506 votes=3
277.90 372.16 279.10 323.82 295.54 324.23 294.33 372.57 ship 0 0.996384 votes=3
395.43 641.41 430.41 643.06 429.90 653.74 394.92 652.08 ship 0 0.996352 votes=3
164.31 217.25 164.51 256.82 150.53 256.89 150.33 217.32 ship 0 0.996279 votes=3
295.89 441.79 297.24 385.15 313.36 385.53 312.00 442.17 ship 0 0.996160 votes=3
292.08 582.44 298.04 535.66 311.94 537.43 305.98 584.21 ship 0 0.996055 votes=3
180.04 518.98 180.38 483.34 193.54 483.47 193.20 519.11 ship 0 0.995881 votes=3
256.06 575.91 256.14 533.18 268.68 533.20 268.61 575.93 ship 0 0.995745 votes=3
289.56 384.40 290.18 416.00 277.91 416.25 277.28 384.64 ship 0 0.995519 votes=3
51.33 250.02 51.35 217.73 62.26 217.73 62.24 250.03 ship 0 0.995354 votes=3
130.11 532.19 130.46 560.23 119.54 560.37 119.18 532.33 ship 0 0.995084 votes=3
254.15 32.31 254.53 76.53 239.65 76.66 239.26 32.44 ship 0 0.994986 votes=3
212.46 384.19 212.90 411.89 202.09 412.06 201.65 384.36 ship 0 0.994615 votes=3
398.89 623.28 430.38 625.42 429.65 636.21 398.16 634.06 ship 0 0.994021 votes=3
58.10 334.21 58.21 361.53 47.94 361.57 47.83 334.25 ship 0 0.993689 votes=3
346.81 603.99 346.87 572.86 356.32 572.87 356.27 604.01 ship 0 0.993518 votes=3
405.62 558.60 438.39 561.55 437.42 572.35 404.65 569.40 ship 0 0.993326 votes=3
260.25 215.97 260.75 261.58 247.31 261.72 246.82 216.11 ship 0 0.992944 votes=3
216.76 570.65 217.07 535.16 229.66 535.26 229.36 570.75 ship 0 0.992414 votes=3
79.18 563.30 79.66 533.60 89.94 533.77 89.46 563.47 ship 0 0.991622 votes=3
107.65 414.15 108.31 383.56 119.54 383.80 118.88 414.39 ship 0 0.990560 votes=3
42.33 516.29 42.57 479.32 55.37 479.40 55.14 516.37 ship 0 0.990410 votes=3
158.10 570.44 159.00 532.15 170.24 532.41 169.34 570.70 ship 0 0.986788 votes=3
426.07 159.45 451.55 161.51 450.79 170.86 425.31 168.80 ship 0 0.983488 votes=3
348.58 56.69 349.72 30.40 359.50 30.82 358.36 57.11 ship 0 0.981853 votes=3
283.58 246.42 286.93 222.54 295.68 223.77 292.34 247.65 ship 0 0.980046 votes=3
49.87 147.38 336.17 152.93 334.03 263.26 47.73 257.72 harbor 0 0.977330 votes=3
32.36 476.49 321.78 485.13 319.01 577.99 29.59 569.36 harbor 0 0.975689 votes=3
44.19 324.50 320.45 332.57 317.73 425.84 41.47 417.77 harbor 0 0.974974 votes=3
65.59 30.10 66.15 58.84 57.21 59.01 56.65 30.27 ship 0 0.973052 votes=3
389.56 678.18 414.54 7.92 596.37 14.70 571.39 684.95 harbor 0 0.970890 votes=3
60.97 170.85 61.57 196.98 53.07 197.17 52.48 171.04 ship 0 0.969119 votes=3
326.29 265.73 327.03 237.95 337.29 238.22 336.56 266.01 ship 0 0.964899 votes=3
52.02 11.43 355.28 21.02 353.29 83.82 50.03 74.23 harbor 0 0.938778 votes=3
43.07 569.49 43.09 531.16 54.17 531.16 54.15 569.50 ship 0 0.935792 votes=3
77.24 25.63 77.44 48.61 69.58 48.68 69.38 25.70 ship 0 0.832653 votes=3
