128.63 422.23 141.13 431.75 137.73 436.22 125.23 426.70 vehicle 0 0.981125 votes=3
500.85 754.46 511.87 762.10 508.44 767.05 497.42 759.42 vehicle 0 0.980115 votes=3
175.09 724.43 187.08 711.11 192.17 715.70 180.18 729.01 vehicle 0 0.978001 votes=3
292.15 216.54 300.94 226.62 296.63 230.37 287.85 220.30 vehicle 0 0.942738 votes=3
130.66 683.94 141.39 666.47 149.07 671.19 138.35 688.66 vehicle 0 0.939890 votes=3
118.31 669.70 130.47 655.87 136.72 661.36 124.55 675.20 vehicle 0 0.937925 votes=3
341.92 186.96 352.84 179.97 356.21 185.23 345.29 192.22 vehicle 0 0.934624 votes=3
224.37 534.93 234.33 541.51 231.14 546.34 221.18 539.76 vehicle 0 0.932517 votes=3
155.68 708.15 168.46 696.00 173.80 701.62 161.02 713.76 vehicle 0 0.927852 votes=3
658.18 770.40 670.56 766.52 672.07 771.33 659.69 775.21 vehicle 0 0.920689 votes=3
83.03 486.84 162.99 549.01 122.36 601.27 42.39 539.10 trainstation 0 0.918942 votes=3
145.00 693.64 153.06 681.86 159.16 686.04 151.11 697.82 vehicle 0 0.910031 votes=3
160.78 714.85 174.65 700.60 180.65 706.43 166.78 720.68 vehicle 0 0.898655 votes=3
189.04 737.17 200.43 723.44 206.70 728.65 195.31 742.37 vehicle 0 0.898081 votes=3
126.64 265.69 139.25 272.99 136.19 278.27 123.58 270.96 vehicle 0 0.891294 votes=3
3.75 334.78 13.49 343.91 9.31 348.36 -0.43 339.24 vehicle 0 0.887770 votes=3
68.63 260.89 81.82 268.15 78.61 273.99 65.41 266.73 vehicle 0 0.879127 votes=3
163.34 447.72 174.37 455.25 171.36 459.67 160.33 452.14 vehicle 0 0.877921 votes=3
100.49 198.64 112.51 206.51 108.89 212.04 96.86 204.17 vehicle 0 0.874456 votes=3
230.81 322.81 241.41 331.79 237.03 336.95 226.43 327.97 vehicle 0 0.872116 votes=3
104.39 717.89 126.89 719.89 126.24 727.24 103.74 725.24 vehicle 0 0.867574 votes=3
159.00 521.06 166.82 513.29 171.25 517.75 163.43 525.52 vehicle 0 0.865445 votes=3
454.72 212.71 463.84 224.15 459.49 227.61 450.37 216.18 vehicle 0 0.837069 votes=3
302.23 76.95 308.73 63.22 315.28 66.31 308.78 80.05 vehicle 0 0.831251 votes=3
143.67 358.66 157.94 368.18 154.41 373.48 140.14 363.96 vehicle 0 0.827900 votes=3
182.18 729.92 195.15 718.65 200.18 724.44 187.22 735.71 vehicle 0 0.825229 votes=3
166.13 719.26 180.78 704.33 186.63 710.08 171.98 725.00 vehicle 0 0.812412 votes=2
266.39 685.12 277.09 695.42 273.48 699.18 262.78 688.88 vehicle 0 0.802038 votes=2
413.31 282.60 423.67 276.25 426.67 281.16 416.31 287.50 vehicle 0 0.800042 votes=3
243.41 133.76 249.57 123.26 255.18 126.55 249.03 137.05 vehicle 0 0.794242 votes=3
161.60 761.43 183.67 771.47 180.10 779.33 158.02 769.29 vehicle 0 0.792614 votes=3
174.74 750.60 189.57 755.62 187.42 761.95 172.60 756.93 vehicle 0 0.786077 votes=2
434.12 222.05 447.55 233.28 443.37 238.28 429.94 227.05 vehicle 0 0.761369 votes=3
385.32 341.65 399.45 330.53 403.71 335.93 389.57 347.05 vehicle 0 0.756691 votes=3
80.72 245.17 86.96 234.24 94.19 238.38 87.95 249.30 vehicle 0 0.756262 votes=2
54.68 638.47 76.18 643.10 74.76 649.67 53.27 645.04 vehicle 0 0.744625 votes=3
201.72 757.36 216.89 744.88 221.69 750.71 206.52 763.19 vehicle 0 0.739556 votes=3
157.97 397.27 168.33 405.13 164.57 410.08 154.21 402.22 vehicle 0 0.738099 votes=3
501.39 212.51 509.97 223.71 505.49 227.14 496.91 215.94 vehicle 0 0.716679 votes=2
160.02 710.21 174.45 699.69 177.05 703.26 162.63 713.78 vehicle 0 0.715244 votes=2
112.73 168.09 119.54 159.93 126.07 165.37 119.25 173.54 vehicle 0 0.696982 votes=2
111.31 293.18 117.82 282.30 123.49 285.70 116.99 296.58 vehicle 0 0.673989 votes=3
108.34 655.03 114.98 646.19 120.37 650.25 113.72 659.09 vehicle 0 0.652088 votes=3
