368.78 406.17 389.00 450.03 377.13 455.50 356.91 411.63 ship 0 0.998734 votes=3
310.78 484.70 320.56 510.19 311.62 513.62 301.84 488.13 ship 0 0.996629 votes=3
405.96 731.98 406.08 763.33 394.96 763.37 394.84 732.02 ship 0 0.996487 votes=3
390.14 730.85 390.21 770.08 379.24 770.10 379.17 730.87 ship 0 0.995971 votes=3
358.09 460.67 372.13 488.63 362.80 493.31 348.77 465.35 ship 0 0.995147 votes=3
422.63 730.70 422.66 763.91 410.88 763.92 410.85 730.71 ship 0 0.994430 votes=3
419.88 495.54 426.54 533.06 413.84 535.32 407.18 497.80 ship 0 0.994326 votes=3
329.60 428.06 341.00 456.90 331.45 460.68 320.06 431.83 ship 0 0.993862 votes=3
412.09 606.19 417.67 636.62 406.99 638.57 401.42 608.15 ship 0 0.993545 votes=3
340.49 420.76 354.83 451.30 344.88 455.97 330.54 425.42 ship 0 0.993456 votes=3
335.38 472.94 348.45 500.79 336.85 506.23 323.78 478.38 ship 0 0.993436 votes=3
322.06 721.28 322.26 697.35 331.38 697.43 331.17 721.36 ship 0 0.993001 votes=3
397.93 608.46 405.67 639.11 395.55 641.67 387.81 611.01 ship 0 0.992745 votes=3
281.36 631.06 286.28 655.51 276.87 657.40 271.95 632.95 ship 0 0.991671 votes=3
263.46 468.74 272.27 490.20 263.92 493.62 255.12 472.16 ship 0 0.991027 votes=3
286.25 493.72 294.37 513.37 287.10 516.37 278.98 496.72 ship 0 0.990518 votes=3
345.80 467.67 358.58 492.60 349.17 497.42 336.40 472.48 ship 0 0.989884 votes=3
442.21 719.81 442.22 758.38 427.52 758.38 427.51 719.81 ship 0 0.987689 votes=3
405.46 698.93 405.70 722.12 396.26 722.22 396.02 699.03 ship 0 0.987552 votes=3
386.25 611.62 391.26 635.37 382.48 637.23 377.46 613.47 ship 0 0.987209 votes=3
173.13 504.37 355.02 411.56 384.15 468.64 202.26 561.45 harbor 0 0.985820 votes=3
215.84 492.93 223.38 512.14 215.65 515.17 208.11 495.97 ship 0 0.983425 votes=3
252.81 605.90 256.47 626.95 247.74 628.47 244.08 607.42 ship 0 0.982346 votes=3
239.51 722.86 239.65 694.40 249.13 694.45 248.98 722.91 ship 0 0.978486 votes=3
212.82 696.42 436.78 701.01 435.50 763.65 211.54 759.07 harbor 0 0.977804 votes=3
424.22 604.79 428.88 629.02 420.04 630.72 415.38 606.49 ship 0 0.974915 votes=3
244.98 478.50 253.46 496.63 246.22 500.02 237.74 481.88 ship 0 0.974366 votes=3
366.39 614.68 370.00 635.08 361.57 636.58 357.95 616.17 ship 0 0.973995 votes=3
362.19 694.45 362.62 720.58 353.44 720.74 353.01 694.60 ship 0 0.972670 votes=3
439.30 601.43 442.18 633.45 430.82 634.47 427.95 602.45 ship 0 0.971027 votes=3
321.90 561.31 345.03 558.19 346.28 567.45 323.15 570.57 ship 0 0.970287 votes=3
415.66 555.26 436.13 549.61 438.26 557.32 417.79 562.97 ship 0 0.969231 votes=3
256.15 507.63 264.68 523.54 257.88 527.18 249.35 511.28 ship 0 0.968643 votes=3
203.15 498.68 210.73 516.17 203.76 519.19 196.17 501.70 ship 0 0.968167 votes=3
406.73 721.74 406.95 700.52 416.06 700.61 415.84 721.83 ship 0 0.966429 votes=3
354.09 615.30 356.53 639.04 348.00 639.92 345.56 616.18 ship 0 0.965938 votes=3
218.55 528.99 226.33 547.67 219.25 550.62 211.47 531.94 ship 0 0.964601 votes=3
315.65 428.03 329.94 463.78 319.41 467.99 305.13 432.24 ship 0 0.964587 votes=3
300.95 629.28 306.77 648.41 299.02 650.78 293.19 631.64 ship 0 0.962066 votes=3
224.17 488.91 234.19 508.27 226.62 512.19 216.60 492.83 ship 0 0.960002 votes=3
189.87 504.67 199.87 522.19 193.68 525.72 183.68 508.20 ship 0 0.959962 votes=3
325.52 604.04 350.81 599.81 352.19 608.06 326.90 612.30 ship 0 0.958780 votes=3
369.89 454.90 379.27 472.39 372.02 476.28 362.64 458.79 ship 0 0.956461 votes=3
311.60 697.98 312.01 720.90 301.07 721.09 300.65 698.18 ship 0 0.955839 votes=3
383.32 698.55 383.47 721.61 374.13 721.67 373.98 698.61 ship 0 0.955246 votes=3
275.94 500.04 284.79 520.03 276.18 523.84 267.33 503.85 ship 0 0.955180 votes=3
290.85 435.49 307.07 473.70 294.98 478.83 278.76 440.63 ship 0 0.952846 votes=3
259.47 721.17 259.57 696.02 270.48 696.06 270.38 721.21 ship 0 0.951891 votes=3
362.79 595.87 384.50 592.38 386.05 602.05 364.35 605.53 ship 0 0.951141 votes=3
321.29 478.36 331.86 503.54 322.93 507.29 312.36 482.11 ship 0 0.950447 votes=3
231.05 609.87 231.60 630.93 222.96 631.16 222.41 610.10 ship 0 0.950301 votes=3
96.77 445.21 522.12 23.33 568.56 70.16 143.21 492.04 bridge 0 0.949290 votes=3
270.36 597.09 291.76 591.23 293.94 599.17 272.53 605.03 ship 0 0.944689 votes=3
260.89 637.61 262.19 654.30 254.54 654.90 253.23 638.20 ship 0 0.941779 votes=3
235.43 484.88 244.07 501.33 237.29 504.89 228.65 488.44 ship 0 0.940916 votes=3
278.69 720.03 278.94 694.94 288.12 695.03 287.86 720.12 ship 0 0.934035 votes=3
373.84 698.11 374.18 721.06 366.66 721.17 366.33 698.22 ship 0 0.930994 votes=3
303.64 435.79 317.33 466.28 306.54 471.12 292.86 440.64 ship 0 0.930621 votes=3
298.53 491.08 306.27 510.26 298.84 513.25 291.11 494.08 ship 0 0.926315 votes=3
419.57 723.02 419.76 703.87 428.35 703.95 428.16 723.10 ship 0 0.921213 votes=3
248.64 512.37 255.29 531.44 247.63 534.12 240.98 515.04 ship 0 0.911635 votes=3
263.02 572.96 287.30 569.67 288.53 578.69 264.24 581.98 ship 0 0.910179 votes=3
275.54 465.45 283.36 483.94 275.62 487.22 267.79 468.73 ship 0 0.898138 votes=3
207.84 532.51 217.31 551.29 210.02 554.97 200.55 536.19 ship 0 0.897919 votes=3
354.42 416.66 365.97 444.77 355.34 449.14 343.79 421.04 ship 0 0.897105 votes=3
225.21 522.73 233.71 536.88 228.50 540.01 220.00 525.86 ship 0 0.896068 votes=3
280.74 451.72 291.03 479.64 280.58 483.49 270.29 455.57 ship 0 0.891228 votes=3
342.74 621.16 347.86 639.86 339.97 642.03 334.85 623.32 ship 0 0.882091 votes=3
353.31 555.09 371.89 550.87 373.87 559.59 355.29 563.81 ship 0 0.866426 votes=3
327.33 572.96 345.88 569.70 347.18 577.05 328.63 580.32 ship 0 0.862802 votes=3
265.13 503.70 275.08 520.06 269.47 523.47 259.52 507.11 ship 0 0.855586 votes=3
200.80 567.01 436.21 519.52 457.90 627.01 222.49 674.51 harbor 0 0.843451 votes=3
236.88 518.69 244.66 532.36 239.33 535.40 231.54 521.72 ship 0 0.841529 votes=3
358.68 586.52 382.38 584.07 383.35 593.50 359.66 595.94 ship 0 0.837388 votes=3
356.19 566.87 374.36 561.77 376.13 568.08 357.96 573.18 ship 0 0.834899 votes=3
325.55 624.20 328.21 638.14 315.79 640.51 313.13 626.57 ship 0 0.819839 votes=2
358.61 577.00 377.85 574.36 378.84 581.65 359.61 584.29 ship 0 0.758916 votes=3
278.12 617.28 293.42 613.08 295.38 620.22 280.08 624.42 ship 0 0.721637 votes=3
331.53 582.64 349.40 578.70 351.06 586.22 333.19 590.16 ship 0 0.718303 votes=3
424.18 584.20 444.36 581.84 445.23 589.27 425.05 591.63 ship 0 0.715505 votes=2
449.11 598.50 455.53 627.44 446.41 629.47 439.98 600.53 ship 0 0.693546 votes=3
332.52 592.36 350.92 591.55 351.28 599.63 332.88 600.44 ship 0 0.681483 votes=3
310.82 626.61 316.06 642.98 309.72 645.01 304.48 628.64 ship 0 0.675282 votes=3
