362.15 172.76 362.96 288.96 308.15 289.34 307.34 173.15 tenniscourt 0 0.999486 votes=3
579.85 508.29 579.94 635.56 503.23 635.62 503.13 508.34 basketballcourt 0 0.999434 votes=3
329.76 637.28 330.28 506.85 407.48 507.16 406.97 637.58 basketballcourt 0 0.999392 votes=3
320.61 508.68 321.21 637.89 243.58 638.25 242.98 509.04 basketballcourt 0 0.999342 votes=3
494.24 508.23 494.55 636.20 415.66 636.39 415.34 508.42 basketballcourt 0 0.999294 votes=3
362.38 349.49 363.42 465.69 309.07 466.17 308.03 349.97 tenniscourt 0 0.999293 votes=3
431.50 170.64 432.04 288.28 378.51 288.53 377.97 170.89 tenniscourt 0 0.999103 votes=3
433.01 348.72 433.52 464.50 379.49 464.74 378.98 348.96 tenniscourt 0 0.998728 votes=3
449.02 464.76 449.34 347.18 504.40 347.34 504.07 464.91 tenniscourt 0 0.998389 votes=3
502.84 170.71 503.50 288.07 447.87 288.38 447.21 171.03 tenniscourt 0 0.998153 votes=3
573.21 170.05 573.34 288.29 518.05 288.34 517.92 170.11 tenniscourt 0 0.998117 votes=3
573.18 347.30 573.69 464.92 519.53 465.15 519.01 347.53 tenniscourt 0 0.998022 votes=3
664.12 459.56 684.07 476.74 676.64 485.37 656.69 468.19 vehicle 0 0.997829 votes=3
651.85 474.92 674.23 492.64 666.67 502.18 644.30 484.46 vehicle 0 0.997754 votes=3
697.68 435.84 713.01 455.21 704.26 462.14 688.93 442.76 vehicle 0 0.956695 votes=3
