367.89 430.16 372.94 585.49 228.53 590.19 223.47 434.86 chimney 0 0.999427 votes=3
195.96 718.17 196.78 677.97 235.40 678.77 234.58 718.97 storagetank 0 0.989540 votes=3
6.40 161.44 8.08 133.62 16.63 134.14 14.95 161.95 vehicle 0 0.980564 votes=3
206.53 669.55 206.70 636.66 236.10 636.82 235.93 669.70 storagetank 0 0.974902 votes=3
230.32 725.34 231.66 772.09 193.37 773.18 192.03 726.43 storagetank 0 0.957137 votes=3
242.38 602.62 242.58 625.36 225.25 625.51 225.06 602.77 storagetank 0 0.944255 votes=3
203.08 622.13 203.35 601.15 222.14 601.40 221.87 622.37 storagetank 0 0.941218 votes=3
-3.08 281.89 10.35 240.58 20.72 243.95 7.29 285.26 vehicle 0 0.931349 votes=3
85.32 338.44 105.10 338.38 105.12 346.91 85.34 346.96 vehicle 0 0.825815 votes=3
244.91 625.69 245.53 640.62 231.90 641.19 231.28 626.26 storagetank 0 0.757966 votes=3
78.06 323.64 117.09 322.29 117.31 328.91 78.29 330.26 vehicle 0 0.744383 votes=3
