362.00 511.51 426.23 506.18 430.86 561.97 366.62 567.30 airplane 0 0.999743 votes=3
222.55 319.37 224.07 255.43 270.30 256.53 268.78 320.47 airplane 0 0.999733 votes=3
481.84 475.88 514.66 545.63 446.09 577.89 413.27 508.15 airplane 0 0.999713 votes=3
206.42 255.46 209.51 320.56 162.97 322.77 159.87 257.68 airplane 0 0.999711 votes=3
166.17 387.12 167.40 322.16 215.72 323.07 214.49 388.04 airplane 0 0.999705 votes=3
205.75 514.26 266.97 516.80 264.88 566.91 203.67 564.37 airplane 0 0.999588 votes=3
271.24 503.56 342.23 507.02 338.99 573.48 268.00 570.02 airplane 0 0.999551 votes=3
199.54 518.26 200.78 443.88 251.00 444.71 249.76 519.10 airplane 0 0.999314 votes=3
246.80 442.98 307.93 448.35 304.10 491.95 242.97 486.58 airplane 0 0.991100 votes=3
289.94 463.95 337.58 463.39 338.04 502.20 290.40 502.76 airplane 0 0.765532 votes=2
