513.38 172.86 514.69 500.31 268.86 501.30 267.55 173.84 chimney 0 0.999366 votes=3
618.49 537.43 628.46 568.70 618.30 571.94 608.33 540.67 vehicle 0 0.996479 votes=3
619.42 270.03 619.86 224.52 630.36 224.62 629.92 270.13 vehicle 0 0.989458 votes=3
759.49 734.22 800.91 777.50 791.62 786.40 750.20 743.12 vehicle 0 0.954346 votes=2
727.15 671.13 757.56 701.12 749.68 709.11 719.27 679.11 vehicle 0 0.948895 votes=3
619.05 413.00 619.43 432.48 610.45 432.65 610.08 413.18 vehicle 0 0.947858 votes=3
69.16 630.65 74.07 507.22 91.78 507.92 86.86 631.35 overpass 0 0.943885 votes=3
58.22 374.84 95.25 375.42 94.68 411.97 57.65 411.39 storagetank 0 0.904088 votes=3
593.27 454.83 593.41 436.26 601.45 436.32 601.31 454.89 vehicle 0 0.846533 votes=3
56.45 460.56 57.69 416.75 93.73 417.77 92.49 461.58 storagetank 0 0.810399 votes=3
101.26 459.73 101.57 435.71 124.43 436.01 124.12 460.03 storagetank 0 0.732813 votes=2
741.37 712.21 747.66 725.97 740.63 729.18 734.34 715.42 vehicle 0 0.635778 votes=2
