64.38 217.41 87.90 205.57 92.63 214.97 69.10 226.81 ship 0 0.997299 votes=3
29.21 141.44 50.11 131.66 53.82 139.57 32.91 149.36 ship 0 0.995931 votes=3
82.03 166.58 104.64 159.29 107.54 168.28 84.92 175.57 ship 0 0.994832 votes=3
18.99 120.48 39.59 109.44 44.12 117.88 23.51 128.92 ship 0 0.994641 votes=3
12.14 101.40 29.51 91.35 33.61 98.45 16.24 108.49 ship 0 0.994306 votes=3
39.18 162.62 61.91 152.04 66.02 160.86 43.28 171.45 ship 0 0.994133 votes=3
61.75 196.49 79.08 186.76 83.20 194.11 65.88 203.85 ship 0 0.989010 votes=3
16.47 111.73 35.33 101.18 39.29 108.27 20.44 118.82 ship 0 0.985990 votes=3
37.10 61.97 127.23 247.43 90.09 265.47 -0.03 80.02 harbor 0 0.982443 votes=3
171.79 34.71 651.00 474.24 631.22 495.81 152.01 56.27 bridge 0 0.963446 votes=3
38.42 152.50 55.70 142.09 59.60 148.56 42.32 158.97 ship 0 0.963240 votes=3
664.69 400.12 726.33 318.74 776.63 356.83 714.98 438.22 harbor 0 0.717890 votes=2
