538.70 324.58 541.67 293.33 554.24 294.53 551.27 325.77 ship 0 0.998474 votes=3
260.01 610.50 262.30 579.99 274.79 580.92 272.50 611.44 ship 0 0.998266 votes=3
599.11 556.71 602.87 525.26 615.22 526.74 611.46 558.19 ship 0 0.997782 votes=3
410.92 147.86 422.79 175.25 412.63 179.66 400.75 152.27 ship 0 0.981616 votes=3
223.43 329.72 243.34 341.29 239.13 348.54 219.22 336.97 ship 0 0.977982 votes=3
200.40 174.64 303.08 264.17 275.41 295.91 172.72 206.38 harbor 0 0.952990 votes=3
289.40 273.57 300.00 257.60 305.76 261.42 295.16 277.39 ship 0 0.947906 votes=3
425.61 43.76 484.03 144.36 467.55 153.93 409.13 53.33 harbor 0 0.944119 votes=3
477.04 12.74 538.77 114.12 525.45 122.23 463.73 20.84 harbor 0 0.926744 votes=3
530.30 99.23 537.25 110.21 532.12 113.46 525.17 102.48 ship 0 0.909964 votes=3
463.27 135.62 469.79 149.09 464.14 151.83 457.62 138.35 ship 0 0.909071 votes=3
130.90 277.11 241.70 343.07 234.33 355.46 123.52 289.50 harbor 0 0.888303 votes=3
356.94 68.65 423.37 172.53 410.75 180.60 344.33 76.71 harbor 0 0.885970 votes=3
222.71 341.76 236.08 350.30 232.73 355.54 219.36 347.00 ship 0 0.837835 votes=3
