522.81 355.11 618.25 346.95 621.13 380.65 525.69 388.80 ship 0 0.999727 votes=3
540.30 444.43 622.81 440.45 624.27 470.76 541.76 474.74 ship 0 0.999666 votes=3
312.22 107.63 315.77 182.06 290.24 183.28 286.69 108.85 ship 0 0.999664 votes=3
658.39 485.27 769.94 479.49 771.73 514.12 660.18 519.89 ship 0 0.999646 votes=3
497.14 490.33 628.88 487.16 629.76 523.84 498.02 527.01 ship 0 0.999639 votes=3
660.60 349.80 754.24 346.76 755.13 374.22 661.49 377.25 ship 0 0.999627 votes=3
657.66 389.60 775.75 386.09 776.87 423.66 658.77 427.17 ship 0 0.999592 votes=3
491.91 264.41 610.56 259.75 612.10 299.13 493.46 303.80 ship 0 0.999507 votes=3
144.97 118.08 146.67 219.11 109.84 219.73 108.15 118.69 ship 0 0.999502 votes=3
659.11 437.39 763.16 436.10 763.57 468.48 659.51 469.77 ship 0 0.999494 votes=3
346.97 212.78 347.15 150.18 371.80 150.25 371.61 212.85 ship 0 0.999461 votes=3
253.71 117.11 265.35 224.30 228.39 228.31 216.74 121.12 ship 0 0.999357 votes=3
532.46 306.48 620.57 306.60 620.52 338.61 532.42 338.49 ship 0 0.999157 votes=3
657.64 216.85 733.96 217.06 733.88 244.28 657.56 244.07 ship 0 0.999100 votes=3
532.62 397.54 624.15 395.84 624.83 432.80 533.30 434.49 ship 0 0.998983 votes=3
719.20 139.72 735.18 538.61 553.30 545.90 537.33 147.00 harbor 0 0.923289 votes=3
16.70 87.78 427.19 92.82 425.63 219.91 15.14 214.87 harbor 0 0.876031 votes=3
