297.68 485.15 358.73 485.68 358.60 501.52 297.55 501.00 ship 0 0.999649 votes=3
293.79 374.56 297.09 426.38 281.27 427.39 277.97 375.57 ship 0 0.999322 votes=3
312.31 373.57 317.04 417.99 302.98 419.49 298.25 375.07 ship 0 0.999211 votes=3
254.46 377.24 254.65 431.76 239.85 431.82 239.65 377.29 ship 0 0.999205 votes=3
515.26 609.27 521.06 669.76 504.52 671.35 498.72 610.86 ship 0 0.999174 votes=3
255.83 585.61 288.55 585.72 288.51 596.96 255.79 596.84 ship 0 0.999033 votes=3
299.44 568.39 349.53 568.26 349.57 583.93 299.48 584.06 ship 0 0.998915 votes=3
412.74 553.96 462.01 553.83 462.05 567.91 412.78 568.05 ship 0 0.998890 votes=3
301.33 548.03 350.74 549.88 350.21 564.17 300.79 562.32 ship 0 0.998769 votes=3
246.78 565.29 289.66 566.31 289.33 580.22 246.45 579.20 ship 0 0.998757 votes=3
407.87 631.51 453.07 636.52 451.44 651.28 406.23 646.27 ship 0 0.998686 votes=3
298.71 627.14 352.47 632.48 350.90 648.20 297.15 642.86 ship 0 0.998680 votes=3
300.00 588.64 346.05 590.89 345.38 604.58 299.33 602.34 ship 0 0.998581 votes=3
301.60 528.87 349.73 529.23 349.62 544.48 301.49 544.12 ship 0 0.998509 votes=3
300.41 610.51 344.87 610.82 344.78 623.61 300.32 623.31 ship 0 0.998363 votes=3
127.69 114.90 157.78 112.46 158.68 123.67 128.60 126.11 ship 0 0.998289 votes=3
133.88 250.93 165.28 249.75 165.72 261.26 134.31 262.44 ship 0 0.998226 votes=3
245.76 545.01 289.66 545.07 289.64 559.31 245.74 559.25 ship 0 0.998209 votes=3
192.48 380.78 192.80 418.69 179.35 418.80 179.03 380.89 ship 0 0.998203 votes=3
417.35 531.82 461.50 534.21 460.80 547.20 416.65 544.81 ship 0 0.997933 votes=3
318.16 280.10 349.38 279.25 349.69 290.31 318.47 291.16 ship 0 0.997700 votes=3
264.60 505.33 293.26 505.40 293.23 514.38 264.58 514.30 ship 0 0.997402 votes=3
129.26 128.36 158.44 126.50 159.17 137.85 129.99 139.72 ship 0 0.997236 votes=3
248.14 604.22 286.28 608.36 285.01 619.99 246.87 615.85 ship 0 0.996981 votes=3
130.34 176.24 161.49 173.51 162.52 185.30 131.37 188.03 ship 0 0.996887 votes=3
127.41 84.63 156.28 83.86 156.54 93.44 127.67 94.21 ship 0 0.996876 votes=3
171.08 679.60 200.08 680.06 199.92 690.29 170.92 689.82 ship 0 0.996685 votes=3
73.98 320.88 102.23 320.32 102.43 330.31 74.18 330.87 ship 0 0.996093 votes=3
135.97 267.52 164.31 266.45 164.69 276.63 136.36 277.69 ship 0 0.995917 votes=3
65.74 140.88 89.54 140.19 89.81 149.60 66.02 150.29 ship 0 0.995902 votes=3
128.06 98.66 156.43 97.76 156.76 108.08 128.38 108.99 ship 0 0.994204 votes=3
133.59 206.50 162.83 203.90 163.81 214.84 134.56 217.44 ship 0 0.993965 votes=3
319.86 350.30 363.60 348.53 364.26 364.69 320.52 366.47 ship 0 0.993404 votes=3
64.11 112.43 90.16 111.59 90.43 120.28 64.39 121.11 ship 0 0.993337 votes=3
213.81 379.74 213.85 420.44 200.64 420.45 200.60 379.75 ship 0 0.993171 votes=3
471.05 707.18 505.01 707.28 504.98 717.77 471.02 717.67 ship 0 0.992911 votes=3
426.53 572.59 457.62 572.86 457.48 589.22 426.39 588.95 ship 0 0.991997 votes=3
317.62 262.95 345.44 261.86 345.85 272.50 318.04 273.59 ship 0 0.991969 votes=3
135.87 160.16 158.70 160.02 158.75 169.36 135.93 169.50 ship 0 0.991907 votes=3
134.58 236.53 164.69 235.76 164.97 246.58 134.85 247.35 ship 0 0.990995 votes=3
78.04 373.63 103.41 373.04 103.63 382.41 78.26 383.01 ship 0 0.990255 votes=3
61.01 86.22 85.40 84.89 85.86 93.33 61.47 94.66 ship 0 0.989749 votes=3
67.92 197.51 92.61 193.94 93.79 202.10 69.10 205.67 ship 0 0.989010 votes=3
144.91 358.52 171.00 356.92 171.57 366.23 145.48 367.83 ship 0 0.987384 votes=3
301.17 653.43 324.79 656.04 323.75 665.47 300.13 662.86 ship 0 0.986874 votes=3
132.39 144.59 156.73 144.42 156.79 153.82 132.45 153.98 ship 0 0.986595 votes=3
148.12 371.27 173.03 371.51 172.94 381.13 148.02 380.89 ship 0 0.986296 votes=3
133.54 310.17 165.68 310.25 165.65 321.71 133.51 321.63 ship 0 0.985745 votes=3
61.80 70.79 84.83 69.57 85.27 77.76 62.23 78.98 ship 0 0.984719 votes=3
67.65 209.77 93.35 208.54 93.82 218.47 68.13 219.69 ship 0 0.982641 votes=3
319.61 131.62 321.96 157.69 310.29 158.74 307.94 132.68 ship 0 0.981807 votes=3
79.13 404.24 101.92 404.83 101.70 413.34 78.91 412.76 ship 0 0.979232 votes=3
139.24 297.12 166.27 296.52 166.50 306.76 139.46 307.36 ship 0 0.975112 votes=3
464.34 673.67 465.12 629.68 477.41 629.90 476.63 673.89 ship 0 0.974565 votes=3
377.67 698.64 397.52 701.57 396.35 709.51 376.50 706.59 ship 0 0.973330 votes=3
69.73 252.81 93.63 252.35 93.80 261.19 69.90 261.66 ship 0 0.967329 votes=3
143.07 343.35 167.75 341.84 168.31 351.05 143.64 352.56 ship 0 0.963058 votes=3
163.60 480.65 206.70 481.96 206.34 493.71 163.24 492.40 ship 0 0.959022 votes=3
247.54 663.68 249.10 495.11 341.77 495.97 340.21 664.54 harbor 0 0.956086 votes=3
66.02 126.22 88.48 126.21 88.48 135.10 66.03 135.11 ship 0 0.954963 votes=3
322.53 295.08 350.98 294.38 351.23 304.83 322.78 305.52 ship 0 0.950711 votes=3
74.78 336.54 98.05 335.19 98.64 345.29 75.37 346.64 ship 0 0.947256 votes=3
71.26 225.47 92.79 225.15 92.91 232.95 71.38 233.26 ship 0 0.941936 votes=3
71.95 295.26 95.21 294.63 95.44 303.17 72.18 303.80 ship 0 0.936923 votes=3
77.26 351.44 97.39 348.99 98.28 356.26 78.15 358.71 ship 0 0.929739 votes=3
161.89 514.53 197.08 514.76 197.00 527.36 161.81 527.13 ship 0 0.920758 votes=3
67.55 154.41 90.89 153.56 91.23 162.96 67.89 163.81 ship 0 0.920292 votes=3
70.82 238.51 92.27 238.40 92.31 246.89 70.86 246.99 ship 0 0.910762 votes=2
78.22 363.83 101.22 361.58 102.11 370.62 79.11 372.88 ship 0 0.908565 votes=3
61.44 100.57 83.79 98.22 84.60 105.96 62.25 108.30 ship 0 0.879965 votes=3
149.59 28.19 154.00 37.26 147.52 40.41 143.11 31.34 vehicle 0 0.876719 votes=3
86.42 62.38 105.73 433.54 70.51 435.37 51.20 64.21 harbor 0 0.867315 votes=3
68.11 182.90 89.28 183.06 89.22 191.17 68.04 191.01 ship 0 0.862413 votes=3
136.49 281.91 163.08 281.13 163.37 290.84 136.77 291.62 ship 0 0.855099 votes=3
158.11 642.62 159.54 477.47 195.32 477.77 193.89 642.92 harbor 0 0.841447 votes=3
77.78 389.14 99.82 388.93 99.91 398.65 77.88 398.86 ship 0 0.836118 votes=3
231.07 687.41 248.78 687.78 248.63 695.08 230.92 694.72 ship 0 0.832383 votes=3
472.10 606.87 472.71 625.00 465.18 625.25 464.57 607.12 ship 0 0.828635 votes=3
172.34 620.33 190.30 620.53 190.15 633.26 172.19 633.06 ship 0 0.825255 votes=3
317.54 250.90 338.82 250.67 338.91 259.28 317.63 259.51 ship 0 0.810201 votes=3
71.68 266.20 90.71 266.36 90.64 275.22 71.61 275.07 ship 0 0.794600 votes=3
470.37 530.39 471.91 675.39 412.05 676.03 410.51 531.03 harbor 0 0.764222 votes=3
222.45 644.36 240.90 645.08 240.40 658.13 221.94 657.42 ship 0 0.730254 votes=2
72.88 308.18 92.69 308.09 92.73 316.51 72.92 316.60 ship 0 0.702977 votes=3
520.17 535.39 535.42 688.01 519.24 689.63 503.99 537.01 harbor 0 0.698960 votes=3
159.55 62.10 179.97 394.87 142.86 397.15 122.44 64.38 harbor 0 0.691533 votes=3
355.20 374.55 377.00 393.70 366.72 405.40 344.92 386.25 ship 0 0.680096 votes=3
176.09 562.25 196.20 563.72 195.60 571.94 175.49 570.47 ship 0 0.649311 votes=2
173.52 553.00 196.16 553.14 196.11 562.29 173.47 562.16 ship 0 0.637012 votes=2
