386.89 168.14 446.35 172.33 442.40 228.41 382.94 224.22 storagetank 0 0.998989 votes=3
275.39 98.42 332.69 101.08 330.10 156.96 272.79 154.30 storagetank 0 0.998629 votes=3
463.77 198.14 506.26 200.21 504.42 238.10 461.93 236.04 storagetank 0 0.998426 votes=3
332.85 131.88 391.54 138.75 385.09 193.82 326.40 186.94 storagetank 0 0.998342 votes=3
574.34 216.17 586.77 218.12 584.89 230.11 572.46 228.17 storagetank 0 0.952713 votes=3
564.11 239.86 567.10 227.23 578.96 230.03 575.98 242.66 storagetank 0 0.950178 votes=3
586.77 240.66 600.77 244.88 597.21 256.69 583.21 252.47 storagetank 0 0.944275 votes=3
601.43 218.08 615.42 220.19 613.38 233.68 599.39 231.57 storagetank 0 0.942456 votes=3
464.65 243.49 494.52 245.66 492.42 274.46 462.56 272.29 storagetank 0 0.935364 votes=3
595.30 228.54 609.29 232.23 605.77 245.62 591.78 241.94 storagetank 0 0.933222 votes=3
581.51 205.91 592.86 207.32 591.47 218.56 580.11 217.15 storagetank 0 0.916609 votes=3
751.13 567.74 767.29 578.92 762.88 585.28 746.73 574.10 vehicle 0 0.895761 votes=3
550.20 261.08 552.38 249.38 562.89 251.33 560.71 263.03 storagetank 0 0.847327 votes=2
560.86 238.31 569.98 242.58 565.80 251.52 556.68 247.25 storagetank 0 0.827308 votes=3
583.04 250.74 595.44 255.64 590.91 267.09 578.52 262.20 storagetank 0 0.779933 votes=2
