88.09 232.97 620.64 519.50 570.41 612.87 37.85 326.33 ship 0 0.999517 votes=3
533.57 96.09 585.85 126.07 580.83 134.82 528.56 104.83 vehicle 0 0.997018 votes=3
594.46 324.00 650.21 346.11 646.32 355.91 590.57 333.81 vehicle 0 0.996524 votes=3
330.12 186.65 386.42 215.11 381.45 224.93 325.15 196.47 vehicle 0 0.996004 votes=3
732.03 196.82 745.78 212.34 739.70 217.73 725.95 202.21 vehicle 0 0.994981 votes=3
394.54 22.15 456.13 55.35 451.15 64.58 389.56 31.37 vehicle 0 0.993718 votes=3
476.60 46.26 531.08 75.94 525.81 85.63 471.32 55.95 vehicle 0 0.993233 votes=3
610.36 115.64 671.67 151.33 666.04 160.99 604.74 125.30 vehicle 0 0.990463 votes=3
482.47 263.28 539.31 290.11 534.30 300.72 477.46 273.89 vehicle 0 0.987050 votes=3
538.30 635.58 770.09 718.26 754.09 763.12 522.30 680.45 ship 0 0.986058 votes=3
681.46 371.08 743.24 348.07 747.47 359.41 685.69 382.43 vehicle 0 0.979571 votes=3
451.76 166.40 460.95 193.51 450.60 197.02 441.40 169.91 vehicle 0 0.793811 votes=2
