230.28 407.20 345.03 398.78 347.41 431.14 232.66 439.56 ship 0 0.999730 votes=3
312.33 248.19 397.57 246.16 398.22 273.30 312.98 275.34 ship 0 0.999670 votes=3
313.85 365.09 397.92 365.12 397.91 393.08 313.84 393.05 ship 0 0.999632 votes=3
313.02 286.55 390.78 286.69 390.74 312.23 312.98 312.10 ship 0 0.999591 votes=3
636.14 207.88 724.54 220.08 720.72 247.73 632.33 235.53 ship 0 0.999517 votes=3
528.53 408.84 626.38 409.00 626.33 438.78 528.48 438.61 ship 0 0.999473 votes=3
82.38 251.74 154.73 249.25 155.57 273.62 83.22 276.11 ship 0 0.999471 votes=3
221.49 326.44 305.87 325.73 306.10 353.08 221.72 353.79 ship 0 0.999467 votes=3
507.49 281.90 596.06 288.60 593.95 316.51 505.37 309.81 ship 0 0.999408 votes=3
351.27 69.92 351.58 107.94 338.59 108.05 338.29 70.02 vehicle 0 0.999386 votes=3
489.72 180.20 494.06 109.81 519.13 111.36 514.79 181.75 ship 0 0.999385 votes=3
73.73 217.66 145.60 214.73 146.63 240.03 74.77 242.96 ship 0 0.999382 votes=3
584.04 366.96 682.61 375.53 679.92 406.54 581.35 397.97 ship 0 0.999374 votes=3
510.50 321.83 590.56 329.70 587.99 355.79 507.93 347.91 ship 0 0.999356 votes=3
85.54 320.78 149.57 317.40 150.78 340.37 86.75 343.75 ship 0 0.999334 votes=3
603.33 110.96 606.58 170.51 583.05 171.79 579.81 112.25 ship 0 0.999328 votes=3
96.83 171.66 205.71 170.98 205.91 202.91 97.03 203.58 ship 0 0.999281 votes=3
232.75 294.60 301.57 293.99 301.77 317.38 232.96 317.98 ship 0 0.999239 votes=3
311.77 204.77 403.98 203.09 404.58 236.34 312.37 238.01 ship 0 0.999229 votes=3
86.30 356.32 146.26 353.85 147.15 375.40 87.19 377.88 ship 0 0.999165 votes=3
609.98 103.50 613.61 65.12 631.17 66.78 627.54 105.16 ship 0 0.999149 votes=3
605.94 328.23 717.74 340.69 714.31 371.48 602.51 359.02 ship 0 0.999109 votes=3
220.77 259.03 298.80 248.92 302.02 273.83 223.99 283.94 ship 0 0.999065 votes=3
316.84 327.93 397.69 330.45 396.88 356.53 316.03 354.01 ship 0 0.999044 votes=3
662.77 38.73 755.74 56.21 750.29 85.18 657.32 67.71 ship 0 0.998991 votes=3
82.14 287.21 153.07 284.44 154.00 308.07 83.07 310.84 ship 0 0.998903 votes=3
55.40 390.49 165.51 382.07 167.84 412.46 57.73 420.89 ship 0 0.998824 votes=3
520.73 176.24 527.16 114.45 549.09 116.74 542.67 178.52 ship 0 0.998768 votes=3
633.84 410.58 725.24 421.56 721.58 452.04 630.18 441.07 ship 0 0.998758 votes=3
218.09 215.41 298.65 209.36 300.51 234.09 219.94 240.14 ship 0 0.998702 votes=3
526.69 207.38 603.31 216.48 600.36 241.31 523.74 232.21 ship 0 0.998665 votes=3
619.56 250.19 738.79 262.72 735.28 296.09 616.05 283.56 ship 0 0.998605 votes=3
228.14 369.87 299.21 365.85 300.74 393.06 229.68 397.08 ship 0 0.998554 votes=3
627.98 168.38 746.09 182.02 742.19 215.79 624.08 202.16 ship 0 0.998516 votes=3
508.95 240.78 598.62 252.32 594.70 282.73 505.04 271.19 ship 0 0.998433 votes=3
511.94 354.44 570.95 361.49 568.39 382.98 509.37 375.94 ship 0 0.997982 votes=3
632.66 125.70 733.71 139.08 729.50 170.82 628.46 157.43 ship 0 0.997245 votes=3
563.44 182.72 607.26 189.63 604.49 207.20 560.67 200.29 ship 0 0.995357 votes=3
406.27 205.70 487.95 200.80 489.80 231.56 408.12 236.45 ship 0 0.994463 votes=3
724.62 133.46 770.65 138.35 768.82 155.58 722.79 150.69 ship 0 0.992727 votes=3
388.80 31.61 410.41 61.71 396.51 71.68 374.91 41.59 vehicle 0 0.991862 votes=3
493.93 59.14 589.14 75.06 584.40 103.40 489.19 87.48 ship 0 0.991673 votes=3
34.12 387.07 35.23 287.54 66.56 287.89 65.45 387.42 ship 0 0.990103 votes=3
633.60 105.07 634.96 64.07 654.80 64.73 653.44 105.72 ship 0 0.986358 votes=3
653.18 80.30 777.61 94.05 774.21 124.83 649.78 111.08 ship 0 0.983466 votes=3
604.94 286.08 732.44 301.23 728.40 335.26 600.89 320.11 ship 0 0.969420 votes=3
401.23 117.63 405.88 402.01 228.40 404.91 223.75 120.54 harbor 0 0.952152 votes=3
280.72 51.78 307.30 36.16 314.86 49.04 288.28 64.65 vehicle 0 0.932047 votes=3
464.10 409.16 474.91 41.32 765.91 49.88 755.09 417.71 harbor 0 0.926262 votes=3
513.27 382.16 560.75 386.89 558.82 406.28 511.34 401.55 ship 0 0.909777 votes=3
548.54 165.60 550.03 117.89 574.03 118.64 572.54 166.35 ship 0 0.890522 votes=3
360.15 398.24 395.30 399.81 394.76 411.82 359.62 410.26 ship 0 0.858365 votes=3
148.66 201.92 152.18 392.51 60.84 394.20 57.33 203.60 harbor 0 0.831148 votes=3
58.72 207.19 67.67 283.81 41.13 286.91 32.19 210.28 ship 0 0.815945 votes=2
538.96 206.41 540.89 175.88 555.93 176.83 554.00 207.36 ship 0 0.745038 votes=3
