320.46 261.03 327.21 179.51 365.80 182.71 359.05 264.22 tenniscourt 0 0.999073 votes=3
166.65 336.05 744.02 370.25 725.03 690.80 147.66 656.60 groundtrackfield 0 0.999055 votes=3
271.23 258.42 276.97 175.88 315.57 178.56 309.84 261.10 tenniscourt 0 0.998998 votes=3
518.48 276.97 525.03 194.95 563.01 197.98 556.47 280.00 tenniscourt 0 0.998876 votes=3
221.55 254.72 227.33 171.96 265.67 174.64 259.89 257.40 tenniscourt 0 0.998873 votes=3
370.06 265.71 375.88 184.13 415.35 186.94 409.53 268.53 tenniscourt 0 0.998658 votes=3
419.65 269.72 425.74 187.19 464.33 190.03 458.24 272.56 tenniscourt 0 0.998646 votes=3
567.95 281.11 573.85 199.22 612.85 202.03 606.95 283.92 tenniscourt 0 0.998581 votes=3
468.90 273.42 474.85 191.41 514.10 194.25 508.16 276.27 tenniscourt 0 0.998533 votes=3
462.45 775.20 466.40 707.44 501.59 709.49 497.64 777.25 basketballcourt 0 0.997046 votes=3
519.15 778.12 523.31 711.71 557.21 713.83 553.05 780.25 basketballcourt 0 0.975198 votes=3
