179.18 190.29 345.07 199.36 340.46 283.80 174.57 274.73 Expressway-toll-station 0 0.999544 votes=3
483.05 516.56 484.47 433.58 565.70 434.98 564.28 517.95 Expressway-toll-station 0 0.996573 votes=3
517.48 718.29 518.00 741.30 507.71 741.53 507.19 718.52 vehicle 0 0.994792 votes=3
408.55 259.31 410.69 229.46 420.45 230.16 418.31 260.01 vehicle 0 0.988316 votes=3
520.09 134.93 520.11 155.05 510.62 155.06 510.60 134.94 vehicle 0 0.974508 votes=3
28.06 676.92 30.36 698.33 20.16 699.42 17.86 678.02 vehicle 0 0.967253 votes=3
537.67 626.18 537.67 647.83 527.98 647.84 527.97 626.18 vehicle 0 0.967065 votes=3
357.05 677.59 357.53 655.94 366.56 656.14 366.08 677.79 vehicle 0 0.966107 votes=3
516.94 632.62 517.60 650.69 508.96 651.01 508.29 632.94 vehicle 0 0.955020 votes=3
382.26 698.25 382.47 737.45 369.51 737.52 369.30 698.32 vehicle 0 0.910432 votes=3
408.28 697.31 409.48 716.81 401.75 717.28 400.55 697.79 vehicle 0 0.907262 votes=3
542.09 386.49 542.75 410.54 534.29 410.77 533.63 386.72 vehicle 0 0.898599 votes=3
74.99 675.53 77.60 694.27 68.55 695.52 65.94 676.78 vehicle 0 0.871291 votes=3
63.00 677.48 63.63 695.57 54.12 695.90 53.49 677.81 vehicle 0 0.837343 votes=2
364.96 430.42 365.20 408.51 374.06 408.61 373.82 430.51 vehicle 0 0.836193 votes=3
306.22 592.60 468.36 597.00 467.93 612.81 305.79 608.40 overpass 0 0.729091 votes=2
