541.19 615.94 609.71 637.14 604.83 652.91 536.31 631.72 ship 0 0.999091 votes=3
531.69 485.65 611.57 512.49 605.86 529.51 525.97 502.66 ship 0 0.998981 votes=3
547.32 442.09 611.40 464.30 606.37 478.84 542.28 456.63 ship 0 0.998925 votes=3
349.27 690.61 383.16 738.80 371.11 747.28 337.22 699.09 ship 0 0.998856 votes=3
554.61 666.11 609.01 685.25 604.13 699.12 549.73 679.99 ship 0 0.998854 votes=3
335.02 346.52 392.80 364.19 388.69 377.64 330.91 359.97 ship 0 0.998811 votes=3
446.85 539.38 488.90 527.19 492.50 539.59 450.44 551.79 ship 0 0.998603 votes=3
531.53 413.09 608.30 430.54 604.58 446.89 527.81 429.44 ship 0 0.998154 votes=3
537.15 719.82 538.20 785.65 522.73 785.90 521.67 720.07 ship 0 0.998129 votes=3
347.36 289.16 394.81 303.01 390.92 316.35 343.47 302.50 ship 0 0.997807 votes=3
448.48 721.26 498.43 721.22 498.45 733.93 448.49 733.97 ship 0 0.997677 votes=3
597.26 800.16 597.50 719.30 616.08 719.35 615.84 800.21 ship 0 0.997677 votes=3
529.87 511.92 612.79 535.05 607.67 553.38 524.75 530.25 ship 0 0.997463 votes=3
518.97 463.24 611.52 482.40 607.87 500.05 515.31 480.90 ship 0 0.997323 votes=3
572.22 798.83 573.57 716.65 591.72 716.95 590.36 799.13 ship 0 0.997320 votes=3
348.81 718.60 349.92 786.11 334.92 786.35 333.80 718.85 ship 0 0.997172 votes=3
444.77 600.45 478.66 589.29 481.84 598.95 447.94 610.10 ship 0 0.996920 votes=3
350.02 320.85 397.52 332.49 394.32 345.57 346.82 333.92 ship 0 0.996106 votes=3
308.70 715.02 308.97 775.16 293.82 775.23 293.56 715.09 ship 0 0.995924 votes=3
447.27 614.56 483.29 602.01 486.93 612.45 450.90 624.99 ship 0 0.995817 votes=3
446.60 522.97 485.17 511.56 488.52 522.87 449.94 534.27 ship 0 0.994924 votes=3
345.09 608.51 346.10 658.60 332.96 658.87 331.96 608.77 ship 0 0.994180 votes=3
319.96 604.17 320.37 527.37 335.50 527.45 335.09 604.25 ship 0 0.993827 votes=3
456.21 634.20 502.39 633.26 502.65 645.59 456.46 646.53 ship 0 0.993369 votes=3
330.64 711.75 330.67 785.37 315.26 785.38 315.23 711.76 ship 0 0.989806 votes=3
538.19 563.81 617.05 586.69 609.53 612.60 530.67 589.71 ship 0 0.989785 votes=3
546.51 595.72 612.95 619.46 608.22 632.71 541.77 608.98 ship 0 0.986844 votes=3
546.10 637.41 617.27 664.57 611.17 680.53 540.01 653.37 ship 0 0.983706 votes=3
178.87 36.96 179.73 86.24 164.86 86.51 163.99 37.22 ship 0 0.978068 votes=3
586.57 242.92 601.19 259.07 595.97 263.79 581.35 247.65 ship 0 0.971457 votes=3
671.17 565.63 721.67 565.79 721.64 577.18 671.13 577.02 ship 0 0.971187 votes=3
179.65 87.73 181.11 129.70 169.99 130.09 168.54 88.12 ship 0 0.968546 votes=3
181.40 2.66 181.81 39.63 170.92 39.75 170.51 2.78 ship 0 0.941375 votes=3
182.48 132.02 182.84 169.43 172.72 169.53 172.36 132.12 ship 0 0.936488 votes=3
447.44 577.54 470.08 569.19 472.81 576.58 450.17 584.93 ship 0 0.930021 votes=3
369.94 744.57 370.42 790.48 357.69 790.61 357.21 744.70 ship 0 0.891409 votes=3
585.51 385.33 587.12 285.29 613.42 285.72 611.81 385.75 ship 0 0.873696 votes=3
620.77 31.93 629.12 14.38 635.29 17.32 626.95 34.86 vehicle 0 0.815324 votes=3
368.95 680.64 414.59 680.43 414.65 693.17 369.01 693.38 ship 0 0.807654 votes=3
447.18 555.38 467.69 551.56 469.80 562.86 449.29 566.68 ship 0 0.791375 votes=2
170.52 132.09 170.67 161.77 163.69 161.81 163.53 132.13 ship 0 0.709518 votes=3
280.58 783.65 286.30 239.94 520.83 242.41 515.11 786.12 harbor 0 0.696764 votes=3
