212.14 82.30 212.83 219.31 80.77 219.98 80.08 82.96 baseballfield 0 0.999560 votes=3
677.03 592.64 677.61 670.75 634.47 671.07 633.88 592.96 basketballcourt 0 0.999492 votes=3
540.17 592.75 540.33 670.46 496.56 670.55 496.40 592.84 basketballcourt 0 0.999471 votes=3
71.88 560.22 73.27 447.24 185.62 448.62 184.22 561.60 baseballfield 0 0.999469 votes=3
754.26 422.64 754.40 353.39 787.92 353.46 787.78 422.71 tenniscourt 0 0.999426 votes=3
587.38 671.38 587.65 593.52 630.75 593.67 630.48 671.53 basketballcourt 0 0.999402 votes=3
585.90 592.68 586.57 670.73 544.65 671.09 543.98 593.04 basketballcourt 0 0.999341 votes=3
753.62 527.05 753.86 457.59 787.68 457.71 787.44 527.17 tenniscourt 0 0.999327 votes=3
706.75 48.66 709.39 578.39 475.47 579.56 472.84 49.82 groundtrackfield 0 0.999250 votes=3
214.50 583.24 236.45 582.82 236.58 589.70 214.63 590.13 vehicle 0 0.971208 votes=3
175.64 598.64 176.10 615.96 169.27 616.14 168.81 598.83 vehicle 0 0.922346 votes=3
28.53 467.33 29.68 481.90 23.64 482.38 22.48 467.81 vehicle 0 0.733153 votes=3
269.58 736.68 283.26 736.11 283.51 741.97 269.83 742.55 vehicle 0 0.679222 votes=3
225.50 602.92 225.55 617.91 219.29 617.93 219.24 602.94 vehicle 0 0.640427 votes=2
29.26 311.16 31.04 324.51 24.19 325.42 22.41 312.07 vehicle 0 0.638318 votes=2
