306.34 31.77 459.39 36.19 455.10 184.61 302.05 180.19 baseballfield 0 0.999647 votes=3
467.02 603.40 473.00 737.50 408.88 740.35 402.90 606.26 basketballcourt 0 0.999290 votes=3
184.37 10.42 184.52 37.21 173.48 37.27 173.32 10.48 vehicle 0 0.998698 votes=3
730.71 169.33 754.24 170.17 753.86 180.66 730.34 179.82 vehicle 0 0.998397 votes=3
378.56 597.25 383.64 721.20 324.76 723.62 319.68 599.66 tenniscourt 0 0.997373 votes=3
729.80 153.40 754.43 154.11 754.15 163.99 729.52 163.28 vehicle 0 0.996372 votes=3
732.31 192.68 755.30 196.15 753.88 205.54 730.89 202.07 vehicle 0 0.995563 votes=3
243.23 616.89 244.37 639.05 232.90 639.64 231.75 617.49 vehicle 0 0.993012 votes=3
170.48 256.18 197.81 256.06 197.85 266.78 170.53 266.90 vehicle 0 0.991950 votes=3
170.89 270.78 191.92 271.42 191.65 280.08 170.63 279.44 vehicle 0 0.982886 votes=3
260.87 74.73 260.94 97.37 250.12 97.40 250.05 74.77 vehicle 0 0.973990 votes=3
245.79 748.85 246.88 773.08 234.72 773.63 233.63 749.40 vehicle 0 0.941268 votes=3
