369.88 330.30 372.96 389.43 350.95 390.57 347.87 331.44 ship 0 0.999659 votes=3
534.54 374.55 534.70 312.39 556.28 312.45 556.12 374.61 ship 0 0.999648 votes=3
708.72 302.09 709.12 368.79 687.08 368.92 686.68 302.22 ship 0 0.999577 votes=3
396.10 157.20 404.28 220.88 381.88 223.76 373.70 160.07 ship 0 0.999575 votes=3
106.51 26.24 106.95 58.57 94.15 58.75 93.72 26.41 vehicle 0 0.999567 votes=3
223.16 426.22 227.74 475.75 209.94 477.40 205.36 427.87 ship 0 0.999542 votes=3
330.61 160.01 333.86 234.78 309.69 235.83 306.44 161.06 ship 0 0.999531 votes=3
400.04 328.13 407.78 384.03 386.24 387.01 378.50 331.12 ship 0 0.999495 votes=3
766.20 122.35 766.31 192.81 741.56 192.85 741.46 122.39 ship 0 0.999494 votes=3
360.65 155.85 364.74 216.81 341.23 218.39 337.14 157.43 ship 0 0.999493 votes=3
283.02 417.66 287.77 470.21 270.27 471.79 265.52 419.24 ship 0 0.999472 votes=3
647.80 316.54 650.28 369.43 631.10 370.33 628.62 317.44 ship 0 0.999451 votes=3
99.40 430.94 105.24 487.06 86.18 489.04 80.34 432.92 ship 0 0.999443 votes=3
716.67 399.02 716.73 437.97 700.44 438.00 700.37 399.05 ship 0 0.999442 votes=3
654.84 400.01 655.36 442.38 639.81 442.57 639.29 400.20 ship 0 0.999412 votes=3
637.14 570.67 637.31 526.41 653.19 526.47 653.02 570.73 ship 0 0.999411 votes=3
319.05 412.47 319.70 462.26 301.33 462.50 300.67 412.71 ship 0 0.999297 votes=3
588.06 313.15 589.27 373.22 568.78 373.64 567.57 313.56 ship 0 0.999212 votes=3
664.56 131.65 669.73 208.71 644.76 210.39 639.59 133.33 ship 0 0.999144 votes=3
302.88 328.29 312.54 389.25 292.52 392.42 282.87 331.46 ship 0 0.999135 votes=3
265.92 156.64 266.11 231.05 243.91 231.11 243.72 156.70 ship 0 0.999133 votes=3
248.64 418.98 248.86 470.60 231.76 470.67 231.54 419.05 ship 0 0.999112 votes=3
250.72 42.27 276.45 42.67 276.28 53.47 250.55 53.07 vehicle 0 0.999077 votes=3
127.68 429.62 128.31 481.98 109.01 482.21 108.38 429.85 ship 0 0.999069 votes=3
464.35 153.61 465.04 184.76 453.01 185.02 452.32 153.87 ship 0 0.999024 votes=3
679.81 387.97 683.84 442.83 665.99 444.15 661.96 389.29 ship 0 0.998977 votes=3
686.08 570.01 686.39 531.42 702.43 531.55 702.11 570.15 ship 0 0.998950 votes=3
754.33 524.95 756.15 565.71 740.27 566.42 738.45 525.66 ship 0 0.998918 votes=3
452.42 539.89 452.68 584.78 436.93 584.87 436.67 539.99 ship 0 0.998911 votes=3
502.89 538.82 508.95 587.41 489.43 589.84 483.38 541.26 ship 0 0.998873 votes=3
30.26 172.22 34.16 239.68 7.86 241.20 3.97 173.74 ship 0 0.998802 votes=3
757.27 353.99 761.87 294.33 779.90 295.72 775.30 355.38 ship 0 0.998794 votes=3
492.23 412.35 492.80 445.68 478.19 445.93 477.62 412.60 ship 0 0.998734 votes=3
287.73 595.03 289.62 551.75 305.54 552.45 303.65 595.73 ship 0 0.998664 votes=3
66.28 430.17 67.96 479.24 50.45 479.84 48.77 430.77 ship 0 0.998641 votes=3
146.35 472.92 147.13 434.42 161.81 434.71 161.03 473.21 ship 0 0.998581 votes=3
739.24 398.32 739.35 434.31 724.42 434.36 724.31 398.37 ship 0 0.998460 votes=3
199.57 166.41 200.58 226.69 178.63 227.06 177.61 166.78 ship 0 0.998376 votes=3
426.94 551.37 427.30 584.73 413.22 584.88 412.86 551.52 ship 0 0.998332 votes=3
51.11 222.13 51.18 187.70 65.35 187.73 65.28 222.16 ship 0 0.997901 votes=3
760.79 423.32 760.92 389.80 775.09 389.85 774.97 423.37 ship 0 0.997823 votes=3
732.58 524.89 733.92 565.73 716.65 566.30 715.30 525.46 ship 0 0.997811 votes=3
33.70 580.16 36.68 614.87 22.05 616.13 19.06 581.41 ship 0 0.997620 votes=3
153.20 572.72 153.40 610.34 138.08 610.42 137.88 572.81 ship 0 0.997612 votes=3
629.50 535.50 629.86 571.91 614.52 572.06 614.17 535.65 ship 0 0.997537 votes=3
378.42 553.40 381.32 595.25 365.79 596.32 362.90 554.48 ship 0 0.997413 votes=3
162.23 164.75 166.87 235.36 142.79 236.94 138.15 166.33 ship 0 0.997277 votes=3
349.51 555.89 349.68 589.74 336.43 589.81 336.25 555.96 ship 0 0.997257 votes=3
366.68 421.24 372.34 454.90 357.13 457.46 351.47 423.80 ship 0 0.996982 votes=3
679.52 529.44 679.81 573.70 663.64 573.80 663.36 529.54 ship 0 0.996916 votes=3
275.88 556.20 283.03 601.20 270.26 603.23 263.11 558.23 ship 0 0.996890 votes=3
597.24 147.88 597.55 181.75 583.97 181.88 583.66 148.01 ship 0 0.996786 votes=3
589.78 397.72 591.05 431.97 575.59 432.55 574.32 398.29 ship 0 0.996558 votes=3
416.75 156.11 421.33 188.37 407.60 190.32 403.01 158.06 ship 0 0.995664 votes=3
600.87 539.68 601.43 572.26 587.15 572.51 586.60 539.93 ship 0 0.995389 votes=3
204.64 560.83 205.31 599.95 188.61 600.24 187.93 561.12 ship 0 0.995349 votes=3
29.07 683.66 31.21 708.91 18.89 709.95 16.74 684.70 vehicle 0 0.994902 votes=3
176.50 564.32 183.40 602.04 167.94 604.87 161.04 567.14 ship 0 0.994835 votes=3
95.44 362.18 96.79 396.98 82.61 397.53 81.26 362.73 ship 0 0.994772 votes=3
224.00 172.46 224.01 213.93 206.85 213.93 206.85 172.47 ship 0 0.994612 votes=3
479.27 545.32 482.60 583.91 465.90 585.35 462.56 546.76 ship 0 0.994547 votes=3
90.68 175.23 93.12 228.91 76.01 229.69 73.57 176.01 ship 0 0.994360 votes=3
282.64 38.82 304.94 27.17 310.74 38.27 288.44 49.92 vehicle 0 0.994283 votes=3
552.73 542.01 553.05 580.50 537.46 580.62 537.15 542.13 ship 0 0.993862 votes=3
330.72 557.85 331.59 592.10 316.11 592.50 315.23 558.25 ship 0 0.989081 votes=3
347.45 434.25 347.86 458.59 335.69 458.79 335.28 434.46 ship 0 0.981707 votes=3
530.35 546.25 531.70 580.78 517.49 581.33 516.15 546.80 ship 0 0.974499 votes=3
87.36 614.50 87.45 583.16 98.73 583.20 98.64 614.53 ship 0 0.972476 votes=3
33.88 349.28 773.67 297.76 783.22 434.91 43.43 486.43 harbor 0 0.971232 votes=3
5.31 163.69 775.66 110.32 781.89 200.19 11.53 253.56 harbor 0 0.955024 votes=3
139.28 228.73 169.26 227.96 169.58 240.57 139.61 241.34 ship 0 0.842950 votes=2
4.19 577.32 777.76 515.27 782.55 574.90 8.97 636.96 harbor 0 0.832081 votes=3
