526.20 235.33 526.47 269.16 514.14 269.26 513.87 235.43 vehicle 0 0.999685 votes=3
543.63 722.44 545.34 746.86 535.05 747.58 533.34 723.16 vehicle 0 0.999145 votes=3
397.06 308.67 397.86 337.98 386.36 338.29 385.57 308.98 vehicle 0 0.998858 votes=3
573.45 242.77 578.57 496.00 480.82 497.98 475.70 244.74 overpass 0 0.998044 votes=3
583.01 355.78 625.37 355.04 625.64 371.16 583.29 371.89 vehicle 0 0.997846 votes=3
440.49 248.69 445.69 486.14 338.40 488.49 333.20 251.04 overpass 0 0.997210 votes=3
531.21 454.20 531.96 480.04 521.06 480.36 520.30 454.52 vehicle 0 0.994314 votes=3
407.44 89.40 408.04 114.78 394.88 115.10 394.28 89.72 vehicle 0 0.991350 votes=3
517.00 649.20 517.93 678.62 505.07 679.03 504.14 649.60 vehicle 0 0.988128 votes=3
397.32 454.71 397.92 479.52 387.30 479.78 386.70 454.96 vehicle 0 0.974141 votes=3
426.23 744.43 426.34 773.44 417.13 773.47 417.03 744.46 vehicle 0 0.934432 votes=3
553.24 513.05 553.59 535.01 542.42 535.18 542.08 513.22 vehicle 0 0.885906 votes=3
