172.59 505.44 287.58 500.54 289.24 539.33 174.24 544.24 ship 0 0.999681 votes=3
167.26 457.60 279.78 453.94 281.11 494.77 168.58 498.43 ship 0 0.999676 votes=3
54.18 548.69 135.86 536.38 140.17 565.00 58.50 577.31 ship 0 0.999632 votes=3
44.10 596.85 133.25 569.42 143.32 602.13 54.17 629.57 ship 0 0.999562 votes=3
223.83 548.01 300.76 545.58 301.65 573.96 224.73 576.39 ship 0 0.999525 votes=3
467.86 437.14 581.14 450.68 576.33 490.93 463.05 477.39 ship 0 0.999510 votes=3
638.79 260.01 711.77 273.49 706.54 301.78 633.57 288.30 ship 0 0.999098 votes=3
611.55 373.84 697.85 397.57 689.61 427.54 603.31 403.81 ship 0 0.998900 votes=3
462.65 453.71 522.92 102.20 737.96 139.08 677.68 490.59 harbor 0 0.930453 votes=3
250.41 335.78 254.40 583.52 108.25 585.88 104.26 338.13 harbor 0 0.846764 votes=3
