490.62 718.11 490.85 751.26 478.58 751.34 478.36 718.20 vehicle 0 0.999655 votes=3
458.83 149.82 459.18 294.67 391.23 294.83 390.88 149.99 tenniscourt 0 0.999050 votes=3
371.47 371.05 371.74 516.35 302.53 516.48 302.26 371.18 tenniscourt 0 0.998898 votes=3
370.36 150.69 371.29 295.21 302.87 295.66 301.93 151.13 tenniscourt 0 0.998561 votes=3
282.65 150.83 283.11 296.15 215.23 296.36 214.78 151.04 tenniscourt 0 0.998526 votes=3
459.97 369.55 460.50 516.11 391.70 516.36 391.16 369.80 tenniscourt 0 0.998517 votes=3
455.46 712.96 455.83 742.18 444.65 742.32 444.27 713.10 vehicle 0 0.998274 votes=3
548.17 369.54 549.16 515.96 479.54 516.44 478.54 370.01 tenniscourt 0 0.998223 votes=3
283.61 370.60 283.70 516.72 214.29 516.76 214.21 370.64 tenniscourt 0 0.998159 votes=3
546.37 150.00 547.63 293.74 478.94 294.35 477.67 150.60 tenniscourt 0 0.998028 votes=3
