249.59 557.60 585.00 357.61 719.22 582.72 383.81 782.70 Expressway-Service-area 0 0.997950 votes=3
391.92 512.73 416.48 498.18 420.54 505.03 395.98 519.58 vehicle 0 0.995917 votes=3
-2.55 300.60 268.72 134.32 402.73 352.94 131.46 519.22 Expressway-Service-area 0 0.994341 votes=3
695.43 166.40 751.30 258.94 740.61 265.39 684.74 172.85 overpass 0 0.993545 votes=3
248.53 337.54 275.27 322.07 278.88 328.31 252.13 343.78 vehicle 0 0.986669 votes=3
535.10 308.33 573.11 285.60 577.42 292.81 539.41 315.54 vehicle 0 0.981307 votes=3
281.29 378.31 315.56 355.40 321.18 363.79 286.91 386.71 vehicle 0 0.972522 votes=3
580.02 366.41 595.68 351.93 599.81 356.39 584.16 370.88 vehicle 0 0.968423 votes=3
359.21 532.89 374.50 524.08 377.89 529.96 362.59 538.77 vehicle 0 0.865129 votes=3
174.13 391.02 176.22 370.76 183.27 371.48 181.18 391.75 vehicle 0 0.852495 votes=3
295.82 279.09 311.64 289.15 308.87 293.50 293.05 283.45 vehicle 0 0.798199 votes=3
