98.36 493.45 164.03 491.18 164.66 509.57 98.99 511.84 ship 0 0.999403 votes=3
91.85 184.77 150.44 181.04 151.62 199.60 93.03 203.33 ship 0 0.999302 votes=3
98.49 227.61 146.82 227.31 146.93 244.55 98.60 244.85 ship 0 0.999261 votes=3
95.75 317.32 146.91 317.01 147.02 334.05 95.85 334.36 ship 0 0.999153 votes=3
95.28 341.60 146.83 341.59 146.83 356.60 95.28 356.61 ship 0 0.999070 votes=3
99.98 450.62 156.90 450.62 156.90 468.21 99.98 468.21 ship 0 0.999045 votes=3
98.43 274.92 138.00 274.87 138.02 289.68 98.44 289.73 ship 0 0.998600 votes=3
97.56 297.16 142.18 298.06 141.90 312.36 97.27 311.47 ship 0 0.998008 votes=3
107.89 407.57 150.90 408.60 150.55 423.24 107.54 422.20 ship 0 0.997979 votes=3
102.35 207.43 137.18 207.96 137.01 218.91 102.18 218.38 ship 0 0.996951 votes=3
44.13 544.41 86.10 543.56 86.42 559.18 44.45 560.03 ship 0 0.996420 votes=3
51.58 413.93 81.45 410.84 82.51 421.06 52.64 424.16 ship 0 0.996226 votes=3
57.08 518.48 84.08 518.29 84.17 530.84 57.16 531.02 ship 0 0.990399 votes=3
112.55 542.26 154.14 541.91 154.24 554.10 112.65 554.45 ship 0 0.988945 votes=3
145.26 86.54 156.13 581.99 45.91 584.41 35.04 88.96 harbor 0 0.960340 votes=3
