168.19 364.83 172.70 523.87 96.87 526.02 92.35 366.98 tenniscourt 0 0.999598 votes=3
565.43 98.36 573.00 257.92 498.24 261.46 490.67 101.91 tenniscourt 0 0.999578 votes=3
156.47 118.60 161.40 277.57 85.86 279.92 80.92 120.95 tenniscourt 0 0.999546 votes=3
453.76 104.38 459.40 263.76 384.41 266.41 378.77 107.04 tenniscourt 0 0.999534 votes=3
464.34 349.31 470.86 509.71 396.73 512.72 390.21 352.33 tenniscourt 0 0.999526 votes=3
246.56 114.50 252.02 273.50 177.17 276.07 171.71 117.07 tenniscourt 0 0.999519 votes=3
360.59 107.34 367.64 267.51 291.39 270.87 284.34 110.70 tenniscourt 0 0.999511 votes=3
258.00 359.48 265.04 519.03 190.70 522.32 183.65 362.76 tenniscourt 0 0.999511 votes=3
579.49 345.80 584.47 504.54 508.97 506.91 503.99 348.17 tenniscourt 0 0.999509 votes=3
371.90 354.05 378.62 513.06 303.02 516.25 296.30 357.24 tenniscourt 0 0.999507 votes=3
671.25 341.00 677.81 499.94 602.91 503.03 596.36 344.09 tenniscourt 0 0.999507 votes=3
658.97 93.57 665.66 254.73 590.61 257.84 583.92 96.69 tenniscourt 0 0.999416 votes=3
