100.43 203.08 247.49 204.31 246.42 331.09 99.36 329.86 airplane 0 0.999722 votes=3
95.18 360.66 267.10 364.18 264.28 502.32 92.36 498.80 airplane 0 0.999718 votes=3
106.57 11.48 279.10 13.42 277.26 176.78 104.73 174.83 airplane 0 0.999713 votes=3
303.32 133.36 303.87 9.27 412.03 9.75 411.48 133.84 airplane 0 0.999708 votes=3
533.06 8.52 534.02 130.27 429.46 131.09 428.50 9.34 airplane 0 0.999706 votes=3
779.28 10.03 780.38 134.69 672.11 135.64 671.01 10.99 airplane 0 0.999688 votes=3
655.14 9.31 655.47 134.51 549.99 134.78 549.66 9.59 airplane 0 0.999683 votes=3
624.27 713.37 724.97 605.10 818.41 692.00 717.70 800.28 airplane 0 0.999674 votes=3
219.85 320.36 234.30 330.14 230.64 335.55 216.19 325.77 vehicle 0 0.955758 votes=3
116.37 205.99 118.36 234.09 109.37 234.73 107.37 206.63 vehicle 0 0.898023 votes=3
311.05 13.61 319.90 4.25 324.56 8.66 315.71 18.01 vehicle 0 0.874096 votes=3
310.51 31.93 318.92 20.94 324.24 25.01 315.83 36.00 vehicle 0 0.861375 votes=3
