578.69 260.25 642.41 258.58 642.96 279.57 579.23 281.23 ship 0 0.999516 votes=3
78.18 302.55 128.53 291.77 132.11 308.53 81.77 319.30 ship 0 0.999516 votes=3
86.34 383.15 134.88 377.01 137.08 394.35 88.54 400.49 ship 0 0.999478 votes=3
27.56 264.16 61.89 257.72 64.22 270.17 29.90 276.61 ship 0 0.999293 votes=3
28.80 350.49 74.40 338.94 78.07 353.44 32.47 364.99 ship 0 0.999287 votes=3
242.34 67.62 253.21 123.67 233.70 127.45 222.83 71.40 ship 0 0.999236 votes=3
469.84 40.53 470.33 92.71 453.43 92.87 452.95 40.69 ship 0 0.999209 votes=3
76.31 278.23 123.64 272.38 125.94 290.98 78.61 296.83 ship 0 0.999208 votes=3
357.86 56.21 388.78 56.04 388.84 67.13 357.92 67.30 ship 0 0.999189 votes=3
92.16 423.02 134.23 419.09 135.78 435.75 93.71 439.67 ship 0 0.999160 votes=3
257.72 268.16 299.78 268.05 299.82 282.05 257.76 282.15 ship 0 0.999134 votes=3
278.98 196.44 339.68 195.94 339.85 216.84 279.14 217.33 ship 0 0.999043 votes=3
258.32 412.91 306.61 411.23 307.13 426.25 258.85 427.94 ship 0 0.998967 votes=3
358.88 37.63 398.80 36.57 399.15 49.94 359.24 50.99 ship 0 0.998932 votes=3
30.35 287.13 66.02 288.17 65.64 301.16 29.97 300.12 ship 0 0.998895 votes=3
518.55 253.68 563.08 249.17 564.62 264.37 520.09 268.88 ship 0 0.998894 votes=3
41.48 493.39 83.50 488.64 85.04 502.21 43.02 506.96 ship 0 0.998831 votes=3
264.12 70.18 271.20 109.21 257.17 111.75 250.09 72.72 ship 0 0.998690 votes=3
256.29 452.94 309.06 453.43 308.90 470.83 256.13 470.34 ship 0 0.998658 votes=3
42.11 533.50 90.26 527.29 92.21 542.43 44.06 548.64 ship 0 0.998656 votes=3
528.57 308.51 561.93 308.76 561.83 321.81 528.47 321.57 ship 0 0.998609 votes=3
323.26 429.09 371.42 429.62 371.24 446.15 323.08 445.63 ship 0 0.998593 votes=3
69.77 195.03 114.57 183.93 118.89 201.39 74.10 212.49 ship 0 0.998540 votes=3
584.50 494.89 631.93 493.86 632.32 511.93 584.89 512.96 ship 0 0.998522 votes=3
574.27 150.99 604.47 150.27 604.75 162.26 574.55 162.97 ship 0 0.998510 votes=3
361.38 141.61 404.09 142.65 403.73 157.50 361.02 156.46 ship 0 0.998450 votes=3
35.42 469.12 85.50 463.77 87.54 482.86 37.45 488.20 ship 0 0.998424 votes=3
518.63 463.90 568.08 462.42 568.55 478.12 519.10 479.61 ship 0 0.998411 votes=3
508.90 212.94 561.62 212.63 561.74 233.13 509.02 233.44 ship 0 0.998384 votes=3
362.56 201.63 401.01 199.10 402.00 214.09 363.55 216.62 ship 0 0.998368 votes=3
252.13 303.43 302.13 302.89 302.29 317.88 252.29 318.42 ship 0 0.998327 votes=3
358.95 124.25 407.65 120.56 408.90 137.09 360.21 140.78 ship 0 0.998315 votes=3
514.76 377.83 565.25 378.93 564.85 397.25 514.36 396.15 ship 0 0.998230 votes=3
204.90 130.50 212.68 175.92 194.59 179.02 186.81 133.60 ship 0 0.998203 votes=3
40.68 516.01 86.71 509.38 88.75 523.49 42.71 530.12 ship 0 0.998144 votes=3
265.28 337.71 303.28 337.80 303.24 352.18 265.24 352.09 ship 0 0.998092 votes=3
326.68 223.08 385.34 223.63 385.15 244.31 326.49 243.76 ship 0 0.998092 votes=3
259.01 393.40 303.32 393.76 303.20 408.74 258.89 408.38 ship 0 0.997976 votes=3
361.43 106.06 392.70 104.77 393.20 117.02 361.94 118.32 ship 0 0.997944 votes=3
320.82 371.68 366.62 371.69 366.62 388.37 320.81 388.36 ship 0 0.997925 votes=3
322.71 455.15 371.61 448.95 373.67 465.16 324.76 471.36 ship 0 0.997915 votes=3
584.90 425.38 618.88 424.87 619.06 437.29 585.09 437.80 ship 0 0.997913 votes=3
523.09 499.66 567.67 499.56 567.71 514.70 523.13 514.80 ship 0 0.997905 votes=3
312.20 107.10 345.83 107.30 345.76 119.00 312.13 118.80 ship 0 0.997878 votes=3
254.14 286.03 300.10 285.60 300.24 300.16 254.28 300.59 ship 0 0.997766 votes=3
312.72 142.24 347.77 142.65 347.63 155.16 312.58 154.75 ship 0 0.997755 votes=3
311.11 40.17 342.57 39.20 342.94 51.22 311.48 52.20 ship 0 0.997645 votes=3
442.20 46.55 442.72 97.55 427.47 97.70 426.95 46.70 ship 0 0.997630 votes=3
584.61 408.44 615.66 407.57 615.99 419.39 584.94 420.26 ship 0 0.997612 votes=3
262.90 430.77 307.20 431.56 306.89 448.71 262.60 447.92 ship 0 0.997567 votes=3
34.78 448.73 82.11 443.66 83.91 460.46 36.57 465.53 ship 0 0.997497 votes=3
32.45 409.11 79.52 402.53 82.15 421.32 35.08 427.90 ship 0 0.997479 votes=3
310.67 122.86 347.54 122.56 347.65 135.99 310.77 136.29 ship 0 0.997361 votes=3
34.03 389.08 69.86 380.89 73.02 394.71 37.19 402.90 ship 0 0.997295 votes=3
89.71 367.30 122.76 362.83 124.31 374.26 91.26 378.73 ship 0 0.997106 votes=3
315.05 56.46 343.64 55.19 344.17 67.13 315.58 68.39 ship 0 0.997075 votes=3
29.74 327.80 67.27 325.52 68.19 340.59 30.66 342.87 ship 0 0.996860 votes=3
361.21 179.50 396.86 179.87 396.73 193.00 361.08 192.63 ship 0 0.996765 votes=3
524.62 150.52 559.57 149.54 559.93 162.06 524.97 163.04 ship 0 0.996701 votes=3
359.36 88.21 389.25 87.92 389.36 99.23 359.47 99.51 ship 0 0.996696 votes=3
37.05 432.01 79.09 425.30 81.64 441.28 39.59 447.99 ship 0 0.996676 votes=3
260.66 322.04 304.35 320.34 304.91 334.77 261.23 336.47 ship 0 0.996672 votes=3
253.00 358.05 301.81 353.89 303.05 368.53 254.24 372.70 ship 0 0.996596 votes=3
314.06 76.06 346.13 75.52 346.32 86.72 314.25 87.26 ship 0 0.996551 votes=3
359.45 163.88 401.13 160.57 402.33 175.78 360.65 179.08 ship 0 0.996202 votes=3
319.04 283.13 369.24 281.90 369.62 297.29 319.42 298.52 ship 0 0.996182 votes=3
264.60 480.98 314.37 478.83 315.13 496.47 265.36 498.62 ship 0 0.996160 votes=3
321.94 318.19 367.70 316.23 368.36 331.66 322.60 333.62 ship 0 0.996150 votes=3
260.40 375.85 301.94 375.30 302.14 390.43 260.60 390.97 ship 0 0.996107 votes=3
581.47 376.81 633.70 375.54 634.15 393.99 581.91 395.26 ship 0 0.996065 votes=3
311.78 160.46 347.52 156.90 348.76 169.30 313.01 172.86 ship 0 0.996036 votes=3
253.75 251.52 300.58 251.02 300.72 265.07 253.90 265.56 ship 0 0.996024 votes=3
75.10 240.15 108.25 237.44 109.27 249.89 76.12 252.60 ship 0 0.996001 votes=3
166.45 96.68 191.65 176.82 167.26 184.49 142.05 104.35 ship 0 0.995972 votes=3
104.88 525.91 149.24 522.01 150.64 537.94 106.28 541.84 ship 0 0.995629 votes=3
311.34 91.07 346.19 91.43 346.07 102.81 311.22 102.46 ship 0 0.995627 votes=3
323.75 479.27 370.64 474.44 372.61 493.60 325.73 498.43 ship 0 0.995415 votes=3
319.38 302.07 359.58 300.38 360.16 314.14 319.95 315.83 ship 0 0.995402 votes=3
24.51 561.53 90.84 553.21 93.37 573.34 27.04 581.66 ship 0 0.995374 votes=3
751.90 35.66 780.52 33.15 781.49 44.16 752.86 46.67 ship 0 0.994713 votes=3
577.71 216.13 629.60 213.55 630.54 232.43 578.65 235.01 ship 0 0.993707 votes=3
34.18 368.48 73.61 364.27 75.27 379.81 35.84 384.02 ship 0 0.993632 votes=3
324.92 415.84 365.44 410.15 367.32 423.49 326.79 429.18 ship 0 0.993373 votes=3
310.89 175.68 348.56 175.34 348.69 190.03 311.02 190.37 ship 0 0.992729 votes=3
523.18 481.35 570.59 481.91 570.41 497.14 523.00 496.58 ship 0 0.992587 votes=3
187.32 385.99 192.92 418.42 182.16 420.28 176.55 387.86 ship 0 0.990074 votes=3
317.00 247.86 356.22 248.18 356.10 261.83 316.89 261.50 ship 0 0.989741 votes=3
321.51 394.68 355.05 392.33 355.94 404.95 322.40 407.30 ship 0 0.985198 votes=3
82.11 326.76 120.82 314.00 125.31 327.60 86.60 340.37 ship 0 0.982699 votes=3
318.13 266.11 362.36 263.66 363.14 277.60 318.90 280.05 ship 0 0.980901 votes=3
362.02 219.86 365.99 482.29 260.11 483.89 256.14 221.46 harbor 0 0.973823 votes=3
627.00 30.61 630.73 535.13 521.46 535.93 517.73 31.42 harbor 0 0.959664 votes=3
581.39 362.73 607.77 362.14 608.01 373.03 581.63 373.61 ship 0 0.941222 votes=3
107.30 150.25 142.15 555.72 55.80 563.14 20.95 157.68 harbor 0 0.929001 votes=3
313.72 224.50 316.18 1.83 393.63 2.69 391.17 225.36 harbor 0 0.913772 votes=3
775.27 -6.40 781.30 154.70 747.68 155.96 741.64 -5.14 harbor 0 0.784543 votes=2
754.40 55.18 778.66 53.77 779.41 66.74 755.15 68.15 ship 0 0.738338 votes=2
