340.02 158.10 340.87 213.61 324.60 213.86 323.74 158.35 ship 0 0.999498 votes=3
222.85 208.46 224.33 162.16 239.79 162.65 238.31 208.95 ship 0 0.998908 votes=3
298.90 174.04 299.28 212.78 285.14 212.92 284.75 174.18 ship 0 0.998244 votes=3
202.47 161.61 202.61 213.40 184.57 213.45 184.42 161.66 ship 0 0.997310 votes=3
779.42 69.80 796.75 95.86 787.15 102.24 769.82 76.18 ship 0 0.997096 votes=3
468.41 210.50 468.86 165.42 482.93 165.56 482.48 210.64 ship 0 0.996774 votes=3
420.77 177.40 421.02 214.75 408.69 214.83 408.43 177.49 ship 0 0.996471 votes=3
451.21 213.24 451.35 179.28 462.44 179.32 462.30 213.29 ship 0 0.996097 votes=3
387.29 213.02 387.29 150.67 403.38 150.67 403.38 213.02 ship 0 0.995423 votes=3
155.12 215.18 155.20 167.21 176.23 167.25 176.15 215.21 ship 0 0.995094 votes=3
368.84 195.76 369.03 158.31 381.30 158.37 381.11 195.82 ship 0 0.994781 votes=3
426.88 211.56 426.93 176.22 440.10 176.23 440.06 211.58 ship 0 0.994484 votes=3
558.60 182.07 558.79 210.63 549.62 210.69 549.43 182.13 ship 0 0.992873 votes=3
574.89 183.12 575.29 213.37 564.43 213.52 564.02 183.27 ship 0 0.988777 votes=3
518.11 186.63 518.18 213.53 509.02 213.55 508.94 186.66 ship 0 0.986794 votes=3
521.03 224.78 546.74 224.30 546.92 233.98 521.21 234.47 ship 0 0.980875 votes=3
357.41 154.43 357.50 200.60 346.15 200.63 346.06 154.46 ship 0 0.971142 votes=3
574.40 214.03 574.59 183.50 585.71 183.56 585.53 214.10 ship 0 0.957194 votes=3
148.15 151.81 695.38 152.42 695.30 229.99 148.06 229.37 harbor 0 0.908209 votes=3
546.39 224.40 566.11 224.11 566.24 232.43 546.51 232.72 ship 0 0.854578 votes=3
652.36 257.02 756.39 151.24 768.66 163.31 664.63 269.08 harbor 0 0.738075 votes=2
