505.08 288.11 511.85 265.07 520.66 267.66 513.90 290.70 vehicle 0 0.999387 votes=3
485.16 148.92 516.33 50.82 529.23 54.92 498.05 153.02 vehicle 0 0.999302 votes=3
430.94 204.74 458.74 116.08 470.66 119.82 442.85 208.48 vehicle 0 0.999274 votes=3
318.34 668.30 342.93 572.87 356.66 576.41 332.07 671.84 vehicle 0 0.999153 votes=3
272.10 708.22 295.00 617.76 306.93 620.78 284.03 711.24 vehicle 0 0.999028 votes=3
362.66 227.81 363.66 205.91 373.24 206.35 372.24 228.25 vehicle 0 0.998633 votes=3
226.15 347.03 785.24 371.66 779.56 500.57 220.47 475.95 overpass 0 0.997691 votes=3
466.30 155.63 477.42 118.47 488.96 121.93 477.85 159.08 vehicle 0 0.995037 votes=3
777.28 472.49 797.07 473.24 796.75 481.71 776.96 480.96 vehicle 0 0.994791 votes=3
457.32 457.34 477.87 457.68 477.72 466.53 457.18 466.20 vehicle 0 0.989594 votes=3
274.78 571.42 281.04 549.14 290.24 551.73 283.97 574.01 vehicle 0 0.989503 votes=3
412.62 574.64 419.09 552.27 428.85 555.09 422.38 577.46 vehicle 0 0.987673 votes=3
169.36 784.30 181.00 764.00 190.69 769.55 179.05 789.85 vehicle 0 0.987395 votes=3
598.26 70.64 605.72 49.77 614.14 52.78 606.68 73.65 vehicle 0 0.979410 votes=3
3.45 242.79 13.72 258.94 5.95 263.88 -4.32 247.73 vehicle 0 0.976551 votes=3
311.04 635.82 320.98 598.65 332.65 601.77 322.70 638.94 vehicle 0 0.938778 votes=3
