371.64 662.76 387.95 213.87 517.74 218.59 501.43 667.47 Expressway-toll-station 0 0.999136 votes=3
54.00 497.62 152.04 502.73 150.90 524.68 52.85 519.57 vehicle 0 0.996782 votes=3
564.97 225.22 676.72 230.45 675.65 253.38 563.90 248.15 vehicle 0 0.994684 votes=3
49.38 461.35 147.43 466.12 146.45 486.20 48.41 481.44 vehicle 0 0.988613 votes=3
642.65 303.14 677.38 303.45 677.26 317.00 642.53 316.69 vehicle 0 0.987336 votes=3
189.91 603.27 289.49 606.12 288.89 627.27 189.31 624.42 vehicle 0 0.985650 votes=3
550.34 257.91 654.17 257.91 654.17 278.10 550.34 278.10 vehicle 0 0.983720 votes=3
649.36 331.82 679.52 336.12 677.61 349.54 647.45 345.24 vehicle 0 0.981002 votes=3
169.37 503.48 268.35 506.03 267.86 524.89 168.89 522.34 vehicle 0 0.979099 votes=3
548.22 392.81 574.39 386.09 577.50 398.21 551.34 404.93 vehicle 0 0.974745 votes=3
163.71 471.29 263.94 470.60 264.10 493.59 163.87 494.28 vehicle 0 0.950308 votes=3
586.73 400.27 611.66 403.90 610.11 414.54 585.18 410.90 vehicle 0 0.921551 votes=3
706.64 233.99 735.05 236.79 733.95 247.95 705.54 245.16 vehicle 0 0.897436 votes=3
597.23 389.34 617.91 389.79 617.65 401.65 596.97 401.20 vehicle 0 0.890286 votes=3
587.17 302.29 613.57 302.47 613.49 314.02 587.09 313.84 vehicle 0 0.807135 votes=3
