480.18 656.08 482.71 612.06 498.03 612.94 495.50 656.96 ship 0 0.999225 votes=3
254.60 338.30 292.70 338.24 292.73 352.61 254.63 352.67 ship 0 0.999131 votes=3
262.70 575.85 308.47 573.63 309.22 588.95 263.44 591.17 ship 0 0.999091 votes=3
230.31 100.68 274.00 100.57 274.04 116.63 230.35 116.74 ship 0 0.998802 votes=3
232.65 126.26 273.44 125.06 273.89 140.53 233.10 141.72 ship 0 0.998524 votes=3
552.17 663.76 558.54 621.23 572.57 623.33 566.20 665.87 ship 0 0.998223 votes=3
436.76 704.40 440.57 664.98 454.47 666.33 450.66 705.75 ship 0 0.997978 votes=3
243.51 505.17 307.07 501.83 307.98 519.19 244.42 522.54 ship 0 0.997764 votes=3
253.35 317.10 290.84 313.48 292.14 326.87 254.65 330.50 ship 0 0.997759 votes=3
266.65 483.97 303.07 483.74 303.15 495.88 266.73 496.10 ship 0 0.997724 votes=3
242.02 150.84 275.03 150.65 275.09 161.31 242.08 161.50 ship 0 0.997316 votes=3
505.18 709.92 509.38 675.13 522.35 676.70 518.15 711.48 ship 0 0.996408 votes=3
539.77 711.46 542.61 680.41 554.99 681.54 552.15 712.59 ship 0 0.996391 votes=3
473.26 704.33 475.11 671.63 487.34 672.33 485.49 705.02 ship 0 0.996064 votes=3
381.94 694.01 385.62 664.95 398.19 666.55 394.51 695.60 ship 0 0.995998 votes=3
251.26 385.19 296.50 384.26 296.82 400.32 251.58 401.24 ship 0 0.995990 votes=3
241.97 202.10 273.02 199.75 273.97 212.25 242.92 214.60 ship 0 0.995162 votes=3
419.36 696.88 423.62 667.30 436.61 669.17 432.35 698.75 ship 0 0.993968 votes=3
303.48 688.43 306.76 657.16 319.77 658.52 316.49 689.80 ship 0 0.993680 votes=3
282.48 551.86 308.80 550.65 309.35 562.66 283.03 563.87 ship 0 0.993278 votes=3
575.01 712.06 578.91 680.98 590.99 682.49 587.08 713.58 ship 0 0.992414 votes=3
242.95 76.44 269.36 76.07 269.52 87.93 243.12 88.30 ship 0 0.992324 votes=3
342.54 690.18 344.86 661.12 357.74 662.15 355.42 691.21 ship 0 0.991640 votes=3
524.08 707.06 525.32 678.25 537.65 678.78 536.42 707.59 ship 0 0.990890 votes=3
382.76 640.12 388.72 611.77 401.69 614.50 395.73 642.85 ship 0 0.989791 votes=3
489.40 702.24 490.68 673.26 503.29 673.82 502.00 702.80 ship 0 0.987940 votes=3
264.94 680.85 269.37 646.66 281.96 648.29 277.52 682.48 ship 0 0.983397 votes=3
592.49 715.93 595.19 687.69 607.41 688.86 604.71 717.10 ship 0 0.982861 votes=3
338.35 635.40 341.12 604.46 353.49 605.56 350.72 636.50 ship 0 0.980382 votes=3
557.25 709.91 559.55 685.08 570.31 686.08 568.02 710.91 ship 0 0.979750 votes=3
324.86 684.39 325.13 661.51 336.45 661.64 336.18 684.52 ship 0 0.970796 votes=3
251.23 220.36 274.51 219.16 275.17 232.14 251.90 233.34 ship 0 0.961462 votes=3
274.57 595.90 629.29 632.02 620.13 721.98 265.41 685.87 harbor 0 0.934514 votes=3
293.56 20.68 342.11 653.09 273.34 658.37 224.80 25.96 harbor 0 0.852047 votes=3
