270.63 452.86 271.62 386.68 296.79 387.06 295.80 453.23 ship 0 0.999691 votes=3
652.59 713.41 654.89 781.50 630.68 782.31 628.38 714.22 ship 0 0.999689 votes=3
133.10 442.59 133.56 509.92 110.56 510.08 110.09 442.75 ship 0 0.999669 votes=3
190.77 445.14 191.09 505.13 171.22 505.23 170.90 445.25 ship 0 0.999647 votes=3
142.08 510.72 142.79 440.35 165.17 440.57 164.46 510.94 ship 0 0.999629 votes=3
630.26 472.65 630.57 518.66 614.18 518.76 613.88 472.76 ship 0 0.999584 votes=3
251.55 369.51 254.05 422.50 234.96 423.40 232.46 370.41 ship 0 0.999577 votes=3
203.51 423.27 204.13 363.96 223.66 364.16 223.04 423.48 ship 0 0.999568 votes=3
615.85 725.72 616.49 784.39 596.07 784.61 595.43 725.94 ship 0 0.999529 votes=3
606.29 470.60 606.90 520.92 591.18 521.11 590.57 470.79 ship 0 0.999493 votes=3
80.61 508.22 80.98 444.16 104.74 444.30 104.37 508.36 ship 0 0.999490 votes=3
347.62 705.75 351.36 760.87 332.36 762.16 328.62 707.04 ship 0 0.999375 votes=3
542.88 535.92 543.40 585.71 525.21 585.90 524.68 536.12 ship 0 0.999359 votes=3
88.99 621.58 90.13 661.49 75.77 661.91 74.63 621.99 ship 0 0.999339 votes=3
99.31 421.82 101.18 361.46 121.20 362.08 119.32 422.45 ship 0 0.999317 votes=3
632.48 534.08 633.38 579.25 617.08 579.58 616.17 534.41 ship 0 0.999311 votes=3
679.44 699.39 684.78 769.65 662.90 771.31 657.56 701.06 ship 0 0.999301 votes=3
201.16 509.55 201.27 444.82 224.96 444.86 224.85 509.59 ship 0 0.999262 votes=3
494.74 539.68 495.36 584.43 480.65 584.63 480.03 539.88 ship 0 0.999261 votes=3
495.45 476.85 495.69 528.19 477.39 528.27 477.16 476.94 ship 0 0.999258 votes=3
24.21 508.41 24.93 435.58 49.88 435.83 49.17 508.65 ship 0 0.999211 votes=3
198.54 373.13 198.65 420.91 182.44 420.94 182.33 373.16 ship 0 0.999182 votes=3
265.01 594.37 265.61 652.04 246.55 652.23 245.96 594.57 ship 0 0.999143 votes=3
707.36 581.00 707.63 528.34 723.27 528.42 723.00 581.08 ship 0 0.999095 votes=3
150.72 425.88 150.85 363.40 173.10 363.45 172.96 425.92 ship 0 0.999073 votes=3
310.14 694.20 314.66 763.09 289.26 764.75 284.74 695.86 ship 0 0.999062 votes=3
259.53 451.26 259.73 521.12 236.62 521.19 236.42 451.33 ship 0 0.998947 votes=3
340.56 533.73 340.80 488.19 357.49 488.28 357.26 533.82 ship 0 0.998875 votes=3
518.29 712.96 522.44 787.78 496.63 789.21 492.47 714.39 ship 0 0.998756 votes=3
73.16 414.23 75.19 361.25 96.84 362.08 94.81 415.06 ship 0 0.998664 votes=3
47.45 419.18 48.49 365.66 66.78 366.01 65.74 419.54 ship 0 0.997962 votes=3
24.14 419.71 24.73 366.52 43.79 366.73 43.20 419.92 ship 0 0.997685 votes=3
677.07 532.49 677.72 579.83 661.70 580.05 661.05 532.71 ship 0 0.997663 votes=3
108.07 673.48 110.28 702.48 97.17 703.48 94.95 674.49 ship 0 0.996440 votes=3
447.31 486.37 447.40 529.77 431.67 529.80 431.58 486.40 ship 0 0.996006 votes=3
333.67 490.04 334.15 533.98 317.41 534.16 316.94 490.22 ship 0 0.995186 votes=3
279.50 478.31 709.93 463.34 714.00 580.48 283.57 595.45 harbor 0 0.988573 votes=3
62.97 451.75 63.16 479.02 52.46 479.09 52.27 451.82 ship 0 0.987976 votes=3
26.64 359.15 272.02 362.72 269.85 511.98 24.47 508.41 harbor 0 0.976316 votes=3
78.74 622.34 272.42 618.26 274.34 709.30 80.66 713.38 harbor 0 0.951371 votes=3
194.99 670.68 196.13 702.71 182.41 703.19 181.27 671.17 ship 0 0.688564 votes=2
491.82 697.57 673.24 696.12 674.06 799.66 492.64 801.10 harbor 0 0.687348 votes=3
