525.09 184.06 547.77 424.36 476.54 431.08 453.86 190.79 Expressway-toll-station 0 0.999471 votes=3
306.59 338.53 365.87 335.91 366.38 347.43 307.10 350.05 vehicle 0 0.998286 votes=3
160.70 410.94 219.28 408.46 219.78 420.38 161.20 422.87 vehicle 0 0.997907 votes=3
174.94 349.35 234.03 343.66 235.22 356.00 176.12 361.68 vehicle 0 0.997722 votes=3
296.83 437.16 356.81 432.45 358.03 447.91 298.04 452.61 vehicle 0 0.997571 votes=3
237.27 405.83 293.39 398.46 294.88 409.78 238.76 417.16 vehicle 0 0.997133 votes=3
247.91 343.48 304.31 338.49 305.21 348.73 248.81 353.71 vehicle 0 0.995677 votes=3
42.22 353.87 99.54 355.66 99.16 368.05 41.84 366.26 vehicle 0 0.994330 votes=3
695.99 146.15 752.44 137.68 754.04 148.33 697.59 156.80 vehicle 0 0.994228 votes=3
66.41 412.76 131.93 412.58 131.96 423.17 66.43 423.35 vehicle 0 0.994144 votes=3
85.82 321.64 146.10 315.10 147.41 327.12 87.12 333.66 vehicle 0 0.993002 votes=3
309.09 380.83 358.20 373.95 360.25 388.61 311.14 395.49 vehicle 0 0.992887 votes=3
213.39 441.72 278.33 438.44 278.96 451.03 214.03 454.31 vehicle 0 0.992653 votes=3
360.20 297.11 428.34 289.95 429.56 301.54 361.42 308.70 vehicle 0 0.992519 votes=3
375.83 332.02 428.77 327.85 429.86 341.68 376.92 345.85 vehicle 0 0.992378 votes=3
133.23 441.34 206.01 441.93 205.88 458.64 133.10 458.05 vehicle 0 0.990910 votes=3
309.72 398.72 365.89 391.20 367.42 402.58 311.25 410.10 vehicle 0 0.979645 votes=3
10.61 442.15 80.35 441.99 80.39 458.96 10.64 459.12 vehicle 0 0.976221 votes=3
169.46 389.00 220.63 387.60 220.95 399.09 169.77 400.49 vehicle 0 0.962726 votes=3
387.66 427.72 429.12 427.74 429.12 439.91 387.65 439.89 vehicle 0 0.948607 votes=3
235.75 308.28 292.85 302.39 293.96 313.15 236.86 319.04 vehicle 0 0.918584 votes=3
734.69 372.53 789.25 352.53 793.23 363.38 738.67 383.39 vehicle 0 0.865850 votes=3
364.93 371.03 417.02 369.65 417.29 379.83 365.20 381.21 vehicle 0 0.772464 votes=2
386.12 389.96 433.36 388.77 433.65 400.17 386.41 401.36 vehicle 0 0.765568 votes=2
311.26 304.46 345.57 300.26 346.54 308.21 312.24 312.42 vehicle 0 0.653522 votes=2
