179.26 206.65 275.93 201.81 277.45 232.13 180.78 236.97 ship 0 0.999747 votes=3
376.12 711.19 455.04 709.04 455.75 735.46 376.84 737.61 ship 0 0.999707 votes=3
626.01 388.85 626.04 444.85 606.01 444.86 605.98 388.86 ship 0 0.999652 votes=3
517.31 686.94 517.87 628.73 540.19 628.94 539.63 687.16 ship 0 0.999650 votes=3
63.71 360.76 161.12 372.17 157.42 403.80 60.01 392.39 ship 0 0.999605 votes=3
378.69 664.99 457.56 665.44 457.39 694.84 378.52 694.39 ship 0 0.999605 votes=3
482.96 682.94 483.53 614.10 507.59 614.30 507.01 683.14 ship 0 0.999590 votes=3
380.23 472.33 453.46 472.76 453.31 497.42 380.09 497.00 ship 0 0.999582 votes=3
578.09 446.77 579.53 374.88 602.37 375.33 600.93 447.22 ship 0 0.999573 votes=3
184.01 426.42 286.86 425.03 287.31 458.66 184.47 460.05 ship 0 0.999562 votes=3
487.67 158.17 581.94 156.55 582.52 190.39 488.25 192.00 ship 0 0.999560 votes=3
488.60 431.25 488.92 379.60 510.00 379.73 509.68 431.38 ship 0 0.999543 votes=3
70.33 210.63 151.85 212.63 151.22 238.58 69.69 236.58 ship 0 0.999480 votes=3
600.87 479.20 600.87 533.70 578.55 533.70 578.55 479.20 ship 0 0.999456 votes=3
599.26 682.78 599.45 633.06 619.60 633.14 619.41 682.85 ship 0 0.999454 votes=3
659.12 713.74 661.30 775.66 637.47 776.50 635.30 714.58 ship 0 0.999449 votes=3
547.97 445.92 550.99 364.96 575.85 365.88 572.82 446.85 ship 0 0.999420 votes=3
196.29 572.99 265.78 574.54 265.16 602.12 195.68 600.57 ship 0 0.999370 votes=3
181.26 242.94 271.33 240.05 272.30 270.31 182.24 273.21 ship 0 0.999369 votes=3
180.60 167.65 286.80 162.27 288.52 196.19 182.32 201.56 ship 0 0.999359 votes=3
180.72 125.24 269.06 123.97 269.49 154.49 181.15 155.76 ship 0 0.999279 votes=3
394.26 341.78 460.50 350.03 457.73 372.25 391.49 363.99 ship 0 0.999267 votes=3
485.81 207.10 557.75 204.86 558.48 228.29 486.54 230.54 ship 0 0.999266 votes=3
381.82 631.00 453.50 631.98 453.15 657.66 381.46 656.67 ship 0 0.999248 votes=3
376.63 546.92 458.55 554.86 456.14 579.68 374.22 571.73 ship 0 0.999246 votes=3
393.02 421.27 461.72 438.32 456.00 461.38 387.30 444.33 ship 0 0.999240 votes=3
187.79 677.04 253.73 670.46 256.13 694.56 190.19 701.15 ship 0 0.999172 votes=3
183.87 67.97 284.27 78.81 280.43 114.38 180.03 103.54 ship 0 0.999170 votes=3
622.27 710.84 623.51 762.88 602.52 763.38 601.28 711.34 ship 0 0.999162 votes=3
196.75 327.74 275.93 327.87 275.88 356.54 196.71 356.41 ship 0 0.999133 votes=3
64.01 72.60 150.48 68.26 151.98 98.07 65.51 102.42 ship 0 0.999093 votes=3
190.44 280.38 281.08 282.30 280.39 315.09 189.74 313.17 ship 0 0.999053 votes=3
521.23 441.49 521.86 384.15 544.97 384.40 544.34 441.75 ship 0 0.999003 votes=3
78.77 179.51 154.58 186.36 152.41 210.34 76.61 203.49 ship 0 0.998895 votes=3
71.80 518.11 150.73 524.19 148.48 553.52 69.54 547.44 ship 0 0.998894 votes=3
79.58 473.58 150.25 476.56 149.16 502.38 78.49 499.40 ship 0 0.998858 votes=3
70.46 106.76 154.58 112.23 152.76 140.16 68.64 134.69 ship 0 0.997573 votes=3
76.85 27.52 133.24 32.64 131.27 54.33 74.88 49.21 ship 0 0.997232 votes=3
132.78 30.66 194.15 31.14 193.99 52.57 132.62 52.10 ship 0 0.997140 votes=3
539.66 715.29 545.13 761.32 525.87 763.61 520.40 717.58 ship 0 0.996618 votes=3
428.46 314.65 431.45 225.89 464.11 226.99 461.12 315.75 ship 0 0.994911 votes=3
463.94 164.22 465.11 219.96 441.69 220.45 440.52 164.71 ship 0 0.992599 votes=3
196.75 32.16 254.25 33.25 253.86 53.86 196.36 52.77 ship 0 0.987127 votes=3
395.12 380.04 454.83 378.80 455.37 404.45 395.66 405.69 ship 0 0.958401 votes=3
267.41 55.21 270.15 655.69 75.84 656.57 73.10 56.09 harbor 0 0.843303 votes=3
628.87 164.52 635.70 788.61 389.15 791.31 382.32 167.22 harbor 0 0.714095 votes=3
