296.02 660.59 352.40 663.19 351.64 679.69 295.26 677.09 ship 0 0.999624 votes=3
24.13 399.01 84.89 397.32 85.40 415.60 24.64 417.30 ship 0 0.999442 votes=3
102.97 775.68 105.62 723.53 121.60 724.34 118.95 776.49 ship 0 0.999347 votes=3
18.07 452.61 71.32 451.31 71.73 468.09 18.48 469.40 ship 0 0.999324 votes=3
11.69 378.63 80.85 372.00 82.57 389.87 13.40 396.51 ship 0 0.998936 votes=3
165.74 728.76 166.91 691.95 180.42 692.38 179.25 729.19 ship 0 0.998848 votes=3
164.98 771.52 165.87 737.10 179.29 737.45 178.40 771.87 ship 0 0.998809 votes=3
71.81 229.62 92.46 262.65 82.08 269.14 61.42 236.11 ship 0 0.998784 votes=3
170.70 168.74 199.12 212.04 186.48 220.34 158.06 177.04 ship 0 0.998726 votes=3
18.74 339.13 71.92 339.80 71.72 356.29 18.54 355.63 ship 0 0.998671 votes=3
113.48 205.96 133.48 236.49 123.08 243.31 103.07 212.79 ship 0 0.998470 votes=3
155.71 177.62 173.42 209.68 162.18 215.89 144.47 183.83 ship 0 0.998127 votes=3
277.11 730.06 277.42 766.02 263.79 766.14 263.48 730.18 ship 0 0.997882 votes=3
129.89 195.65 148.73 228.90 137.43 235.31 118.59 202.05 ship 0 0.997689 votes=3
248.34 758.09 249.69 727.29 259.83 727.73 258.48 758.54 ship 0 0.997657 votes=3
85.30 222.01 101.99 247.85 92.80 253.78 76.11 227.95 ship 0 0.997360 votes=3
13.85 296.99 53.08 296.18 53.33 308.32 14.10 309.13 ship 0 0.996305 votes=3
188.44 152.63 211.75 177.29 203.25 185.33 179.94 160.67 ship 0 0.996202 votes=3
99.36 212.79 115.90 236.65 107.13 242.73 90.59 218.87 ship 0 0.996149 votes=3
186.92 770.54 187.45 738.90 197.84 739.07 197.31 770.72 ship 0 0.994457 votes=3
251.40 721.51 251.41 691.61 261.42 691.61 261.42 721.51 ship 0 0.993123 votes=3
142.56 185.22 157.51 211.02 147.77 216.66 132.83 190.86 ship 0 0.991820 votes=3
59.07 238.67 71.15 260.50 63.87 264.53 51.78 242.70 ship 0 0.991730 votes=3
180.97 163.94 203.85 191.99 194.61 199.52 171.74 171.48 ship 0 0.990027 votes=3
50.18 244.79 62.87 268.81 55.31 272.81 42.61 248.79 ship 0 0.982452 votes=3
169.20 138.03 197.41 107.09 205.78 114.72 177.57 145.66 ship 0 0.976021 votes=3
13.76 270.92 35.51 269.67 35.93 276.95 14.18 278.20 ship 0 0.968523 votes=3
326.50 714.42 345.93 720.02 343.55 728.27 324.12 722.68 ship 0 0.949810 votes=3
297.34 704.33 319.12 705.46 318.68 713.91 296.90 712.78 ship 0 0.946333 votes=3
188.16 733.83 188.17 707.23 197.54 707.23 197.54 733.83 ship 0 0.940645 votes=3
299.77 788.87 302.81 664.28 344.70 665.30 341.67 789.89 harbor 0 0.934319 votes=3
517.45 797.61 542.96 769.48 553.06 778.64 527.54 806.77 ship 0 0.910624 votes=3
214.57 130.32 231.65 144.70 226.29 151.06 209.22 136.68 ship 0 0.906909 votes=3
17.68 318.39 61.40 318.16 61.48 334.01 17.76 334.24 ship 0 0.872612 votes=2
18.44 310.39 61.42 309.50 61.79 327.43 18.81 328.32 ship 0 0.866048 votes=2
301.16 693.42 321.41 694.07 321.14 702.42 300.89 701.77 ship 0 0.835820 votes=3
206.68 663.32 207.06 786.90 164.14 787.03 163.76 663.45 harbor 0 0.807925 votes=3
207.34 784.36 207.57 694.46 241.11 694.55 240.88 784.45 harbor 0 0.763217 votes=3
18.39 238.82 211.88 95.99 247.63 144.42 54.14 287.25 harbor 0 0.731252 votes=2
215.96 694.59 236.98 694.74 236.92 703.81 215.89 703.66 ship 0 0.730825 votes=3
117.58 779.04 121.60 697.70 144.60 698.83 140.58 780.17 harbor 0 0.723719 votes=3
218.11 124.72 234.66 105.64 242.74 112.65 226.19 131.73 ship 0 0.721159 votes=3
