651.82 567.03 652.00 511.13 671.06 511.19 670.88 567.09 ship 0 0.999585 votes=3
356.49 32.03 364.04 72.38 349.95 75.01 342.40 34.66 ship 0 0.999278 votes=3
456.48 121.03 462.19 165.42 446.72 167.41 441.01 123.02 ship 0 0.999265 votes=3
351.05 141.50 356.68 182.72 343.92 184.46 338.29 143.24 ship 0 0.999256 votes=3
654.06 502.73 655.57 435.53 675.25 435.97 673.74 503.17 ship 0 0.999251 votes=3
420.27 294.95 425.98 336.51 410.15 338.68 404.44 297.12 ship 0 0.999237 votes=3
448.38 452.26 452.20 496.63 437.27 497.92 433.45 453.55 ship 0 0.999176 votes=3
321.28 203.54 326.52 246.75 310.27 248.71 305.04 205.51 ship 0 0.999122 votes=3
371.90 520.65 382.38 568.67 367.08 572.01 356.60 523.99 ship 0 0.999102 votes=3
395.44 132.40 400.64 176.44 385.04 178.29 379.83 134.24 ship 0 0.999097 votes=3
658.03 235.77 661.80 144.98 688.71 146.10 684.93 236.89 ship 0 0.999078 votes=3
313.68 146.89 318.61 191.89 301.28 193.79 296.35 148.79 ship 0 0.999075 votes=3
508.78 330.44 517.55 375.08 503.10 377.92 494.33 333.28 ship 0 0.999072 votes=3
450.03 341.07 456.73 388.06 441.29 390.26 434.59 343.27 ship 0 0.998979 votes=3
437.82 512.06 441.77 556.24 426.60 557.60 422.65 513.42 ship 0 0.998970 votes=3
363.82 200.12 369.11 240.86 353.93 242.83 348.64 202.09 ship 0 0.998906 votes=3
676.50 126.59 676.52 93.16 688.93 93.17 688.91 126.59 ship 0 0.998898 votes=3
402.46 189.63 408.29 228.78 392.90 231.07 387.08 191.92 ship 0 0.998884 votes=3
333.74 32.78 345.07 80.21 329.74 83.88 318.40 36.44 ship 0 0.998819 votes=3
376.13 29.83 382.20 71.53 368.06 73.58 362.00 31.89 ship 0 0.998813 votes=3
442.79 182.66 446.72 219.06 433.66 220.47 429.73 184.07 ship 0 0.998755 votes=3
297.20 315.19 302.26 357.05 287.82 358.80 282.76 316.93 ship 0 0.998722 votes=3
503.69 277.42 508.31 323.66 491.35 325.36 486.73 279.12 ship 0 0.998649 votes=3
483.79 283.17 488.06 323.48 473.88 324.98 469.62 284.67 ship 0 0.998609 votes=3
252.75 49.33 260.04 89.58 246.33 92.06 239.05 51.82 ship 0 0.998559 votes=3
424.88 182.20 430.63 228.94 415.12 230.85 409.37 184.11 ship 0 0.998559 votes=3
338.26 306.05 342.24 351.83 326.16 353.23 322.18 307.45 ship 0 0.998532 votes=3
490.83 449.83 493.42 492.52 476.73 493.53 474.13 450.84 ship 0 0.998459 votes=3
427.99 356.25 432.15 391.24 419.34 392.76 415.18 357.78 ship 0 0.998457 votes=3
409.51 350.32 414.57 392.73 400.05 394.47 394.99 352.05 ship 0 0.998411 votes=3
405.91 458.66 412.22 500.63 396.96 502.93 390.65 460.96 ship 0 0.998398 votes=3
476.88 120.54 479.79 161.45 465.27 162.48 462.37 121.57 ship 0 0.998374 votes=3
378.40 296.72 387.32 341.50 370.39 344.88 361.46 300.09 ship 0 0.998309 votes=3
650.62 429.37 651.05 319.46 677.45 319.56 677.03 429.47 ship 0 0.998210 votes=3
569.28 59.57 569.93 91.99 558.59 92.21 557.95 59.79 ship 0 0.998203 votes=3
460.66 286.64 468.39 328.74 452.68 331.62 444.95 289.52 ship 0 0.998136 votes=3
395.42 519.95 401.61 560.94 383.90 563.62 377.71 522.63 ship 0 0.997927 votes=3
274.86 41.66 281.10 86.26 265.64 88.42 259.40 43.82 ship 0 0.997831 votes=3
348.58 359.93 356.65 402.04 342.44 404.76 334.37 362.66 ship 0 0.997750 votes=3
375.00 136.01 379.71 178.99 366.72 180.41 362.01 137.44 ship 0 0.997741 votes=3
413.96 515.32 422.22 554.59 408.47 557.47 400.22 518.21 ship 0 0.997698 votes=3
328.79 371.16 333.82 398.85 323.11 400.79 318.08 373.11 ship 0 0.997573 votes=3
523.79 165.47 532.39 206.78 518.45 209.69 509.84 168.37 ship 0 0.997452 votes=3
503.26 500.10 509.37 544.17 489.37 546.95 483.26 502.88 ship 0 0.997363 votes=3
477.07 505.63 485.56 546.78 471.61 549.66 463.12 508.51 ship 0 0.997306 votes=3
315.01 37.01 321.46 80.27 308.40 82.22 301.94 38.96 ship 0 0.997213 votes=3
332.36 141.86 339.11 187.13 324.38 189.33 317.63 144.05 ship 0 0.997081 votes=3
383.80 194.44 389.00 230.66 375.94 232.54 370.74 196.32 ship 0 0.997071 votes=3
368.02 360.40 375.04 397.55 361.39 400.13 354.37 362.98 ship 0 0.997040 votes=3
416.90 20.23 424.86 63.78 409.75 66.55 401.78 22.99 ship 0 0.996959 votes=3
292.58 152.84 299.11 194.08 285.01 196.31 278.49 155.07 ship 0 0.996857 votes=3
271.40 158.37 274.10 198.61 259.88 199.57 257.18 159.33 ship 0 0.996809 votes=3
342.46 198.75 348.54 242.90 332.67 245.09 326.59 200.93 ship 0 0.996682 votes=3
281.67 208.54 282.65 249.49 268.60 249.83 267.62 208.88 ship 0 0.996621 votes=3
315.67 306.06 325.06 353.83 308.93 357.00 299.54 309.23 ship 0 0.996582 votes=3
466.20 176.81 471.33 220.62 458.48 222.13 453.34 178.32 ship 0 0.996268 votes=3
355.58 302.09 366.82 338.91 354.25 342.75 343.01 305.93 ship 0 0.996179 votes=3
353.77 532.72 361.23 561.25 350.91 563.95 343.45 535.42 ship 0 0.996085 votes=3
426.38 462.21 434.48 498.84 421.77 501.65 413.67 465.02 ship 0 0.995985 votes=3
492.91 335.29 498.81 380.30 483.12 382.35 477.22 337.34 ship 0 0.995847 votes=3
496.85 115.45 503.72 157.41 490.74 159.54 483.87 117.57 ship 0 0.995775 votes=3
468.22 339.02 475.58 381.09 459.94 383.83 452.58 341.75 ship 0 0.995631 votes=3
384.14 457.55 392.55 507.01 377.39 509.59 368.99 460.13 ship 0 0.994925 votes=3
366.37 461.52 374.00 507.77 359.48 510.17 351.85 463.92 ship 0 0.994728 votes=3
507.54 173.75 512.37 208.79 501.57 210.27 496.74 175.23 ship 0 0.994477 votes=3
456.21 13.76 464.53 52.87 452.31 55.47 443.99 16.36 ship 0 0.993959 votes=3
307.45 -5.45 312.22 27.53 297.66 29.64 292.88 -3.34 ship 0 0.992014 votes=3
287.75 -0.83 292.59 30.25 278.60 32.43 273.76 1.34 ship 0 0.991796 votes=3
301.81 207.58 304.99 247.24 290.07 248.44 286.90 208.78 ship 0 0.991594 votes=3
397.25 22.21 404.65 68.32 387.76 71.03 380.37 24.92 ship 0 0.990576 votes=3
264.87 -0.69 270.25 31.19 257.93 33.27 252.55 1.39 ship 0 0.989794 votes=3
339.66 440.59 344.33 468.48 334.37 470.15 329.70 442.26 ship 0 0.989555 votes=3
258.60 159.06 501.64 112.62 520.04 208.95 277.00 255.38 harbor 0 0.989298 votes=3
350.20 460.64 485.06 452.08 491.37 551.43 356.51 560.00 harbor 0 0.989073 votes=3
277.40 317.55 491.94 280.26 508.51 375.56 293.96 412.85 harbor 0 0.988027 votes=3
242.21 -0.11 249.47 28.55 236.26 31.90 229.00 3.23 ship 0 0.987991 votes=3
438.18 14.87 446.70 61.77 430.53 64.71 422.01 17.81 ship 0 0.987894 votes=3
441.16 292.76 446.90 332.87 430.50 335.21 424.77 295.11 ship 0 0.984517 votes=3
368.19 -4.57 370.18 17.81 356.99 18.98 355.00 -3.40 ship 0 0.931800 votes=3
513.09 1.20 516.17 50.43 488.50 52.16 485.43 2.93 ship 0 0.903104 votes=3
243.30 131.86 246.13 169.85 222.21 171.63 219.38 133.64 ship 0 0.878884 votes=3
219.16 11.35 490.28 -29.35 502.47 51.86 231.35 92.55 harbor 0 0.831767 votes=3
347.59 -1.83 350.91 18.54 341.05 20.14 337.73 -0.22 ship 0 0.806679 votes=3
664.84 145.78 686.06 146.35 685.83 155.01 664.61 154.44 ship 0 0.795145 votes=2
787.01 12.13 799.18 230.64 692.60 236.58 680.42 18.07 harbor 0 0.749846 votes=3
665.29 583.79 674.36 308.91 753.83 311.54 744.75 586.42 harbor 0 0.723847 votes=3
