469.17 99.39 470.30 24.20 495.19 24.58 494.05 99.76 ship 0 0.999714 votes=3
228.20 149.83 232.28 234.63 203.92 236.00 199.84 151.20 ship 0 0.999701 votes=3
282.73 114.44 283.52 41.77 310.21 42.06 309.42 114.73 ship 0 0.999700 votes=3
190.61 152.05 195.35 249.96 163.94 251.48 159.20 153.57 ship 0 0.999695 votes=3
77.33 500.33 77.67 591.19 48.43 591.29 48.10 500.44 ship 0 0.999694 votes=3
522.72 457.66 673.63 460.45 672.79 505.94 521.88 503.15 ship 0 0.999678 votes=3
344.58 143.64 352.17 242.03 320.26 244.49 312.67 146.10 ship 0 0.999661 votes=3
71.26 162.27 78.03 248.43 49.16 250.70 42.40 164.54 ship 0 0.999647 votes=3
531.52 594.89 642.00 615.49 635.30 651.41 524.82 630.81 ship 0 0.999644 votes=3
255.95 607.58 256.02 510.00 289.88 510.02 289.82 607.60 ship 0 0.999643 votes=3
407.43 107.05 409.17 31.96 434.05 32.54 432.32 107.62 ship 0 0.999635 votes=3
381.86 359.87 385.06 471.20 346.24 472.31 343.04 360.98 ship 0 0.999600 votes=3
337.37 21.92 345.84 109.63 320.76 112.05 312.30 24.34 ship 0 0.999587 votes=3
462.74 503.93 463.14 617.34 426.18 617.48 425.78 504.06 ship 0 0.999578 votes=3
374.42 28.93 376.25 109.70 349.12 110.31 347.28 29.55 ship 0 0.999567 votes=3
44.54 132.83 57.94 37.79 82.44 41.24 69.04 136.28 ship 0 0.999559 votes=3
40.30 496.94 42.75 609.73 5.95 610.53 3.50 497.74 ship 0 0.999536 votes=3
86.24 472.09 88.04 359.06 122.55 359.61 120.75 472.64 ship 0 0.999533 votes=3
127.75 473.79 128.96 386.34 157.61 386.73 156.41 474.18 ship 0 0.999530 votes=3
250.45 509.56 250.77 603.12 219.06 603.23 218.74 509.67 ship 0 0.999516 votes=3
476.08 132.36 479.51 253.87 440.75 254.96 437.32 133.46 ship 0 0.999509 votes=3
32.30 165.59 38.81 255.68 6.15 258.04 -0.37 167.95 ship 0 0.999461 votes=3
235.84 372.06 236.20 470.67 206.37 470.78 206.01 372.17 ship 0 0.999454 votes=3
250.51 32.82 254.66 117.39 224.48 118.87 220.33 34.30 ship 0 0.999410 votes=3
553.18 123.05 567.07 221.27 534.12 225.93 520.23 127.71 ship 0 0.999383 votes=3
384.88 133.98 392.26 229.75 361.03 232.16 353.65 136.38 ship 0 0.999348 votes=3
473.87 473.86 476.09 359.62 508.41 360.25 506.19 474.49 ship 0 0.999325 votes=3
508.43 124.41 520.28 229.25 491.74 232.47 479.90 127.63 ship 0 0.999298 votes=3
331.45 508.87 332.96 615.83 299.74 616.29 298.23 509.34 ship 0 0.999260 votes=3
172.42 503.45 180.81 610.22 148.09 612.79 139.69 506.02 ship 0 0.999159 votes=3
516.67 563.73 656.40 561.17 657.08 598.36 517.35 600.92 ship 0 0.998941 votes=3
91.67 96.22 197.90 88.47 200.50 124.11 94.27 131.86 ship 0 0.998941 votes=3
468.72 365.64 470.77 468.07 439.30 468.70 437.26 366.27 ship 0 0.998726 votes=3
11.16 136.16 11.85 46.67 43.92 46.92 43.23 136.41 ship 0 0.998593 votes=3
414.30 496.78 416.02 631.31 378.30 631.79 376.58 497.27 ship 0 0.998007 votes=3
166.63 465.76 170.48 358.38 203.99 359.59 200.14 466.96 ship 0 0.994986 votes=3
68.46 385.18 68.80 473.03 44.46 473.12 44.12 385.28 ship 0 0.992421 votes=3
-22.79 74.93 556.23 33.19 568.34 201.17 -10.68 242.91 harbor 0 0.926232 votes=3
-1.42 382.66 621.51 387.35 619.88 604.02 -3.05 599.33 harbor 0 0.911170 votes=3
