417.88 194.08 427.91 152.55 456.70 159.51 446.67 201.04 airplane 0 0.996697 votes=3
470.39 160.88 560.87 674.43 436.11 696.41 345.63 182.86 ship 0 0.983518 votes=3
459.05 232.93 461.41 254.72 444.93 256.51 442.57 234.71 airplane 0 0.955750 votes=3
395.62 225.24 404.02 201.70 423.56 208.67 415.16 232.21 airplane 0 0.936645 votes=2
411.60 223.26 425.76 229.95 419.27 243.69 405.10 237.00 airplane 0 0.935363 votes=2
492.99 515.73 511.19 552.80 486.33 565.00 468.13 527.94 airplane 0 0.928608 votes=2
473.05 253.91 478.39 299.60 451.92 302.70 446.57 257.01 airplane 0 0.883509 votes=3
478.13 354.19 494.15 352.62 495.72 368.62 479.70 370.19 airplane 0 0.867663 votes=2
405.30 295.04 408.54 273.56 428.36 276.55 425.12 298.03 airplane 0 0.828481 votes=3
437.51 552.24 438.95 531.41 459.46 532.83 458.01 553.66 airplane 0 0.814059 votes=3
479.10 382.25 481.56 401.27 464.89 403.43 462.43 384.41 airplane 0 0.812383 votes=3
460.95 445.68 462.25 421.99 477.63 422.83 476.33 446.52 airplane 0 0.740923 votes=2
465.31 306.27 469.55 290.99 482.55 294.60 478.31 309.88 airplane 0 0.727087 votes=2
