608.84 97.12 624.11 140.07 608.75 145.53 593.48 102.58 ship 0 0.999063 votes=3
593.89 102.69 603.16 140.85 587.76 144.59 578.49 106.43 ship 0 0.998221 votes=3
467.93 71.77 468.56 107.39 454.34 107.64 453.71 72.02 ship 0 0.998038 votes=3
570.29 98.38 579.37 131.28 565.43 135.13 556.35 102.23 ship 0 0.997491 votes=3
550.07 93.34 558.05 127.06 543.16 130.59 535.18 96.87 ship 0 0.996954 votes=3
491.97 74.59 501.15 118.92 486.06 122.05 476.88 77.72 ship 0 0.996261 votes=3
759.91 81.18 796.20 89.32 792.92 103.95 756.63 95.82 ship 0 0.995040 votes=3
656.08 34.74 681.23 4.29 692.15 13.30 667.01 43.76 ship 0 0.991934 votes=3
421.22 41.78 456.81 42.89 456.35 57.90 420.75 56.78 ship 0 0.987563 votes=3
641.95 122.75 645.22 155.79 632.29 157.06 629.03 124.03 ship 0 0.975761 votes=3
532.73 91.20 537.95 125.38 524.86 127.38 519.65 93.19 ship 0 0.968153 votes=3
240.88 621.39 338.58 226.79 457.06 256.13 359.37 650.72 harbor 0 0.967219 votes=3
512.31 83.82 519.80 119.01 504.87 122.19 497.38 86.99 ship 0 0.966104 votes=3
756.28 62.92 796.52 68.32 794.68 82.03 754.44 76.62 ship 0 0.767493 votes=3
