102.30 84.85 187.54 78.74 189.43 105.02 104.18 111.13 ship 0 0.999690 votes=3
172.21 698.09 251.04 697.51 251.22 721.66 172.39 722.24 ship 0 0.999663 votes=3
359.50 479.01 423.75 479.94 423.44 501.49 359.19 500.56 ship 0 0.999613 votes=3
184.44 558.72 250.28 552.57 252.24 573.48 186.39 579.64 ship 0 0.999596 votes=3
115.82 407.58 232.44 395.65 235.71 427.60 119.09 439.53 ship 0 0.999554 votes=3
123.38 254.67 180.57 254.54 180.62 276.25 123.43 276.38 ship 0 0.999540 votes=3
438.82 299.97 440.20 356.84 419.65 357.33 418.27 300.47 ship 0 0.999526 votes=3
556.84 278.71 556.92 220.00 576.27 220.03 576.19 278.74 ship 0 0.999435 votes=3
594.90 299.33 601.06 346.08 584.00 348.33 577.83 301.58 ship 0 0.999383 votes=3
191.37 671.94 254.68 673.38 254.22 693.66 190.91 692.22 ship 0 0.999380 votes=3
713.58 232.71 775.65 231.87 775.92 251.63 713.85 252.46 ship 0 0.999378 votes=3
459.23 478.43 525.95 476.07 526.69 497.19 459.98 499.55 ship 0 0.999368 votes=3
115.31 342.02 193.24 337.10 194.79 361.70 116.86 366.63 ship 0 0.999350 votes=3
713.71 203.74 773.05 200.31 774.31 222.11 714.97 225.54 ship 0 0.999335 votes=3
464.80 299.76 464.99 354.91 446.18 354.98 445.99 299.83 ship 0 0.999304 votes=3
182.77 644.35 249.85 638.35 251.85 660.71 184.77 666.71 ship 0 0.999299 votes=3
108.65 196.14 178.98 195.26 179.29 219.77 108.95 220.65 ship 0 0.999271 votes=3
121.58 315.36 181.35 306.45 184.63 328.50 124.87 337.40 ship 0 0.999248 votes=3
711.22 172.42 766.12 169.54 767.26 191.41 712.36 194.29 ship 0 0.999245 votes=3
113.73 284.51 183.62 281.29 184.69 304.56 114.80 307.77 ship 0 0.999232 votes=3
511.62 301.46 511.73 350.82 492.71 350.86 492.60 301.50 ship 0 0.999173 votes=3
599.65 276.33 602.81 227.73 620.37 228.87 617.22 277.47 ship 0 0.999157 votes=3
717.41 415.37 718.86 451.87 704.96 452.42 703.51 415.93 ship 0 0.999109 votes=3
584.55 519.03 585.16 474.46 599.61 474.65 599.01 519.23 ship 0 0.999064 votes=3
556.77 301.99 557.38 354.90 536.60 355.14 535.99 302.23 ship 0 0.999060 votes=3
457.68 508.95 523.29 504.95 524.62 526.85 459.02 530.85 ship 0 0.999046 votes=3
603.99 343.80 604.32 299.48 620.04 299.60 619.71 343.92 ship 0 0.999023 votes=3
416.62 280.46 417.26 220.15 437.82 220.37 437.18 280.68 ship 0 0.998997 votes=3
127.51 174.97 187.49 173.98 187.79 192.16 127.81 193.16 ship 0 0.998955 votes=3
642.61 297.36 643.66 348.13 624.54 348.52 623.49 297.75 ship 0 0.998955 votes=3
370.36 278.33 373.72 231.97 390.41 233.18 387.04 279.54 ship 0 0.998898 votes=3
741.92 300.63 746.47 346.36 730.93 347.91 726.39 302.17 ship 0 0.998814 votes=3
124.47 147.32 181.94 143.77 183.30 165.64 125.83 169.19 ship 0 0.998802 votes=3
571.63 -0.86 578.22 47.92 560.51 50.31 553.93 1.54 ship 0 0.998788 votes=3
697.73 471.17 700.18 511.05 685.73 511.93 683.28 472.06 ship 0 0.998625 votes=3
679.95 474.59 680.36 512.74 663.79 512.92 663.37 474.77 ship 0 0.998596 votes=3
575.96 298.76 576.60 342.03 560.78 342.27 560.13 298.99 ship 0 0.998498 votes=3
658.71 476.70 659.05 518.56 644.60 518.67 644.26 476.82 ship 0 0.998496 votes=3
413.83 301.16 414.62 351.26 397.09 351.53 396.30 301.43 ship 0 0.998440 votes=3
179.82 588.95 247.01 587.17 247.53 607.08 180.34 608.85 ship 0 0.998311 votes=3
580.40 414.46 580.52 459.77 562.16 459.82 562.04 414.51 ship 0 0.998243 votes=3
122.37 225.64 178.39 221.81 179.97 244.86 123.95 248.69 ship 0 0.998213 votes=3
635.36 412.04 639.02 455.44 625.47 456.58 621.81 413.19 ship 0 0.998209 votes=3
679.37 407.09 679.48 451.84 663.17 451.88 663.05 407.13 ship 0 0.998154 votes=3
109.48 118.14 181.66 111.17 183.72 132.50 111.54 139.47 ship 0 0.998140 votes=3
662.04 294.30 662.95 340.26 646.96 340.58 646.05 294.62 ship 0 0.998117 votes=3
536.59 279.20 536.84 218.85 554.69 218.92 554.45 279.27 ship 0 0.998101 votes=3
603.83 455.82 604.23 419.24 621.37 419.43 620.97 456.01 ship 0 0.998027 votes=3
686.95 338.91 688.49 293.76 704.25 294.30 702.71 339.45 ship 0 0.997990 votes=3
642.45 475.08 642.53 517.97 627.87 518.00 627.79 475.11 ship 0 0.997957 votes=3
457.67 413.67 521.91 415.17 521.45 435.31 457.20 433.82 ship 0 0.997723 votes=3
621.57 473.22 621.80 522.57 604.43 522.65 604.20 473.29 ship 0 0.997634 votes=3
691.62 141.53 764.73 131.56 768.20 157.07 695.09 167.03 ship 0 0.997633 votes=3
445.73 443.51 518.51 439.97 519.56 461.52 446.78 465.06 ship 0 0.997615 votes=3
556.41 408.67 556.44 456.22 539.71 456.23 539.68 408.69 ship 0 0.997598 votes=3
106.23 376.18 195.52 363.02 199.48 389.87 110.19 403.03 ship 0 0.997532 votes=3
461.75 223.82 462.70 274.35 444.78 274.68 443.83 224.16 ship 0 0.996151 votes=3
393.96 299.78 394.37 353.59 369.64 353.78 369.24 299.97 ship 0 0.995778 votes=3
561.46 522.69 562.68 481.82 580.34 482.34 579.12 523.22 ship 0 0.994790 votes=3
743.15 453.36 743.34 417.84 757.97 417.93 757.77 453.44 ship 0 0.991121 votes=3
721.70 454.95 721.75 406.60 738.49 406.61 738.45 454.96 ship 0 0.984578 votes=3
332.37 236.70 786.17 220.60 790.33 337.89 336.53 354.00 harbor 0 0.924554 votes=3
359.94 427.59 749.40 406.48 755.18 513.15 365.71 534.25 harbor 0 0.918830 votes=3
485.34 223.23 488.26 280.37 471.27 281.24 468.35 224.10 ship 0 0.873425 votes=3
200.80 107.51 212.90 400.85 118.90 404.72 106.80 111.39 harbor 0 0.872269 votes=3
190.64 583.74 769.98 590.55 768.35 729.22 189.01 722.40 harbor 0 0.816180 votes=3
782.31 125.38 786.73 259.30 719.92 261.50 715.50 127.58 harbor 0 0.769145 votes=2
