622.15 524.29 637.94 504.02 647.30 511.32 631.51 531.59 vehicle 0 0.997802 votes=3
421.20 364.27 435.51 334.35 448.26 340.44 433.95 370.36 ship 0 0.994516 votes=3
167.28 294.59 167.42 269.12 178.92 269.19 178.77 294.65 ship 0 0.986814 votes=3
492.39 357.63 502.56 333.34 513.84 338.07 503.67 362.35 ship 0 0.981572 votes=3
506.43 400.14 532.29 409.27 528.59 419.75 502.73 410.62 ship 0 0.980728 votes=3
219.32 316.24 220.39 255.65 243.14 256.05 242.07 316.64 ship 0 0.968208 votes=3
178.68 236.20 549.44 341.08 523.78 431.78 153.02 326.90 harbor 0 0.959257 votes=3
636.66 534.21 659.05 509.57 668.44 518.10 646.04 542.74 vehicle 0 0.954771 votes=3
248.27 326.53 249.59 287.75 265.24 288.28 263.92 327.07 ship 0 0.944665 votes=3
643.92 443.69 661.66 454.16 656.32 463.20 638.58 452.73 vehicle 0 0.934397 votes=3
