409.76 103.91 487.71 103.01 487.95 124.56 410.01 125.46 ship 0 0.999664 votes=3
286.58 111.85 366.66 107.41 368.00 131.47 287.92 135.92 ship 0 0.999623 votes=3
604.04 58.69 670.26 57.55 670.60 77.32 604.38 78.45 ship 0 0.999603 votes=3
283.54 149.90 337.07 147.86 337.86 168.52 284.33 170.56 ship 0 0.999566 votes=3
706.72 149.37 765.39 149.07 765.48 167.50 706.82 167.79 ship 0 0.999559 votes=3
446.57 343.00 516.27 340.89 516.95 363.57 447.25 365.67 ship 0 0.999529 votes=3
723.40 547.79 774.35 547.25 774.53 563.31 723.58 563.86 ship 0 0.999442 votes=3
721.47 595.54 786.29 594.67 786.57 615.63 721.75 616.50 ship 0 0.999413 votes=3
442.96 400.01 511.34 399.60 511.47 421.57 443.09 421.98 ship 0 0.999371 votes=3
710.78 292.89 769.90 292.01 770.15 309.16 711.04 310.04 ship 0 0.999354 votes=3
461.64 647.59 518.21 646.40 518.65 667.38 462.08 668.56 ship 0 0.999320 votes=3
722.45 571.56 774.51 570.28 774.95 588.10 722.88 589.38 ship 0 0.999281 votes=3
706.44 179.42 762.40 179.37 762.42 198.12 706.46 198.17 ship 0 0.999262 votes=3
309.53 634.77 356.72 634.89 356.68 650.68 309.49 650.55 ship 0 0.999162 votes=3
292.65 250.28 345.75 250.23 345.77 269.41 292.67 269.46 ship 0 0.999156 votes=3
605.68 537.67 653.38 537.52 653.43 552.91 605.73 553.06 ship 0 0.999121 votes=3
450.92 505.86 509.64 504.06 510.17 521.24 451.45 523.04 ship 0 0.999026 votes=3
600.65 173.99 643.06 172.62 643.51 186.52 601.10 187.90 ship 0 0.998961 votes=3
161.50 523.07 162.55 474.77 179.48 475.14 178.43 523.44 ship 0 0.998939 votes=3
56.80 626.95 99.71 627.44 99.56 640.91 56.64 640.43 ship 0 0.998874 votes=3
447.89 480.27 505.58 480.39 505.54 498.33 447.85 498.20 ship 0 0.998851 votes=3
602.71 330.01 647.42 328.47 647.93 343.29 603.22 344.83 ship 0 0.998806 votes=3
54.74 650.29 97.99 649.87 98.14 665.05 54.89 665.48 ship 0 0.998784 votes=3
709.61 234.72 766.19 234.44 766.28 253.20 709.70 253.48 ship 0 0.998779 votes=3
719.90 682.27 726.42 621.26 748.96 623.67 742.44 684.68 ship 0 0.998764 votes=3
434.55 168.32 509.04 167.70 509.25 192.53 434.75 193.15 ship 0 0.998758 votes=3
711.47 267.63 771.82 263.56 773.03 281.40 712.68 285.47 ship 0 0.998725 votes=3
590.66 100.01 638.73 99.22 639.02 116.57 590.94 117.36 ship 0 0.998690 votes=3
720.52 496.90 781.25 494.23 782.12 514.07 721.39 516.73 ship 0 0.998665 votes=3
443.47 287.84 500.98 287.53 501.08 304.40 443.56 304.71 ship 0 0.998654 votes=3
604.97 455.45 648.52 453.40 649.15 466.81 605.60 468.86 ship 0 0.998644 votes=3
55.54 599.52 101.87 599.06 102.02 614.92 55.70 615.38 ship 0 0.998638 votes=3
301.29 516.05 349.70 514.61 350.13 529.29 301.73 530.73 ship 0 0.998569 votes=3
714.44 369.46 774.68 368.37 774.98 385.00 714.75 386.09 ship 0 0.998550 votes=3
451.63 576.66 509.09 575.92 509.32 593.64 451.86 594.38 ship 0 0.998475 votes=3
453.49 624.53 511.49 622.81 512.03 640.81 454.03 642.54 ship 0 0.998461 votes=3
706.67 206.25 762.09 205.23 762.43 223.75 707.01 224.76 ship 0 0.998435 votes=3
441.09 258.86 503.95 258.10 504.16 275.10 441.30 275.87 ship 0 0.998344 votes=3
194.43 613.88 231.33 613.50 231.46 626.11 194.55 626.48 ship 0 0.998336 votes=3
596.73 152.51 639.06 151.44 639.41 165.02 597.07 166.09 ship 0 0.998313 votes=3
449.67 528.67 506.14 528.37 506.23 545.52 449.76 545.81 ship 0 0.998209 votes=3
297.10 442.95 348.84 441.84 349.20 458.87 297.47 459.98 ship 0 0.998179 votes=3
192.19 514.61 228.46 513.56 228.85 527.00 192.58 528.05 ship 0 0.998146 votes=3
304.63 609.46 356.10 610.03 355.91 627.50 304.44 626.94 ship 0 0.998103 votes=3
610.58 559.99 646.20 559.54 646.37 573.31 610.76 573.77 ship 0 0.998089 votes=3
448.10 456.68 508.90 455.47 509.25 472.96 448.45 474.17 ship 0 0.998069 votes=3
717.11 393.04 770.96 392.19 771.29 412.82 717.43 413.67 ship 0 0.998014 votes=3
719.00 471.25 777.22 470.15 777.57 488.73 719.36 489.83 ship 0 0.997934 votes=3
725.58 522.25 771.94 520.33 772.51 534.29 726.16 536.21 ship 0 0.997927 votes=3
42.78 241.77 104.07 239.81 104.57 255.41 43.28 257.37 ship 0 0.997917 votes=3
183.48 176.01 220.77 176.11 220.73 189.40 183.45 189.30 ship 0 0.997888 votes=3
599.81 217.15 641.29 216.71 641.44 230.91 599.96 231.35 ship 0 0.997716 votes=3
52.26 473.52 94.57 475.02 94.07 489.06 51.76 487.56 ship 0 0.997701 votes=3
599.67 283.93 645.13 283.91 645.14 299.22 599.67 299.24 ship 0 0.997667 votes=3
601.78 307.23 646.16 306.63 646.38 322.55 601.99 323.15 ship 0 0.997663 votes=3
292.30 227.69 341.28 228.18 341.13 243.65 292.14 243.17 ship 0 0.997649 votes=3
299.96 395.94 348.26 394.71 348.66 410.70 300.36 411.93 ship 0 0.997614 votes=3
182.65 136.51 218.86 136.35 218.92 149.07 182.71 149.23 ship 0 0.997571 votes=3
605.40 412.76 648.20 412.84 648.18 427.50 605.37 427.42 ship 0 0.997481 votes=3
49.37 525.03 94.58 523.84 94.97 538.55 49.76 539.74 ship 0 0.997478 votes=3
604.87 392.12 646.95 391.14 647.30 406.06 605.22 407.04 ship 0 0.997447 votes=3
717.06 422.84 772.35 418.62 773.62 435.31 718.33 439.54 ship 0 0.997444 votes=3
53.50 497.41 96.29 497.09 96.39 511.13 53.61 511.45 ship 0 0.997397 votes=3
182.48 156.34 219.70 156.75 219.56 169.10 182.34 168.69 ship 0 0.997359 votes=3
450.20 600.71 508.54 599.94 508.78 617.80 450.43 618.57 ship 0 0.997264 votes=3
597.33 237.91 643.55 239.42 643.04 254.76 596.83 253.25 ship 0 0.997223 votes=3
706.19 124.02 761.55 124.13 761.51 141.28 706.16 141.16 ship 0 0.997147 votes=3
184.63 352.53 227.73 352.25 227.82 366.04 184.72 366.32 ship 0 0.997132 votes=3
186.73 374.32 225.43 374.35 225.42 388.16 186.72 388.14 ship 0 0.996948 votes=3
47.43 397.96 90.13 397.02 90.42 410.24 47.73 411.19 ship 0 0.996804 votes=3
607.53 474.71 652.40 474.74 652.39 490.88 607.52 490.85 ship 0 0.996772 votes=3
303.48 564.17 353.05 560.97 354.17 578.30 304.60 581.51 ship 0 0.996709 votes=3
294.43 322.28 344.97 322.34 344.95 340.37 294.42 340.31 ship 0 0.996685 votes=3
192.87 534.63 229.60 533.79 229.89 546.47 193.16 547.31 ship 0 0.996598 votes=3
50.13 446.98 86.61 446.83 86.66 460.09 50.18 460.23 ship 0 0.996408 votes=3
443.14 229.07 503.68 231.26 503.05 248.74 442.50 246.55 ship 0 0.996343 votes=3
183.21 215.48 223.22 214.35 223.61 227.99 183.59 229.12 ship 0 0.996335 votes=3
182.57 196.17 218.87 195.63 219.06 208.34 182.77 208.89 ship 0 0.996322 votes=3
47.24 419.27 92.94 417.97 93.38 433.46 47.68 434.76 ship 0 0.995980 votes=3
44.37 317.49 89.43 317.41 89.45 332.09 44.40 332.17 ship 0 0.995768 votes=3
188.99 455.11 226.04 454.98 226.08 467.65 189.03 467.79 ship 0 0.995486 votes=3
184.82 294.80 220.85 294.23 221.06 307.63 185.03 308.20 ship 0 0.995277 votes=3
195.72 573.94 232.97 573.65 233.07 586.89 195.82 587.18 ship 0 0.995258 votes=3
194.07 593.22 230.75 592.88 230.87 605.87 194.19 606.22 ship 0 0.995165 votes=3
303.57 468.96 347.61 465.85 348.70 481.23 304.66 484.34 ship 0 0.995143 votes=3
606.59 350.33 648.29 349.61 648.55 365.02 606.86 365.75 ship 0 0.995050 votes=3
46.08 269.44 89.80 269.52 89.78 283.70 46.06 283.63 ship 0 0.995017 votes=3
48.10 343.12 92.33 343.26 92.29 357.71 48.05 357.56 ship 0 0.994842 votes=3
191.67 414.53 224.86 414.17 224.99 426.42 191.81 426.78 ship 0 0.994786 votes=3
607.14 371.38 646.35 372.15 646.09 385.49 606.88 384.72 ship 0 0.994717 votes=3
190.21 474.73 227.37 474.09 227.60 487.18 190.43 487.82 ship 0 0.993919 votes=3
191.30 494.00 227.91 493.85 227.96 506.40 191.35 506.55 ship 0 0.993486 votes=3
47.22 371.82 92.31 370.45 92.77 385.46 47.67 386.82 ship 0 0.993282 votes=3
183.18 334.68 224.57 334.20 224.71 347.24 183.32 347.71 ship 0 0.993250 votes=3
189.86 394.96 229.35 394.26 229.58 407.28 190.09 407.98 ship 0 0.992364 votes=3
194.35 654.53 231.32 654.30 231.39 665.99 194.42 666.21 ship 0 0.992305 votes=3
184.69 255.81 215.87 255.34 216.06 267.89 184.88 268.36 ship 0 0.992240 votes=3
193.61 553.37 229.69 553.50 229.65 566.19 193.57 566.06 ship 0 0.991824 votes=3
302.43 297.45 338.82 298.20 338.54 312.13 302.14 311.38 ship 0 0.991099 votes=3
185.73 236.20 223.45 235.24 223.78 247.97 186.06 248.93 ship 0 0.990808 votes=3
186.71 314.82 224.77 313.39 225.29 327.47 187.24 328.89 ship 0 0.989524 votes=3
196.50 675.03 223.65 673.20 224.42 684.74 197.28 686.57 ship 0 0.988523 votes=3
186.97 275.53 221.02 274.85 221.27 287.71 187.22 288.39 ship 0 0.987205 votes=3
720.12 446.89 774.40 446.28 774.59 462.80 720.31 463.41 ship 0 0.985824 votes=3
183.64 115.56 218.40 116.21 218.18 127.86 183.42 127.21 ship 0 0.983444 votes=3
608.02 433.89 652.61 434.63 652.37 449.36 607.78 448.62 ship 0 0.980465 votes=3
45.03 294.56 93.84 294.12 93.96 307.22 45.14 307.66 ship 0 0.977003 votes=3
52.88 575.50 103.71 575.31 103.77 590.56 52.94 590.75 ship 0 0.973874 votes=3
105.03 133.73 109.30 716.22 31.57 716.79 27.30 134.30 harbor 0 0.966494 votes=3
307.94 658.85 335.05 655.95 336.26 667.27 309.15 670.17 ship 0 0.956548 votes=3
222.17 107.43 235.12 690.87 177.59 692.14 164.64 108.71 harbor 0 0.949145 votes=3
358.35 127.46 374.30 675.48 299.70 677.66 283.74 129.63 harbor 0 0.905984 votes=3
439.60 142.69 498.07 142.15 498.23 158.57 439.75 159.11 ship 0 0.883900 votes=3
188.41 433.52 224.38 432.93 224.62 447.76 188.66 448.35 ship 0 0.865957 votes=3
510.56 127.79 516.85 700.67 433.43 701.59 427.14 128.70 harbor 0 0.791462 votes=3
764.10 78.97 776.50 743.94 690.41 745.55 678.01 80.58 harbor 0 0.751215 votes=3
597.11 767.90 599.02 75.74 668.35 75.93 666.44 768.09 harbor 0 0.712597 votes=3
