52.11 573.49 62.63 201.24 335.91 208.95 325.39 581.21 Expressway-Service-area 0 0.999231 votes=3
431.93 578.82 446.93 220.22 716.75 231.51 701.76 590.11 Expressway-Service-area 0 0.998498 votes=3
311.23 346.69 315.54 310.28 321.61 311.00 317.31 347.41 vehicle 0 0.998167 votes=3
427.45 540.72 430.21 494.51 439.74 495.08 436.98 541.28 vehicle 0 0.997163 votes=3
378.36 229.45 379.13 200.76 385.52 200.93 384.75 229.62 vehicle 0 0.995696 votes=3
288.87 403.28 289.08 441.06 282.40 441.10 282.19 403.31 vehicle 0 0.993524 votes=3
466.64 474.86 467.45 428.71 475.92 428.86 475.11 475.00 vehicle 0 0.991206 votes=3
298.63 450.34 298.67 408.18 305.26 408.18 305.22 450.34 vehicle 0 0.976623 votes=3
291.46 306.59 296.01 272.64 303.74 273.67 299.19 307.63 vehicle 0 0.956287 votes=3
558.23 299.69 596.42 308.73 594.67 316.13 556.48 307.08 vehicle 0 0.956089 votes=3
439.54 369.41 441.22 313.04 447.58 313.23 445.90 369.60 vehicle 0 0.912106 votes=3
323.79 449.63 323.79 408.78 330.55 408.78 330.55 449.63 vehicle 0 0.859288 votes=3
179.96 446.70 208.66 452.95 206.98 460.68 178.28 454.44 vehicle 0 0.828295 votes=3
501.87 395.31 521.02 376.54 525.21 380.82 506.06 399.59 vehicle 0 0.800894 votes=2
502.63 390.10 521.73 377.85 526.61 385.46 507.50 397.71 vehicle 0 0.658690 votes=2
215.92 255.72 244.95 248.67 247.04 257.29 218.01 264.33 vehicle 0 0.651947 votes=3
