707.97 333.11 732.16 411.72 703.95 420.40 679.77 341.79 ship 0 0.999539 votes=3
349.16 110.82 452.25 67.44 465.24 98.30 362.14 141.67 ship 0 0.999492 votes=3
459.77 216.22 538.10 183.59 549.29 210.46 470.96 243.10 ship 0 0.999486 votes=3
116.61 409.29 181.40 390.17 188.18 413.16 123.39 432.27 ship 0 0.999452 votes=3
642.56 359.08 664.68 435.24 638.63 442.81 616.51 366.65 ship 0 0.999323 votes=3
417.51 389.05 485.83 355.98 496.67 378.38 428.35 411.44 ship 0 0.999286 votes=3
341.05 235.53 418.32 199.71 430.07 225.05 352.80 260.88 ship 0 0.999280 votes=3
377.86 292.09 450.15 263.68 459.25 286.84 386.96 315.25 ship 0 0.999270 votes=3
674.43 350.91 696.66 421.12 670.35 429.45 648.12 359.24 ship 0 0.999255 votes=3
770.43 327.63 789.89 386.30 767.60 393.69 748.14 335.02 ship 0 0.999243 votes=3
460.67 518.94 540.73 482.41 551.42 505.84 471.37 542.38 ship 0 0.999166 votes=3
123.47 273.51 151.60 348.98 125.44 358.73 97.30 283.26 ship 0 0.999052 votes=3
491.71 284.79 552.45 258.34 560.32 276.42 499.59 302.87 ship 0 0.999019 votes=3
449.58 188.55 505.32 159.35 515.39 178.57 459.65 207.77 ship 0 0.999009 votes=3
414.73 128.47 479.73 93.58 492.20 116.80 427.20 151.69 ship 0 0.998899 votes=3
554.48 423.47 571.80 462.18 556.01 469.24 538.69 430.53 ship 0 0.998869 votes=3
393.93 360.79 475.47 321.75 487.23 346.30 405.69 385.35 ship 0 0.998814 votes=3
618.73 401.56 631.01 437.22 615.73 442.48 603.44 406.82 ship 0 0.998600 votes=3
327.84 203.05 401.85 167.35 413.58 191.66 339.57 227.36 ship 0 0.998597 votes=3
428.25 161.43 497.73 128.40 507.78 149.54 438.30 182.57 ship 0 0.998311 votes=3
594.89 520.55 617.76 562.76 603.18 570.66 580.31 528.45 ship 0 0.997300 votes=3
325.32 143.32 349.23 134.27 353.59 145.78 329.68 154.83 ship 0 0.989046 votes=3
564.74 533.08 600.93 612.99 558.14 632.36 521.95 552.45 ship 0 0.978515 votes=3
485.85 90.93 661.88 510.29 493.94 580.79 317.91 161.42 harbor 0 0.945711 votes=3
-11.03 499.53 53.12 273.64 141.35 298.70 77.21 524.59 harbor 0 0.720412 votes=3
