92.67 177.63 676.07 380.31 629.27 515.03 45.87 312.34 Expressway-Service-area 0 0.997876 votes=3
40.40 378.88 601.27 597.53 555.12 715.92 -5.76 497.27 Expressway-Service-area 0 0.997319 votes=3
256.40 356.49 280.18 365.75 277.70 372.13 253.92 362.88 vehicle 0 0.982272 votes=3
139.58 476.02 142.94 499.01 137.16 499.85 133.81 476.86 vehicle 0 0.971724 votes=3
537.56 393.66 554.22 400.57 552.13 405.62 535.47 398.71 vehicle 0 0.945244 votes=3
515.97 437.36 535.48 428.05 538.19 433.75 518.69 443.06 vehicle 0 0.943132 votes=3
763.42 583.67 779.84 588.25 778.26 593.93 761.83 589.34 vehicle 0 0.914254 votes=3
270.13 559.25 286.76 550.25 289.30 554.95 272.68 563.95 vehicle 0 0.913056 votes=3
210.74 340.69 246.46 355.55 243.93 361.63 208.21 346.78 vehicle 0 0.909979 votes=3
282.43 534.49 300.13 522.91 303.94 528.75 286.24 540.33 vehicle 0 0.892984 votes=3
216.44 291.85 226.79 265.55 236.41 269.34 226.06 295.63 vehicle 0 0.772826 votes=3
