200.70 191.14 469.98 657.27 260.89 778.06 -8.39 311.93 Expressway-Service-area 0 0.998448 votes=3
549.65 433.59 556.48 406.13 561.89 407.47 555.06 434.94 vehicle 0 0.998310 votes=3
528.45 3.91 821.01 524.93 598.53 649.86 305.97 128.84 Expressway-Service-area 0 0.998090 votes=3
240.67 395.81 247.65 369.58 253.63 371.17 246.66 397.40 vehicle 0 0.995729 votes=3
569.48 377.43 577.63 352.05 582.64 353.66 574.49 379.04 vehicle 0 0.994676 votes=3
473.57 303.07 496.34 342.24 492.16 344.67 469.39 305.50 vehicle 0 0.993007 votes=3
186.85 365.36 194.90 390.12 190.07 391.69 182.02 366.93 vehicle 0 0.992958 votes=3
221.15 292.58 239.80 337.23 235.27 339.12 216.62 294.47 vehicle 0 0.989669 votes=3
439.34 279.51 450.97 300.59 446.65 302.98 435.01 281.90 vehicle 0 0.987412 votes=3
375.84 344.36 389.27 365.80 384.26 368.94 370.83 347.50 vehicle 0 0.983679 votes=3
540.52 415.06 547.76 390.58 553.83 392.38 546.59 416.86 vehicle 0 0.977320 votes=3
508.15 365.11 522.94 347.48 527.84 351.59 513.05 369.22 vehicle 0 0.969070 votes=3
575.21 413.47 579.59 436.17 574.86 437.08 570.48 414.38 vehicle 0 0.948362 votes=3
398.79 225.01 427.01 255.12 423.76 258.17 395.54 228.05 vehicle 0 0.766348 votes=2
409.53 213.01 430.20 247.19 426.83 249.22 406.17 215.04 vehicle 0 0.726654 votes=3
