614.78 560.16 699.08 561.49 697.94 633.74 613.64 632.41 airplane 0 0.999713 votes=3
348.45 311.45 349.64 485.81 191.37 486.89 190.17 312.53 airplane 0 0.999703 votes=3
146.93 309.20 149.65 459.28 24.57 461.54 21.86 311.46 airplane 0 0.999628 votes=3
512.13 39.67 512.31 80.41 503.01 80.45 502.82 39.71 vehicle 0 0.992471 votes=3
662.57 80.50 662.69 40.59 675.60 40.63 675.47 80.54 vehicle 0 0.989145 votes=3
629.55 43.47 629.80 77.41 621.64 77.47 621.39 43.53 vehicle 0 0.972723 votes=3
559.72 39.77 560.01 80.43 549.31 80.51 549.01 39.84 vehicle 0 0.968126 votes=3
600.97 48.49 601.21 77.84 594.15 77.90 593.91 48.55 vehicle 0 0.952868 votes=3
485.76 80.57 486.03 60.87 494.85 60.99 494.59 80.69 vehicle 0 0.915778 votes=3
484.34 47.92 484.59 84.34 474.64 84.41 474.39 47.99 vehicle 0 0.915623 votes=3
546.18 47.38 546.77 81.53 537.70 81.69 537.10 47.54 vehicle 0 0.910336 votes=3
456.86 35.85 456.89 19.73 464.99 19.74 464.96 35.86 vehicle 0 0.836265 votes=3
584.51 81.95 584.54 52.01 594.81 52.02 594.78 81.96 vehicle 0 0.803777 votes=3
583.29 62.62 583.56 81.81 574.50 81.94 574.22 62.75 vehicle 0 0.796736 votes=3
610.81 27.35 612.76 81.95 604.76 82.24 602.81 27.64 vehicle 0 0.772425 votes=2
