415.91 425.36 416.00 454.47 403.35 454.51 403.26 425.40 ship 0 0.996615 votes=3
386.71 81.02 403.18 110.16 392.81 116.02 376.34 86.88 ship 0 0.996550 votes=3
363.44 590.23 377.31 610.94 368.43 616.89 354.56 596.18 ship 0 0.996482 votes=3
461.08 358.97 461.25 326.17 474.45 326.23 474.29 359.03 ship 0 0.993997 votes=3
279.88 477.93 280.61 512.44 265.26 512.76 264.53 478.25 ship 0 0.993334 votes=3
352.60 592.22 482.31 535.56 514.00 608.09 384.29 664.75 harbor 0 0.992434 votes=3
338.05 430.64 338.47 459.65 326.23 459.83 325.80 430.82 ship 0 0.992275 votes=3
233.85 276.08 497.25 279.58 496.21 357.76 232.81 354.26 harbor 0 0.991862 votes=3
377.06 425.93 377.59 455.47 364.68 455.71 364.15 426.17 ship 0 0.991007 votes=3
512.16 711.94 526.08 744.93 512.02 750.86 498.10 717.88 ship 0 0.990670 votes=3
503.26 571.48 517.18 603.99 503.80 609.72 489.88 577.21 ship 0 0.990669 votes=3
330.12 177.58 347.88 206.19 335.85 213.66 318.08 185.05 ship 0 0.990412 votes=3
289.01 146.73 304.76 174.50 293.58 180.84 277.83 153.07 ship 0 0.990026 votes=3
302.63 475.14 303.66 508.25 288.43 508.73 287.40 475.61 ship 0 0.989979 votes=3
433.16 607.28 447.00 638.34 433.91 644.17 420.07 613.11 ship 0 0.989897 votes=3
383.05 356.54 383.51 325.26 395.93 325.44 395.47 356.73 ship 0 0.989489 votes=3
197.40 437.84 450.46 421.01 455.64 498.91 202.58 515.74 harbor 0 0.989438 votes=3
414.26 564.75 425.42 596.43 413.06 600.79 401.90 569.11 ship 0 0.989345 votes=3
427.40 702.82 541.22 649.85 572.62 717.32 458.80 770.29 harbor 0 0.989256 votes=3
459.83 464.14 460.14 496.79 446.02 496.93 445.70 464.27 ship 0 0.987644 votes=3
346.54 161.65 366.22 191.73 354.44 199.44 334.75 169.36 ship 0 0.986588 votes=3
343.82 352.49 343.91 321.69 357.63 321.73 357.54 352.53 ship 0 0.986269 votes=3
319.97 474.30 320.19 508.83 304.64 508.93 304.43 474.40 ship 0 0.985113 votes=3
547.03 643.82 563.06 676.43 548.29 683.69 532.26 651.08 ship 0 0.984524 votes=3
445.60 360.78 445.63 325.75 458.43 325.76 458.40 360.79 ship 0 0.982417 votes=3
362.31 156.15 379.15 182.74 367.85 189.90 351.00 163.31 ship 0 0.981956 votes=3
508.26 667.75 522.15 694.05 512.71 699.04 498.82 672.73 ship 0 0.981189 votes=3
317.51 321.67 317.60 351.68 304.23 351.72 304.13 321.71 ship 0 0.980874 votes=3
366.73 357.07 366.82 323.49 379.83 323.53 379.74 357.10 ship 0 0.980436 votes=3
431.48 421.21 434.46 452.79 420.72 454.08 417.75 422.51 ship 0 0.979880 votes=3
263.88 354.05 263.93 319.16 278.94 319.18 278.90 354.07 ship 0 0.979808 votes=3
427.31 557.55 439.66 588.05 427.71 592.89 415.36 562.40 ship 0 0.978895 votes=3
420.54 278.89 420.64 311.18 405.96 311.22 405.86 278.94 ship 0 0.978311 votes=3
525.82 657.04 539.36 683.70 526.53 690.23 512.98 663.57 ship 0 0.978099 votes=3
322.59 126.43 338.26 153.49 325.85 160.68 310.18 133.62 ship 0 0.975858 votes=3
367.96 94.47 385.33 119.68 373.61 127.76 356.24 102.54 ship 0 0.975305 votes=3
410.49 617.07 422.83 644.53 410.76 649.95 398.42 622.49 ship 0 0.975294 votes=3
380.85 470.38 382.71 501.28 368.85 502.12 366.99 471.21 ship 0 0.974959 votes=3
342.02 474.14 343.60 505.45 328.79 506.20 327.21 474.90 ship 0 0.974458 votes=3
327.60 307.28 328.02 277.95 340.73 278.13 340.30 307.47 ship 0 0.974450 votes=3
379.37 277.60 379.43 308.30 367.48 308.32 367.43 277.63 ship 0 0.973964 votes=3
459.43 279.03 459.70 311.12 446.17 311.23 445.90 279.15 ship 0 0.973832 votes=3
295.72 198.22 316.00 228.29 302.79 237.20 282.51 207.13 ship 0 0.973184 votes=3
393.03 425.20 395.44 456.17 381.36 457.26 378.95 426.30 ship 0 0.971908 votes=3
445.76 600.76 457.43 626.34 447.07 631.07 435.40 605.48 ship 0 0.970233 votes=3
382.80 309.46 383.04 277.20 397.10 277.30 396.86 309.57 ship 0 0.969781 votes=3
302.63 274.71 303.06 307.60 288.85 307.78 288.42 274.89 ship 0 0.969192 votes=3
226.83 186.33 453.26 40.81 496.96 108.81 270.53 254.34 harbor 0 0.969010 votes=3
492.14 674.19 505.32 701.88 492.44 708.01 479.27 680.32 ship 0 0.968123 votes=3
318.62 277.09 318.86 308.48 305.62 308.58 305.38 277.19 ship 0 0.968114 votes=3
313.92 183.76 330.49 209.54 319.36 216.69 302.79 190.92 ship 0 0.968080 votes=3
421.58 359.75 421.80 325.17 436.97 325.26 436.76 359.85 ship 0 0.968059 votes=3
486.20 352.04 486.29 325.18 501.15 325.23 501.07 352.09 ship 0 0.968041 votes=3
475.83 730.55 487.86 757.93 475.35 763.43 463.31 736.05 ship 0 0.967081 votes=3
392.81 129.42 413.27 159.07 400.42 167.95 379.95 138.30 ship 0 0.965406 votes=3
247.56 232.89 275.56 207.09 286.60 219.07 258.59 244.87 ship 0 0.965390 votes=3
486.62 538.44 499.72 566.49 486.58 572.63 473.48 544.57 ship 0 0.965233 votes=3
455.50 691.49 468.08 717.93 455.65 723.84 443.08 697.40 ship 0 0.965223 votes=3
397.00 469.33 397.69 504.41 384.39 504.68 383.70 469.59 ship 0 0.964347 votes=3
423.94 310.97 424.06 282.02 437.39 282.08 437.27 311.03 ship 0 0.963057 votes=3
455.33 422.25 457.64 452.57 443.81 453.63 441.50 423.30 ship 0 0.962733 votes=3
377.71 140.20 394.99 165.57 383.51 173.40 366.22 148.03 ship 0 0.962041 votes=3
459.93 88.41 477.44 118.04 465.58 125.05 448.07 95.42 ship 0 0.955053 votes=3
479.42 73.56 498.05 104.32 484.88 112.30 466.25 81.53 ship 0 0.954119 votes=3
457.84 40.60 471.10 68.64 458.56 74.57 445.30 46.54 ship 0 0.953606 votes=3
423.16 468.58 424.08 501.52 407.53 501.98 406.62 469.04 ship 0 0.952141 votes=3
265.63 305.54 265.70 273.72 280.41 273.76 280.34 305.57 ship 0 0.951027 votes=3
355.34 427.65 355.56 458.95 341.15 459.05 340.93 427.75 ship 0 0.947532 votes=3
475.88 278.58 476.52 311.92 462.96 312.18 462.31 278.84 ship 0 0.947151 votes=3
219.49 481.10 237.55 519.80 222.69 526.73 204.63 488.03 ship 0 0.945275 votes=3
427.22 110.42 444.78 139.88 432.17 147.40 414.61 117.94 ship 0 0.945253 votes=3
301.71 138.27 318.50 162.71 307.29 170.41 290.50 145.97 ship 0 0.944493 votes=3
476.15 681.23 489.49 710.91 476.53 716.74 463.18 687.06 ship 0 0.938857 votes=3
530.54 703.85 545.02 730.48 532.67 737.20 518.19 710.57 ship 0 0.938846 votes=3
432.10 52.96 450.09 76.52 439.90 84.30 421.91 60.73 ship 0 0.938247 votes=3
275.63 435.19 276.30 462.29 263.21 462.62 262.53 435.52 ship 0 0.938237 votes=3
468.67 590.27 481.84 621.86 469.13 627.16 455.96 595.57 ship 0 0.933130 votes=3
357.86 471.59 358.26 503.42 344.32 503.59 343.92 471.76 ship 0 0.932181 votes=3
436.38 697.31 454.85 725.72 442.22 733.93 423.76 705.52 ship 0 0.927724 votes=3
497.43 722.57 510.40 750.66 496.99 756.84 484.03 728.76 ship 0 0.919327 votes=3
315.05 432.03 316.37 461.51 302.09 462.15 300.77 432.66 ship 0 0.918505 votes=3
547.65 696.72 559.60 720.93 547.79 726.77 535.83 702.55 ship 0 0.917490 votes=3
400.61 70.19 418.55 98.57 406.14 106.41 388.20 78.03 ship 0 0.914224 votes=3
484.01 585.49 494.50 615.48 482.01 619.85 471.51 589.86 ship 0 0.908551 votes=3
337.56 116.90 352.35 142.10 339.60 149.58 324.81 124.39 ship 0 0.899443 votes=3
285.80 347.15 286.28 321.75 296.34 321.94 295.85 347.34 ship 0 0.896446 votes=3
418.71 63.74 432.52 85.37 424.08 90.76 410.27 69.12 ship 0 0.888605 votes=3
405.05 354.51 405.29 324.78 418.26 324.89 418.02 354.62 ship 0 0.877764 votes=3
192.17 229.83 223.40 219.98 227.96 234.44 196.73 244.29 ship 0 0.872930 votes=3
565.88 682.36 579.59 714.12 566.77 719.65 553.07 687.89 ship 0 0.870301 votes=3
451.93 550.91 462.35 579.13 449.55 583.85 439.14 555.63 ship 0 0.868836 votes=3
412.27 118.11 432.10 148.96 418.16 157.92 398.33 127.07 ship 0 0.858326 votes=3
357.58 279.10 357.87 308.84 343.44 308.98 343.15 279.25 ship 0 0.849693 votes=3
240.54 355.79 241.27 323.03 256.96 323.38 256.23 356.14 ship 0 0.842798 votes=3
340.56 321.62 340.95 351.30 326.76 351.48 326.38 321.80 ship 0 0.822655 votes=3
298.75 433.35 299.11 462.10 284.73 462.28 284.38 433.53 ship 0 0.762891 votes=3
354.35 102.26 371.39 130.16 359.91 137.17 342.87 109.27 ship 0 0.760570 votes=2
448.31 97.85 462.76 127.02 448.64 134.01 434.18 104.85 ship 0 0.734031 votes=3
436.48 466.90 437.12 498.19 421.64 498.51 421.00 467.22 ship 0 0.669549 votes=2
