153.89 436.48 227.29 440.36 226.01 464.54 152.62 460.65 ship 0 0.999681 votes=3
174.15 345.66 248.47 348.91 247.33 375.05 173.01 371.81 ship 0 0.999624 votes=3
132.70 621.56 195.14 622.33 194.88 644.10 132.43 643.33 ship 0 0.999448 votes=3
224.25 101.00 240.93 47.74 261.41 54.15 244.73 107.42 ship 0 0.999443 votes=3
135.27 594.98 195.34 587.94 197.83 609.20 137.77 616.24 ship 0 0.999404 votes=3
155.82 530.83 213.53 529.44 214.04 550.40 156.32 551.78 ship 0 0.999356 votes=3
128.55 682.79 181.49 682.52 181.58 699.92 128.63 700.18 ship 0 0.999316 votes=3
143.09 560.88 211.80 559.80 212.17 583.89 143.47 584.96 ship 0 0.999307 votes=3
174.85 160.89 183.70 113.88 200.26 117.01 191.41 164.01 ship 0 0.999297 votes=3
114.69 708.73 197.68 712.79 196.28 741.30 113.30 737.23 ship 0 0.999295 votes=3
91.15 372.56 136.16 373.28 135.89 389.98 90.88 389.25 ship 0 0.999156 votes=3
60.56 602.63 107.87 605.68 106.75 623.05 59.44 620.01 ship 0 0.998767 votes=3
174.18 378.02 222.20 375.82 223.06 394.75 175.04 396.95 ship 0 0.998706 votes=3
98.12 342.53 135.95 345.18 134.75 362.17 96.93 359.52 ship 0 0.998515 votes=3
198.84 314.88 239.59 318.36 238.16 335.09 197.41 331.61 ship 0 0.998214 votes=3
57.03 625.42 105.43 630.64 103.41 649.42 55.00 644.20 ship 0 0.998163 votes=3
70.92 533.40 111.03 540.26 108.16 557.01 68.05 550.16 ship 0 0.998041 votes=3
172.42 78.14 185.23 45.64 197.60 50.51 184.80 83.01 ship 0 0.997453 votes=3
162.87 410.57 202.36 411.65 201.89 428.83 162.40 427.75 ship 0 0.997439 votes=3
68.85 510.12 114.11 516.24 111.64 534.51 66.38 528.40 ship 0 0.996519 votes=3
159.84 471.20 200.03 475.47 198.29 491.85 158.10 487.57 ship 0 0.996471 votes=3
151.64 503.44 195.64 503.08 195.77 518.78 151.77 519.14 ship 0 0.994741 votes=3
83.03 455.15 120.62 459.54 118.76 475.48 81.16 471.08 ship 0 0.994205 votes=3
73.31 485.78 114.58 487.84 113.73 504.70 72.47 502.64 ship 0 0.990822 votes=3
40.43 -13.35 337.42 73.15 296.44 213.87 -0.55 127.37 harbor 0 0.986147 votes=3
60.89 693.90 94.90 696.97 93.70 710.31 59.69 707.24 ship 0 0.986055 votes=3
48.59 736.41 81.17 321.52 237.65 333.81 205.07 748.70 harbor 0 0.964507 votes=3
