449.09 471.70 503.07 480.64 500.35 497.05 446.37 488.11 ship 0 0.999439 votes=3
478.84 322.06 520.99 322.16 520.95 336.96 478.80 336.86 ship 0 0.999424 votes=3
577.60 326.13 581.54 274.46 602.30 276.04 598.36 327.72 ship 0 0.999245 votes=3
578.03 737.00 626.28 704.47 636.47 719.57 588.21 752.11 ship 0 0.999016 votes=3
560.57 196.86 569.75 159.62 583.28 162.95 574.10 200.20 ship 0 0.998927 votes=3
513.69 177.58 534.73 141.64 547.04 148.85 526.00 184.79 ship 0 0.998909 votes=3
470.69 297.34 523.29 302.99 521.42 320.36 468.82 314.70 ship 0 0.998680 votes=3
550.40 687.59 608.51 649.14 620.13 666.71 562.02 705.15 ship 0 0.998517 votes=3
474.56 277.42 526.45 279.59 525.65 298.71 473.76 296.54 ship 0 0.998457 votes=3
461.77 382.01 506.27 387.17 504.47 402.64 459.97 397.47 ship 0 0.998399 votes=3
564.97 715.07 605.83 680.16 616.72 692.91 575.86 727.82 ship 0 0.998113 votes=3
471.52 362.96 512.07 364.23 511.63 378.32 471.08 377.05 ship 0 0.997974 votes=3
461.04 449.79 503.39 458.00 500.57 472.53 458.22 464.32 ship 0 0.997838 votes=3
461.51 426.67 505.88 428.82 505.11 444.88 460.73 442.74 ship 0 0.997388 votes=3
461.44 403.10 510.58 405.44 509.79 422.06 460.65 419.72 ship 0 0.997253 votes=3
596.09 377.76 597.74 349.69 609.56 350.38 607.91 378.45 ship 0 0.996791 votes=3
515.65 43.91 553.86 76.70 543.33 88.97 505.13 56.18 ship 0 0.996762 votes=3
604.06 751.84 635.16 722.95 644.23 732.71 613.13 761.60 ship 0 0.996352 votes=3
533.37 371.76 534.09 338.81 547.27 339.09 546.55 372.05 ship 0 0.996154 votes=3
502.60 78.87 531.59 104.72 522.83 114.56 493.83 88.71 ship 0 0.994578 votes=3
579.20 683.56 732.40 578.49 784.68 654.73 631.49 759.79 harbor 0 0.958253 votes=3
480.78 512.99 492.37 258.83 717.31 269.08 705.73 523.24 harbor 0 0.954517 votes=3
541.30 43.26 760.70 134.98 719.36 233.87 499.96 142.15 harbor 0 0.947183 votes=3
