596.08 139.97 736.26 556.02 560.74 615.16 420.56 199.11 Expressway-Service-area 0 0.998897 votes=3
333.83 179.78 500.34 633.57 319.68 699.86 153.17 246.07 Expressway-Service-area 0 0.997996 votes=3
398.02 436.50 408.37 464.69 403.11 466.62 392.76 438.43 vehicle 0 0.988477 votes=3
320.27 367.93 339.82 376.36 337.21 382.41 317.66 373.98 vehicle 0 0.981499 votes=3
495.02 308.33 516.69 301.78 518.79 308.74 497.12 315.28 vehicle 0 0.981134 votes=3
352.17 443.71 372.27 452.56 369.35 459.20 349.24 450.36 vehicle 0 0.977485 votes=3
530.94 368.51 550.59 376.85 548.11 382.71 528.45 374.38 vehicle 0 0.972877 votes=3
385.59 447.90 392.14 468.54 386.72 470.26 380.17 449.62 vehicle 0 0.916646 votes=3
316.53 540.32 350.77 526.61 353.85 534.32 319.62 548.03 vehicle 0 0.864218 votes=2
360.45 473.28 382.37 482.05 379.49 489.23 357.58 480.46 vehicle 0 0.839924 votes=3
286.95 326.80 291.22 351.35 285.44 352.35 281.18 327.80 vehicle 0 0.731412 votes=3
363.08 466.41 384.18 476.59 380.72 483.75 359.62 473.57 vehicle 0 0.714928 votes=3
279.29 333.52 286.76 360.39 279.95 362.29 272.48 335.41 vehicle 0 0.673357 votes=2
