548.30 204.04 552.07 255.74 532.48 257.17 528.71 205.47 ship 0 0.999374 votes=3
378.56 204.43 387.75 261.14 367.54 264.41 358.36 207.70 ship 0 0.999297 votes=3
408.69 489.82 413.17 545.65 393.76 547.20 389.28 491.38 ship 0 0.999227 votes=3
592.18 53.03 652.45 67.51 647.19 89.40 586.92 74.91 ship 0 0.999119 votes=3
412.43 278.24 413.08 340.29 394.50 340.48 393.85 278.43 ship 0 0.999009 votes=3
537.97 483.85 538.58 526.61 523.84 526.82 523.24 484.05 ship 0 0.998947 votes=3
588.20 207.91 591.99 254.58 574.35 256.01 570.56 209.34 ship 0 0.998902 votes=3
465.02 619.07 467.19 661.12 453.01 661.85 450.83 619.80 ship 0 0.998864 votes=3
483.57 615.13 485.09 657.49 471.01 657.99 469.50 615.64 ship 0 0.998830 votes=3
712.98 200.43 715.53 252.57 698.09 253.42 695.54 201.28 ship 0 0.998788 votes=3
596.89 268.63 597.21 326.28 577.03 326.39 576.71 268.74 ship 0 0.998764 votes=3
646.25 416.18 648.85 455.63 635.23 456.53 632.62 417.08 ship 0 0.998746 votes=3
686.44 660.90 687.47 693.96 676.12 694.31 675.09 661.26 ship 0 0.998718 votes=3
532.58 422.04 533.01 465.20 517.27 465.36 516.84 422.20 ship 0 0.998674 votes=3
752.08 414.40 752.30 445.45 740.03 445.54 739.80 414.49 ship 0 0.998518 votes=3
490.54 676.03 491.46 714.99 476.83 715.34 475.91 676.37 ship 0 0.998517 votes=3
638.40 272.27 638.44 315.21 622.79 315.22 622.75 272.28 ship 0 0.998398 votes=3
716.93 701.24 718.04 656.83 733.54 657.22 732.44 701.62 ship 0 0.998383 votes=3
597.40 650.25 597.52 611.76 610.26 611.80 610.13 650.30 ship 0 0.998340 votes=3
671.80 662.61 672.94 697.84 660.29 698.25 659.15 663.01 ship 0 0.998312 votes=3
665.65 411.69 666.88 453.81 653.41 454.20 652.17 412.08 ship 0 0.998225 votes=3
574.92 477.19 576.75 525.21 562.16 525.77 560.33 477.74 ship 0 0.998095 votes=3
523.81 208.92 525.38 256.64 508.94 257.18 507.37 209.46 ship 0 0.998086 votes=3
470.88 679.83 471.15 726.69 455.96 726.78 455.70 679.92 ship 0 0.998077 votes=3
499.77 484.57 501.69 534.50 486.48 535.09 484.56 485.15 ship 0 0.998020 votes=3
617.18 268.01 621.31 310.42 608.19 311.69 604.07 269.29 ship 0 0.997860 votes=3
658.81 270.11 660.35 305.86 647.38 306.41 645.84 270.67 ship 0 0.997717 votes=3
676.10 267.86 677.93 306.53 664.93 307.14 663.09 268.47 ship 0 0.997698 votes=3
647.47 607.58 647.78 644.04 634.16 644.15 633.86 607.70 ship 0 0.997686 votes=3
741.40 318.85 776.84 300.26 783.73 313.40 748.29 331.99 ship 0 0.997638 votes=3
517.99 485.87 521.69 532.27 507.02 533.44 503.32 487.04 ship 0 0.997597 votes=3
606.90 414.75 611.25 456.94 594.87 458.63 590.52 416.44 ship 0 0.997488 votes=3
482.66 488.63 483.11 529.90 468.93 530.06 468.48 488.78 ship 0 0.997458 votes=3
775.76 653.50 796.25 716.02 776.77 722.40 756.28 659.89 ship 0 0.997393 votes=3
631.73 142.48 641.64 101.00 655.28 104.26 645.36 145.74 ship 0 0.997291 votes=3
609.98 214.62 613.46 249.09 601.23 250.33 597.75 215.86 ship 0 0.997208 votes=3
650.37 662.19 651.50 696.80 638.83 697.21 637.71 662.60 ship 0 0.997086 votes=3
666.69 607.68 670.05 643.09 656.93 644.34 653.57 608.92 ship 0 0.996952 votes=3
736.45 417.65 737.04 448.39 725.82 448.61 725.23 417.87 ship 0 0.996742 votes=3
579.04 671.32 579.07 701.19 568.16 701.21 568.12 671.33 ship 0 0.996726 votes=3
721.27 416.75 721.67 450.16 709.25 450.31 708.84 416.90 ship 0 0.996610 votes=3
408.62 742.05 408.75 678.40 429.03 678.44 428.90 742.09 ship 0 0.996471 votes=3
419.70 335.10 419.73 278.14 436.73 278.15 436.69 335.11 ship 0 0.996253 votes=3
502.36 615.16 505.09 656.61 490.46 657.58 487.73 616.13 ship 0 0.996199 votes=3
630.51 608.54 631.44 646.93 618.48 647.25 617.54 608.86 ship 0 0.996080 votes=3
493.96 424.86 496.97 468.76 480.49 469.89 477.48 425.99 ship 0 0.996038 votes=3
730.46 267.36 732.82 297.11 722.43 297.94 720.07 268.19 ship 0 0.996016 votes=3
699.64 602.94 703.79 637.92 691.80 639.35 687.65 604.36 ship 0 0.995906 votes=3
726.60 213.31 729.62 243.89 718.48 244.99 715.46 214.41 ship 0 0.995651 votes=3
592.82 608.96 596.84 650.31 582.52 651.70 578.50 610.34 ship 0 0.995567 votes=3
593.51 481.86 596.12 517.70 584.94 518.52 582.33 482.68 ship 0 0.995489 votes=3
724.25 476.57 729.94 513.46 717.07 515.45 711.38 478.56 ship 0 0.995457 votes=3
691.49 199.63 691.94 248.97 675.25 249.12 674.80 199.79 ship 0 0.995230 votes=3
738.89 595.10 738.93 634.54 724.69 634.56 724.65 595.12 ship 0 0.995023 votes=3
708.27 482.80 709.42 514.52 697.04 514.97 695.89 483.25 ship 0 0.994786 votes=3
419.37 433.63 421.82 475.15 405.68 476.10 403.23 434.58 ship 0 0.994756 votes=3
612.89 668.57 617.29 700.34 606.22 701.87 601.82 670.10 ship 0 0.994640 votes=3
435.32 431.63 437.73 473.80 423.71 474.60 421.30 432.43 ship 0 0.994308 votes=3
703.60 417.17 703.97 449.38 691.00 449.53 690.63 417.32 ship 0 0.994200 votes=3
529.41 679.67 530.49 718.89 515.79 719.29 514.72 680.07 ship 0 0.993999 votes=3
598.83 672.30 599.94 702.60 588.91 703.00 587.80 672.70 ship 0 0.993892 votes=3
673.78 450.08 673.82 414.03 686.50 414.05 686.47 450.09 ship 0 0.993409 votes=3
587.75 420.97 588.49 462.02 575.67 462.25 574.93 421.20 ship 0 0.992657 votes=3
511.53 324.73 513.17 272.35 532.44 272.95 530.79 325.34 ship 0 0.992576 votes=3
747.80 267.49 752.52 302.26 741.33 303.78 736.62 269.00 ship 0 0.992558 votes=3
614.34 488.85 615.15 523.46 602.37 523.76 601.56 489.15 ship 0 0.992227 votes=3
693.90 271.06 693.96 297.09 683.43 297.12 683.37 271.09 ship 0 0.988670 votes=3
661.27 120.37 673.13 104.17 680.51 109.58 668.64 125.77 ship 0 0.987515 votes=3
780.76 375.60 780.96 418.34 768.28 418.40 768.08 375.66 ship 0 0.985666 votes=3
394.73 432.03 397.60 475.12 382.63 476.12 379.76 433.03 ship 0 0.980330 votes=3
559.52 608.53 560.44 653.85 545.24 654.16 544.33 608.83 ship 0 0.975826 votes=3
378.05 625.69 778.63 591.03 787.14 689.48 386.57 724.14 harbor 0 0.965513 votes=3
368.85 205.15 781.08 203.63 781.46 308.57 369.23 310.08 harbor 0 0.959828 votes=3
388.59 431.24 773.53 407.16 779.98 510.31 395.04 534.38 harbor 0 0.959480 votes=3
421.48 618.88 423.67 659.75 409.75 660.49 407.56 619.62 ship 0 0.933618 votes=3
584.61 65.07 785.95 95.73 778.55 144.29 577.22 113.63 harbor 0 0.897108 votes=3
604.99 337.51 754.44 345.89 751.36 400.79 601.91 392.41 harbor 0 0.805461 votes=3
