414.20 352.18 468.20 352.42 468.12 371.17 414.11 370.94 ship 0 0.999471 votes=3
493.78 374.78 554.36 372.80 555.04 393.43 494.46 395.41 ship 0 0.999436 votes=3
621.51 290.10 678.02 290.51 677.88 309.44 621.37 309.03 ship 0 0.999237 votes=3
357.09 81.24 376.41 58.00 385.06 65.18 365.74 88.43 vehicle 0 0.998785 votes=3
519.48 297.34 572.65 296.94 572.78 314.56 519.61 314.96 ship 0 0.998683 votes=3
438.95 260.26 506.71 259.02 507.08 279.27 439.32 280.51 ship 0 0.998535 votes=3
622.93 345.86 673.37 344.96 673.69 362.90 623.25 363.80 ship 0 0.998442 votes=3
767.90 150.09 768.27 111.91 780.36 112.02 780.00 150.21 ship 0 0.998072 votes=3
644.26 235.30 676.43 235.72 676.26 248.28 644.09 247.86 ship 0 0.997909 votes=3
511.38 60.74 511.67 98.06 499.02 98.16 498.73 60.84 vehicle 0 0.997710 votes=3
420.11 408.58 472.50 406.72 473.19 425.97 420.79 427.84 ship 0 0.997189 votes=3
530.04 182.52 573.01 181.35 573.46 197.62 530.48 198.79 ship 0 0.996833 votes=3
635.21 207.79 677.31 206.99 677.63 223.76 635.53 224.55 ship 0 0.996398 votes=3
491.24 465.19 532.25 464.67 532.42 478.02 491.41 478.54 ship 0 0.995463 votes=3
643.98 179.66 675.11 179.50 675.16 190.56 644.04 190.71 ship 0 0.995234 votes=3
631.71 430.91 680.94 425.55 682.81 442.76 633.59 448.11 ship 0 0.995187 votes=3
776.28 202.58 776.40 254.45 759.67 254.49 759.55 202.62 ship 0 0.994591 votes=3
534.04 240.45 567.93 240.16 568.04 253.06 534.15 253.34 ship 0 0.994507 votes=3
103.66 209.04 154.93 227.76 147.44 248.27 96.16 229.54 ship 0 0.986672 votes=3
413.46 464.15 416.24 280.68 547.26 282.67 544.48 466.14 harbor 0 0.984333 votes=3
-101.46 723.98 322.75 -54.07 455.77 18.45 31.56 796.50 bridge 0 0.942259 votes=3
494.51 440.04 536.62 439.14 536.91 452.96 494.80 453.86 ship 0 0.930813 votes=3
698.24 148.23 702.30 479.01 633.76 479.85 629.70 149.07 harbor 0 0.914049 votes=3
493.73 325.66 535.27 325.59 535.29 340.12 493.75 340.19 ship 0 0.898846 votes=3
