638.23 258.06 719.74 331.04 661.46 396.13 579.95 323.15 airplane 0 0.999614 votes=3
553.45 363.10 628.75 450.88 554.65 514.45 479.35 426.67 airplane 0 0.999366 votes=3
26.96 162.70 40.65 141.99 49.54 147.86 35.84 168.57 vehicle 0 0.995229 votes=3
80.35 192.67 91.97 202.47 87.84 207.37 76.22 197.58 vehicle 0 0.894129 votes=3
758.08 14.30 775.17 29.01 769.49 35.62 752.39 20.90 vehicle 0 0.872397 votes=3
318.88 436.90 333.05 419.76 339.82 425.35 325.65 442.50 vehicle 0 0.857103 votes=3
69.96 19.11 80.52 -0.03 87.45 3.79 76.89 22.93 vehicle 0 0.823988 votes=3
592.67 188.88 603.78 197.67 599.59 202.96 588.48 194.18 vehicle 0 0.816790 votes=3
418.01 159.39 434.36 136.70 445.47 144.71 429.11 167.40 vehicle 0 0.729614 votes=3
690.81 279.66 733.20 285.26 731.58 297.49 689.19 291.89 vehicle 0 0.684578 votes=3
