551.52 304.27 628.10 295.98 630.27 315.96 553.68 324.25 ship 0 0.999688 votes=3
326.51 136.48 377.13 136.85 377.01 153.06 326.38 152.68 ship 0 0.999534 votes=3
155.48 113.98 221.94 115.56 221.47 135.26 155.01 133.68 ship 0 0.999496 votes=3
152.55 161.37 192.06 161.81 191.90 175.89 152.39 175.44 ship 0 0.999475 votes=3
320.66 182.45 369.87 181.72 370.12 198.58 320.91 199.31 ship 0 0.999459 votes=3
320.26 226.52 371.01 226.63 370.98 243.75 320.22 243.64 ship 0 0.999454 votes=3
681.48 292.16 753.03 280.48 756.29 300.47 684.74 312.15 ship 0 0.999397 votes=3
14.16 92.53 88.94 92.42 88.97 113.39 14.19 113.50 ship 0 0.999364 votes=3
148.04 404.28 191.56 404.25 191.57 418.75 148.06 418.79 ship 0 0.999313 votes=3
317.39 159.84 372.22 160.34 372.07 177.26 317.24 176.77 ship 0 0.999268 votes=3
203.68 140.56 259.31 140.45 259.35 157.91 203.71 158.02 ship 0 0.999214 votes=3
322.30 313.43 368.28 313.77 368.17 329.38 322.18 329.04 ship 0 0.999199 votes=3
318.45 248.58 369.09 248.18 369.22 265.66 318.59 266.06 ship 0 0.999175 votes=3
383.25 145.19 437.55 143.68 438.02 160.27 383.72 161.79 ship 0 0.999172 votes=3
204.01 453.56 248.90 453.69 248.85 469.55 203.96 469.42 ship 0 0.999165 votes=3
380.20 167.93 432.21 168.12 432.15 184.77 380.14 184.59 ship 0 0.999107 votes=3
382.59 210.44 431.58 210.78 431.45 228.73 382.47 228.40 ship 0 0.999100 votes=3
203.67 384.22 253.94 384.27 253.92 401.28 203.65 401.24 ship 0 0.999078 votes=3
318.92 447.08 368.94 446.10 369.26 462.31 319.24 463.29 ship 0 0.999056 votes=3
379.19 255.52 434.65 255.66 434.60 273.02 379.15 272.87 ship 0 0.999009 votes=3
382.40 300.91 442.30 300.39 442.46 318.23 382.55 318.75 ship 0 0.998992 votes=3
323.97 204.48 369.72 204.57 369.69 222.12 323.94 222.03 ship 0 0.998992 votes=3
6.18 227.52 45.79 227.01 45.95 240.05 6.35 240.56 ship 0 0.998979 votes=3
58.02 325.44 100.95 325.62 100.90 339.20 57.97 339.02 ship 0 0.998952 votes=3
153.23 466.71 192.91 465.74 193.24 479.42 153.57 480.40 ship 0 0.998945 votes=3
377.74 189.24 435.30 188.73 435.45 206.48 377.90 206.99 ship 0 0.998938 votes=3
205.53 184.69 260.50 185.05 260.38 202.18 205.42 201.83 ship 0 0.998937 votes=3
680.24 336.57 716.11 335.50 716.53 349.28 680.66 350.36 ship 0 0.998937 votes=3
699.92 543.43 734.81 539.94 736.02 552.01 701.12 555.50 ship 0 0.998868 votes=3
209.76 407.18 259.85 406.42 260.08 421.99 209.99 422.74 ship 0 0.998860 votes=3
153.28 222.34 192.23 222.84 192.04 237.06 153.10 236.56 ship 0 0.998860 votes=3
154.13 446.09 195.14 446.45 195.01 461.07 154.00 460.72 ship 0 0.998846 votes=3
751.89 614.60 787.13 611.46 788.26 624.16 753.02 627.30 ship 0 0.998824 votes=3
581.34 603.90 614.80 603.28 615.03 615.65 581.57 616.27 ship 0 0.998822 votes=3
325.51 358.40 367.95 358.08 368.06 373.01 325.62 373.33 ship 0 0.998797 votes=3
206.18 340.47 252.35 340.61 252.31 356.45 206.13 356.31 ship 0 0.998790 votes=3
154.47 342.46 193.96 341.92 194.14 355.28 154.66 355.82 ship 0 0.998782 votes=3
380.01 463.85 442.26 464.77 442.01 482.01 379.76 481.08 ship 0 0.998759 votes=3
57.50 468.35 99.64 468.33 99.65 481.84 57.51 481.85 ship 0 0.998755 votes=3
377.96 440.57 428.86 440.36 428.93 456.92 378.03 457.13 ship 0 0.998748 votes=3
381.66 323.19 432.78 322.87 432.89 340.85 381.77 341.16 ship 0 0.998748 votes=3
204.26 251.49 251.06 252.06 250.84 270.00 204.04 269.43 ship 0 0.998730 votes=3
55.30 203.60 96.19 203.49 96.23 217.16 55.34 217.26 ship 0 0.998691 votes=3
380.62 392.90 429.48 394.14 429.09 409.48 380.23 408.24 ship 0 0.998581 votes=3
323.53 378.49 367.30 379.38 366.96 395.63 323.19 394.73 ship 0 0.998573 votes=3
556.88 437.94 598.14 437.23 598.37 450.48 557.11 451.19 ship 0 0.998565 votes=3
208.53 362.50 257.67 362.63 257.62 379.55 208.49 379.42 ship 0 0.998565 votes=3
152.94 487.28 193.31 487.44 193.25 502.80 152.88 502.64 ship 0 0.998539 votes=3
737.34 438.60 772.98 437.66 773.33 451.10 737.70 452.04 ship 0 0.998516 votes=3
574.29 523.21 606.42 521.04 607.15 531.91 575.02 534.08 ship 0 0.998513 votes=3
11.37 245.23 46.07 245.00 46.16 258.01 11.46 258.23 ship 0 0.998488 votes=3
730.14 386.44 761.67 383.85 762.74 396.91 731.21 399.50 ship 0 0.998482 votes=3
552.60 349.62 589.48 346.92 590.53 361.29 553.66 363.99 ship 0 0.998462 votes=3
756.63 650.12 790.03 649.55 790.25 662.39 756.85 662.95 ship 0 0.998451 votes=3
54.52 142.13 99.44 143.07 99.14 157.08 54.23 156.14 ship 0 0.998432 votes=3
625.73 609.26 660.12 606.74 661.06 619.43 626.67 621.96 ship 0 0.998432 votes=3
380.36 278.05 429.69 278.71 429.46 295.76 380.13 295.09 ship 0 0.998429 votes=3
10.45 263.49 46.17 263.63 46.12 276.95 10.40 276.81 ship 0 0.998412 votes=3
325.53 272.30 367.69 272.15 367.75 288.40 325.59 288.54 ship 0 0.998372 votes=3
57.44 225.97 97.38 225.84 97.42 238.02 57.48 238.15 ship 0 0.998372 votes=3
55.83 427.72 96.97 427.44 97.07 441.98 55.92 442.25 ship 0 0.998368 votes=3
11.11 464.57 45.84 464.36 45.92 477.47 11.19 477.69 ship 0 0.998309 votes=3
153.65 363.24 193.71 363.02 193.79 377.13 153.73 377.34 ship 0 0.998308 votes=3
159.31 286.18 195.26 285.97 195.34 299.21 159.39 299.42 ship 0 0.998300 votes=3
207.37 498.30 247.55 500.41 246.85 513.85 206.67 511.75 ship 0 0.998257 votes=3
10.81 411.27 43.93 411.00 44.03 422.81 10.91 423.08 ship 0 0.998248 votes=3
698.71 526.67 733.51 524.06 734.41 536.06 699.61 538.67 ship 0 0.998213 votes=3
622.10 556.49 653.96 554.97 654.57 567.71 622.71 569.23 ship 0 0.998211 votes=3
59.80 285.82 99.78 285.34 99.93 298.18 59.95 298.67 ship 0 0.998208 votes=3
55.38 365.88 95.03 365.94 95.01 380.30 55.36 380.24 ship 0 0.998175 votes=3
11.24 498.58 44.26 499.44 43.94 511.53 10.92 510.67 ship 0 0.998170 votes=3
379.10 233.55 436.36 234.29 436.13 251.55 378.88 250.82 ship 0 0.998166 votes=3
733.80 403.36 766.22 401.97 766.76 414.51 734.33 415.89 ship 0 0.998133 votes=3
12.76 158.22 45.48 157.75 45.65 169.52 12.93 169.98 ship 0 0.998109 votes=3
9.19 209.39 45.04 208.48 45.38 221.80 9.53 222.70 ship 0 0.998106 votes=3
745.85 543.42 779.77 542.53 780.08 554.12 746.16 555.00 ship 0 0.998090 votes=3
58.80 344.82 102.61 344.64 102.67 360.38 58.87 360.57 ship 0 0.998069 votes=3
723.23 313.45 755.71 312.95 755.91 326.21 723.43 326.71 ship 0 0.998053 votes=3
378.60 417.61 430.54 415.38 431.26 432.07 379.32 434.29 ship 0 0.998049 votes=3
1.22 191.10 44.35 191.05 44.36 204.84 1.23 204.89 ship 0 0.998049 votes=3
728.74 369.69 763.51 368.29 764.00 380.36 729.23 381.76 ship 0 0.997996 votes=3
552.81 367.98 591.17 366.50 591.68 379.46 553.32 380.95 ship 0 0.997992 votes=3
2.77 283.56 42.92 282.75 43.18 295.20 3.02 296.01 ship 0 0.997976 votes=3
156.45 303.88 194.80 304.04 194.75 317.71 156.39 317.55 ship 0 0.997963 votes=3
7.43 138.21 46.03 138.12 46.07 153.37 7.46 153.46 ship 0 0.997961 votes=3
9.01 317.54 45.94 318.54 45.61 330.89 8.68 329.89 ship 0 0.997940 votes=3
56.53 509.63 100.83 509.26 100.95 522.87 56.64 523.25 ship 0 0.997931 votes=3
380.69 369.93 433.77 369.85 433.80 387.02 380.71 387.10 ship 0 0.997919 votes=3
582.92 587.53 613.81 586.53 614.19 598.17 583.30 599.17 ship 0 0.997907 votes=3
151.26 324.67 190.15 324.46 190.23 337.91 151.33 338.12 ship 0 0.997905 votes=3
154.79 385.53 192.58 385.12 192.73 399.03 154.94 399.44 ship 0 0.997889 votes=3
682.71 374.50 717.48 373.35 717.85 384.50 683.07 385.65 ship 0 0.997870 votes=3
498.29 658.69 499.20 707.38 483.20 707.68 482.30 658.99 ship 0 0.997842 votes=3
207.06 295.20 257.11 295.29 257.09 312.13 207.03 312.04 ship 0 0.997718 votes=3
618.62 540.94 654.22 537.58 655.40 550.07 619.80 553.42 ship 0 0.997718 votes=3
727.57 334.04 763.97 332.31 764.57 344.96 728.17 346.69 ship 0 0.997680 votes=3
55.27 387.43 95.55 387.75 95.45 400.65 55.17 400.34 ship 0 0.997651 votes=3
149.98 530.60 194.13 530.05 194.30 543.98 150.16 544.54 ship 0 0.997601 votes=3
10.34 372.64 45.51 373.13 45.32 386.13 10.16 385.64 ship 0 0.997596 votes=3
201.79 474.34 255.88 475.51 255.53 491.92 201.43 490.74 ship 0 0.997593 votes=3
150.65 508.41 194.14 508.90 193.97 523.83 150.48 523.34 ship 0 0.997580 votes=3
604.57 401.13 636.51 397.44 637.85 409.04 605.91 412.73 ship 0 0.997491 votes=3
11.06 356.27 44.79 355.93 44.90 367.51 11.18 367.85 ship 0 0.997474 votes=3
9.42 429.26 45.61 428.74 45.78 440.79 9.59 441.31 ship 0 0.997448 votes=3
482.36 642.25 482.44 583.10 501.24 583.12 501.15 642.28 ship 0 0.997409 votes=3
9.80 482.08 45.13 483.34 44.73 494.61 9.39 493.35 ship 0 0.997401 votes=3
575.09 538.12 608.30 535.83 609.17 548.45 575.96 550.74 ship 0 0.997329 votes=3
56.73 531.12 100.01 531.05 100.03 544.66 56.76 544.73 ship 0 0.997246 votes=3
755.52 632.06 789.90 629.50 790.84 642.10 756.46 644.66 ship 0 0.997236 votes=3
147.85 180.44 194.69 181.73 194.33 195.02 147.48 193.73 ship 0 0.997211 votes=3
151.78 242.36 194.82 242.52 194.76 256.89 151.72 256.74 ship 0 0.997204 votes=3
319.44 423.59 366.65 424.32 366.41 439.90 319.20 439.18 ship 0 0.997184 votes=3
575.38 555.38 610.78 552.73 611.68 564.80 576.29 567.45 ship 0 0.997150 votes=3
205.58 273.59 256.37 273.96 256.24 291.22 205.45 290.85 ship 0 0.997136 votes=3
750.00 581.79 781.94 579.27 782.85 590.73 750.91 593.25 ship 0 0.997124 votes=3
624.76 592.73 657.94 590.07 658.91 602.18 625.73 604.85 ship 0 0.997103 votes=3
727.59 351.70 760.62 350.15 761.19 362.31 728.16 363.86 ship 0 0.997081 votes=3
555.43 330.94 588.31 328.54 589.24 341.32 556.36 343.71 ship 0 0.997000 votes=3
585.02 637.96 616.82 635.91 617.57 647.59 585.77 649.63 ship 0 0.996940 votes=3
681.63 316.07 714.51 317.04 714.11 330.47 681.23 329.50 ship 0 0.996903 votes=3
56.21 242.90 103.20 242.82 103.23 259.33 56.23 259.41 ship 0 0.996851 votes=3
381.56 347.49 428.31 347.56 428.29 363.32 381.53 363.25 ship 0 0.996707 votes=3
581.22 571.44 612.60 570.18 613.04 581.18 581.66 582.44 ship 0 0.996610 votes=3
623.07 575.52 655.19 572.04 656.51 584.28 624.40 587.76 ship 0 0.996543 votes=3
154.66 424.21 195.20 424.26 195.18 440.30 154.64 440.25 ship 0 0.996526 votes=3
54.18 181.84 96.70 182.34 96.51 198.33 53.99 197.84 ship 0 0.996471 votes=3
756.40 598.27 784.32 597.67 784.54 608.46 756.63 609.05 ship 0 0.996452 votes=3
56.29 447.72 98.50 446.31 98.99 461.02 56.78 462.43 ship 0 0.996289 votes=3
206.09 231.37 251.95 231.17 252.02 247.00 206.16 247.19 ship 0 0.996207 votes=3
324.52 402.06 367.76 401.74 367.87 416.62 324.63 416.94 ship 0 0.996205 votes=3
561.83 419.88 597.18 419.07 597.49 432.72 562.14 433.53 ship 0 0.996195 votes=3
604.30 382.87 634.99 380.14 635.95 390.94 605.26 393.67 ship 0 0.996129 votes=3
578.05 654.16 621.58 650.24 622.88 664.65 579.35 668.58 ship 0 0.996012 votes=3
56.17 407.88 93.06 408.36 92.88 422.09 55.99 421.61 ship 0 0.995887 votes=3
705.84 558.81 737.41 557.14 738.01 568.43 706.43 570.10 ship 0 0.995884 votes=3
566.28 505.48 603.86 503.74 604.49 517.39 566.92 519.13 ship 0 0.995789 votes=3
613.50 468.94 649.50 468.01 649.83 481.03 613.83 481.95 ship 0 0.995737 votes=3
684.40 355.87 716.63 354.20 717.30 367.08 685.07 368.76 ship 0 0.995596 votes=3
738.48 455.60 774.42 454.74 774.73 467.68 738.79 468.54 ship 0 0.995531 votes=3
706.08 575.44 739.03 572.09 740.34 584.96 707.39 588.32 ship 0 0.994933 votes=3
571.55 455.26 600.86 454.23 601.30 466.84 572.00 467.87 ship 0 0.994907 votes=3
9.66 533.60 39.78 533.40 39.86 545.45 9.74 545.65 ship 0 0.994803 votes=3
681.50 390.82 720.31 388.24 721.27 402.54 682.45 405.12 ship 0 0.994738 votes=3
750.38 561.74 783.71 560.03 784.35 572.49 751.02 574.21 ship 0 0.994732 votes=3
152.30 263.27 193.92 263.82 193.73 277.75 152.12 277.21 ship 0 0.994694 votes=3
619.43 523.15 650.98 521.17 651.67 532.25 620.13 534.24 ship 0 0.994641 votes=3
735.24 420.87 772.76 418.48 773.65 432.45 736.13 434.85 ship 0 0.994632 votes=3
15.09 446.78 44.22 446.16 44.46 457.54 15.33 458.16 ship 0 0.994358 votes=3
55.49 161.21 100.53 161.58 100.41 177.22 55.36 176.85 ship 0 0.994201 votes=3
562.56 385.95 594.10 383.91 594.96 397.20 563.42 399.24 ship 0 0.994023 votes=3
742.71 510.70 774.27 509.49 774.72 521.25 743.16 522.46 ship 0 0.993922 votes=3
614.61 487.23 647.71 486.56 647.96 499.17 614.87 499.84 ship 0 0.993921 votes=3
3.28 390.38 44.98 390.49 44.95 404.35 3.24 404.24 ship 0 0.993773 votes=3
2.31 120.34 45.28 120.63 45.18 134.77 2.21 134.48 ship 0 0.993659 votes=3
601.31 347.27 631.22 347.02 631.32 358.60 601.40 358.85 ship 0 0.993594 votes=3
54.87 120.29 93.20 119.57 93.46 133.40 55.13 134.11 ship 0 0.993425 votes=3
203.31 319.28 247.51 318.17 247.92 334.40 203.71 335.50 ship 0 0.992997 votes=3
693.83 442.73 724.59 441.93 724.91 454.19 694.14 454.98 ship 0 0.992628 votes=3
207.18 517.21 240.43 517.63 240.28 529.64 207.03 529.22 ship 0 0.992539 votes=3
211.89 531.89 239.43 532.43 239.21 543.53 211.67 542.99 ship 0 0.992448 votes=3
571.23 474.71 601.85 472.51 602.73 484.84 572.12 487.04 ship 0 0.992415 votes=3
148.33 141.90 194.25 142.05 194.21 155.59 148.28 155.44 ship 0 0.992056 votes=3
602.25 364.72 633.59 364.76 633.57 376.65 602.23 376.60 ship 0 0.991926 votes=3
323.94 293.15 364.67 293.92 364.40 308.17 323.67 307.40 ship 0 0.991817 votes=3
710.04 594.04 738.94 591.06 740.10 602.34 711.20 605.32 ship 0 0.989955 votes=3
15.03 335.83 44.99 336.00 44.92 348.78 14.96 348.62 ship 0 0.989819 votes=3
582.95 619.49 616.47 618.25 616.96 631.69 583.45 632.93 ship 0 0.988761 votes=3
758.58 667.79 790.89 667.16 791.13 679.30 758.81 679.93 ship 0 0.986550 votes=3
434.53 154.31 435.73 476.78 322.60 477.20 321.40 154.73 harbor 0 0.985616 votes=3
605.60 418.54 643.95 411.45 646.31 424.19 607.96 431.28 ship 0 0.985421 votes=3
693.93 461.08 725.01 458.35 726.12 471.07 695.05 473.80 ship 0 0.984877 votes=3
715.41 657.33 743.04 657.26 743.06 668.82 715.44 668.89 ship 0 0.984448 votes=3
154.48 555.30 155.77 139.56 249.34 139.85 248.05 555.59 harbor 0 0.984227 votes=3
563.75 404.40 595.29 402.51 596.00 414.44 564.47 416.33 ship 0 0.982528 votes=3
740.03 474.86 775.40 471.62 776.56 484.34 741.20 487.58 ship 0 0.981706 votes=3
95.65 116.23 96.27 560.11 11.95 560.23 11.34 116.35 harbor 0 0.980987 votes=3
14.81 516.84 41.25 517.54 40.94 529.20 14.50 528.49 ship 0 0.974330 votes=3
630.21 318.24 667.38 703.52 591.14 710.88 553.97 325.59 harbor 0 0.968964 votes=3
755.83 307.76 791.04 694.50 715.71 701.36 680.50 314.62 harbor 0 0.967124 votes=3
630.95 629.97 656.10 628.58 656.67 638.97 631.53 640.37 ship 0 0.961500 votes=3
702.58 494.19 728.64 493.15 729.04 503.20 702.97 504.23 ship 0 0.952138 votes=3
485.79 584.51 489.92 727.14 439.94 728.59 435.81 585.96 harbor 0 0.944483 votes=3
14.74 298.43 41.20 299.31 40.82 310.78 14.36 309.90 ship 0 0.938441 votes=2
744.10 528.22 770.51 527.16 770.94 537.89 744.53 538.95 ship 0 0.922684 votes=3
612.71 453.44 642.10 451.93 642.72 463.97 613.33 465.48 ship 0 0.921996 votes=3
589.39 669.95 617.75 668.93 618.11 679.13 589.76 680.15 ship 0 0.911028 votes=3
699.32 478.61 723.94 478.30 724.08 489.68 699.46 489.98 ship 0 0.907294 votes=3
765.06 684.18 789.70 682.58 790.32 692.14 765.69 693.74 ship 0 0.867433 votes=3
466.25 616.67 466.81 594.65 475.85 594.88 475.28 616.90 ship 0 0.793511 votes=3
593.19 686.03 620.53 685.20 620.84 695.51 593.50 696.34 ship 0 0.742931 votes=3
