477.34 501.93 535.14 615.34 482.75 642.04 424.94 528.63 tenniscourt 0 0.999420 votes=3
317.95 570.66 375.65 681.36 324.22 708.17 266.52 597.47 tenniscourt 0 0.999310 votes=3
237.02 377.87 295.45 488.37 243.66 515.75 185.23 405.25 tenniscourt 0 0.999261 votes=3
456.66 199.47 513.21 310.69 460.65 337.42 404.09 226.20 tenniscourt 0 0.999217 votes=3
301.43 345.10 358.69 454.75 306.98 481.76 249.72 372.10 tenniscourt 0 0.999105 votes=3
382.10 537.45 439.68 648.23 387.98 675.10 330.40 564.33 tenniscourt 0 0.999101 votes=3
522.54 165.97 579.72 275.54 527.68 302.70 470.50 193.12 tenniscourt 0 0.999020 votes=3
254.55 604.05 313.13 714.91 261.18 742.36 202.60 631.50 tenniscourt 0 0.998989 votes=3
588.52 131.03 646.53 240.42 594.36 268.09 536.35 158.69 tenniscourt 0 0.998933 votes=3
174.20 411.19 231.62 522.87 180.08 549.37 122.66 437.69 tenniscourt 0 0.998909 votes=3
655.98 96.68 713.20 205.98 660.96 233.33 603.74 124.03 tenniscourt 0 0.998884 votes=3
353.77 225.57 388.93 294.77 339.51 319.88 304.34 250.69 tenniscourt 0 0.991478 votes=3
