478.87 639.21 483.14 159.56 770.20 162.11 765.93 641.77 Expressway-Service-area 0 0.997286 votes=3
42.98 665.79 47.84 166.57 347.95 169.49 343.10 668.71 Expressway-Service-area 0 0.996658 votes=3
219.96 480.81 220.00 449.50 227.59 449.51 227.55 480.82 vehicle 0 0.994050 votes=3
143.73 271.18 163.76 256.98 167.66 262.48 147.63 276.68 vehicle 0 0.977002 votes=3
594.42 441.52 595.64 412.28 603.67 412.62 602.45 441.85 vehicle 0 0.964204 votes=3
284.21 371.64 284.66 339.78 293.18 339.90 292.72 371.76 vehicle 0 0.933412 votes=3
568.79 434.30 569.69 404.40 577.04 404.62 576.15 434.52 vehicle 0 0.925102 votes=3
243.98 355.73 245.52 325.25 252.66 325.61 251.12 356.09 vehicle 0 0.922978 votes=3
595.14 535.75 597.15 506.48 604.26 506.97 602.25 536.24 vehicle 0 0.910142 votes=3
494.60 239.03 509.31 261.44 504.41 264.66 489.70 242.25 vehicle 0 0.817140 votes=3
