315.37 488.19 338.81 453.82 348.67 460.55 325.23 494.91 ship 0 0.999130 votes=3
35.02 177.81 70.89 181.37 69.74 192.95 33.87 189.38 ship 0 0.998947 votes=3
238.61 410.61 257.30 389.35 264.62 395.78 245.92 417.04 ship 0 0.997294 votes=3
325.31 509.78 336.74 494.68 342.55 499.08 331.12 514.17 ship 0 0.993023 votes=3
301.12 293.75 317.88 281.11 322.95 287.83 306.19 300.47 ship 0 0.991918 votes=3
436.02 364.93 449.48 348.11 455.67 353.06 442.20 369.88 ship 0 0.990088 votes=3
196.16 427.69 218.91 406.05 226.99 414.54 204.24 436.18 ship 0 0.987122 votes=3
227.31 546.88 420.73 673.00 394.54 713.16 201.13 587.04 harbor 0 0.948757 votes=3
312.39 298.92 362.32 234.50 373.05 242.82 323.12 307.24 harbor 0 0.929628 votes=3
651.01 333.41 663.05 347.85 657.64 352.37 645.59 337.92 ship 0 0.905449 votes=3
203.57 435.59 251.53 376.92 261.75 385.27 213.79 443.95 harbor 0 0.897635 votes=3
301.18 502.14 441.81 327.93 611.92 465.25 471.29 639.46 harbor 0 0.897222 votes=3
693.33 290.41 702.89 297.58 699.34 302.31 689.78 295.14 ship 0 0.888931 votes=3
693.96 296.71 768.74 369.30 758.30 380.05 683.52 307.47 harbor 0 0.854677 votes=2
683.32 299.29 764.57 369.22 748.91 387.42 667.66 317.49 harbor 0 0.779323 votes=3
206.10 576.30 258.01 612.51 249.08 625.30 197.17 589.09 ship 0 0.779074 votes=3
659.04 334.10 672.31 439.97 655.51 442.07 642.24 336.21 harbor 0 0.713276 votes=2
