375.43 572.93 451.40 573.36 451.05 635.04 375.08 634.61 storagetank 0 0.999445 votes=3
523.27 296.79 604.70 296.76 604.72 366.24 523.30 366.27 storagetank 0 0.999418 votes=3
520.14 83.58 616.33 84.39 615.62 170.12 519.43 169.31 storagetank 0 0.999393 votes=3
420.85 633.87 504.59 633.47 504.91 700.34 421.17 700.74 storagetank 0 0.999385 votes=3
377.74 37.98 503.85 37.50 504.29 152.12 378.17 152.60 storagetank 0 0.998398 votes=3
479.20 524.40 606.55 524.24 606.70 639.72 479.34 639.88 storagetank 0 0.998358 votes=3
288.29 569.18 288.54 534.63 320.90 534.86 320.65 569.41 storagetank 0 0.984284 votes=3
274.97 569.63 314.17 573.77 310.19 611.40 270.99 607.26 storagetank 0 0.971387 votes=3
169.82 212.68 170.77 252.97 160.81 253.21 159.86 212.91 vehicle 0 0.953098 votes=2
254.48 620.60 307.79 618.88 309.49 671.52 256.18 673.25 storagetank 0 0.929778 votes=3
