384.89 509.30 496.56 471.96 510.75 514.37 399.07 551.72 Expressway-toll-station 0 0.999231 votes=3
380.74 362.83 391.87 396.02 383.55 398.82 372.41 365.62 vehicle 0 0.998238 votes=3
343.31 316.55 344.06 279.83 352.59 280.01 351.83 316.72 vehicle 0 0.996387 votes=3
293.70 547.10 295.99 580.48 288.37 581.00 286.08 547.63 vehicle 0 0.995813 votes=3
241.99 564.64 261.85 593.18 255.46 597.62 235.60 569.09 vehicle 0 0.994875 votes=3
299.31 661.15 333.88 653.13 335.64 660.69 301.06 668.71 vehicle 0 0.994690 votes=3
368.05 184.02 374.62 202.42 368.09 204.75 361.53 186.34 vehicle 0 0.991155 votes=3
308.68 689.89 335.05 672.54 339.15 678.78 312.79 696.14 vehicle 0 0.991122 votes=3
453.20 704.37 463.07 739.17 455.42 741.34 445.55 706.53 vehicle 0 0.989477 votes=3
286.35 687.37 319.51 669.91 322.56 675.72 289.40 693.17 vehicle 0 0.965665 votes=3
