402.22 499.31 415.68 565.19 394.46 569.53 381.00 503.65 ship 0 0.999594 votes=3
281.80 550.51 295.50 611.33 274.43 616.07 260.73 555.25 ship 0 0.999561 votes=3
176.14 571.48 195.01 635.89 173.30 642.25 154.43 577.84 ship 0 0.999544 votes=3
123.64 581.73 139.81 653.00 116.58 658.27 100.42 587.00 ship 0 0.999475 votes=3
385.70 439.30 459.47 413.49 467.11 435.32 393.34 461.13 ship 0 0.999362 votes=3
599.71 72.14 657.23 11.93 677.74 31.52 620.22 91.73 ship 0 0.999326 votes=3
44.53 626.64 57.93 685.66 39.29 689.89 25.89 630.88 ship 0 0.999209 votes=3
202.51 573.84 221.42 629.66 201.70 636.35 182.79 580.53 ship 0 0.999002 votes=3
324.72 548.38 339.17 598.70 321.74 603.71 307.29 553.39 ship 0 0.998804 votes=3
341.65 529.92 362.36 590.16 343.28 596.72 322.57 536.48 ship 0 0.998746 votes=3
236.83 647.29 283.01 634.49 287.84 651.92 241.65 664.72 ship 0 0.998744 votes=3
482.61 451.45 533.78 436.90 538.89 454.87 487.72 469.42 ship 0 0.998662 votes=3
339.96 616.33 398.86 599.53 403.57 616.05 344.68 632.85 ship 0 0.998596 votes=3
70.85 694.24 119.89 681.10 123.91 696.12 74.87 709.25 ship 0 0.998378 votes=3
454.16 582.52 498.81 569.71 503.55 586.23 458.90 599.03 ship 0 0.998024 votes=3
416.42 472.66 451.41 461.83 455.68 475.62 420.68 486.45 ship 0 0.997545 votes=3
360.90 636.95 372.73 676.60 355.16 681.85 343.33 642.19 ship 0 0.997530 votes=3
157.59 602.35 168.61 647.19 149.50 651.88 138.48 607.04 ship 0 0.997149 votes=3
255.19 572.61 265.66 614.56 247.63 619.06 237.17 577.10 ship 0 0.996901 votes=3
179.94 659.14 224.10 648.76 228.36 666.91 184.20 677.29 ship 0 0.996661 votes=3
587.33 386.60 632.10 371.95 637.39 388.11 592.61 402.76 ship 0 0.995213 votes=3
425.83 523.69 468.51 511.72 473.24 528.58 430.56 540.55 ship 0 0.995204 votes=3
618.40 414.31 653.65 406.78 656.50 420.12 621.25 427.64 ship 0 0.993942 votes=3
435.82 554.51 470.57 541.31 476.21 556.18 441.47 569.37 ship 0 0.992919 votes=3
308.49 567.79 315.59 607.59 297.79 610.76 290.69 570.96 ship 0 0.991304 votes=3
103.57 622.14 116.54 665.05 97.14 670.92 84.17 628.01 ship 0 0.990961 votes=3
518.75 522.57 578.46 505.35 583.87 524.12 524.16 541.33 ship 0 0.988498 votes=3
426.47 450.49 640.39 381.67 647.16 402.72 433.25 471.54 harbor 0 0.796400 votes=3
