254.08 397.16 254.50 438.24 240.60 438.38 240.18 397.30 ship 0 0.999464 votes=3
127.86 625.65 127.91 585.94 141.71 585.95 141.66 625.66 ship 0 0.999406 votes=3
170.49 547.64 170.60 504.52 184.52 504.55 184.41 547.67 ship 0 0.999337 votes=3
417.72 398.55 417.96 438.93 404.97 439.01 404.74 398.63 ship 0 0.999282 votes=3
143.84 564.11 144.21 508.47 159.72 508.58 159.35 564.22 ship 0 0.999268 votes=3
301.98 396.50 302.12 441.01 287.65 441.05 287.51 396.55 ship 0 0.999229 votes=3
209.77 392.77 210.25 437.92 195.53 438.08 195.05 392.93 ship 0 0.999214 votes=3
465.43 399.05 465.66 438.89 451.86 438.97 451.63 399.14 ship 0 0.999195 votes=3
323.33 506.42 323.58 548.31 310.81 548.39 310.56 506.49 ship 0 0.999135 votes=3
192.47 548.64 193.10 502.40 207.96 502.60 207.33 548.85 ship 0 0.999099 votes=3
102.36 565.78 102.39 517.04 116.87 517.05 116.83 565.79 ship 0 0.999096 votes=3
121.34 586.64 121.80 620.38 109.73 620.54 109.27 586.81 ship 0 0.999061 votes=3
484.46 398.80 484.66 438.64 471.97 438.70 471.77 398.86 ship 0 0.998988 votes=3
375.47 179.23 423.94 177.78 424.38 192.64 375.91 194.08 ship 0 0.998966 votes=3
377.28 551.04 379.01 499.45 394.56 499.97 392.84 551.56 ship 0 0.998910 votes=3
398.35 628.17 399.20 564.37 416.04 564.59 415.19 628.39 ship 0 0.998902 votes=3
357.32 434.44 357.82 396.56 371.25 396.73 370.74 434.61 ship 0 0.998881 votes=3
285.77 549.41 286.02 509.37 299.97 509.45 299.72 549.50 ship 0 0.998826 votes=3
247.04 345.58 247.16 382.39 233.43 382.44 233.31 345.62 ship 0 0.998807 votes=3
292.31 383.32 293.13 345.49 306.41 345.78 305.59 383.61 ship 0 0.998748 votes=3
376.78 158.33 419.81 156.79 420.30 170.54 377.27 172.08 ship 0 0.998636 votes=3
100.46 585.17 100.78 622.78 87.39 622.89 87.07 585.28 ship 0 0.998606 votes=3
508.72 401.95 508.97 445.23 496.66 445.30 496.40 402.02 ship 0 0.998593 votes=3
311.64 435.27 312.76 396.36 325.74 396.73 324.63 435.64 ship 0 0.998552 votes=3
80.48 586.69 80.54 629.12 66.69 629.14 66.63 586.71 ship 0 0.998317 votes=3
437.36 251.94 480.67 251.78 480.72 265.39 437.41 265.55 ship 0 0.998290 votes=3
418.57 345.94 418.79 385.09 407.14 385.16 406.91 346.01 ship 0 0.998241 votes=3
230.14 513.28 230.77 547.27 219.15 547.49 218.51 513.50 ship 0 0.998171 votes=3
61.01 587.79 62.24 631.45 48.58 631.84 47.35 588.17 ship 0 0.998143 votes=3
340.80 244.40 340.85 279.90 328.39 279.92 328.34 244.41 ship 0 0.997713 votes=3
119.86 382.18 120.96 339.96 135.07 340.33 133.97 382.55 ship 0 0.997634 votes=3
141.31 161.09 142.00 190.72 131.52 190.96 130.83 161.34 ship 0 0.997590 votes=3
255.18 383.38 255.87 350.25 267.59 350.49 266.90 383.62 ship 0 0.997526 votes=3
457.59 339.21 457.75 386.25 444.46 386.29 444.30 339.25 ship 0 0.997456 votes=3
437.82 273.44 476.49 272.51 476.76 283.85 438.09 284.78 ship 0 0.997448 votes=3
174.16 161.89 174.60 190.52 164.22 190.68 163.78 162.05 ship 0 0.997398 votes=3
343.95 278.22 344.06 247.98 354.83 248.02 354.71 278.26 ship 0 0.997329 votes=3
361.18 351.05 361.39 383.24 349.45 383.32 349.24 351.13 ship 0 0.997325 votes=3
399.18 348.69 399.36 385.68 387.19 385.74 387.01 348.74 ship 0 0.997313 votes=3
370.89 247.10 370.91 277.79 361.06 277.79 361.04 247.11 ship 0 0.997303 votes=3
281.62 276.91 281.64 248.88 291.49 248.89 291.46 276.92 ship 0 0.997296 votes=3
138.68 380.45 139.10 350.47 151.60 350.64 151.19 380.62 ship 0 0.997276 votes=3
322.64 245.47 322.79 276.94 311.44 276.99 311.30 245.52 ship 0 0.997181 votes=3
342.33 21.75 368.77 18.84 369.86 28.75 343.42 31.66 ship 0 0.997054 votes=3
265.96 276.02 266.31 248.28 276.29 248.41 275.94 276.15 ship 0 0.997051 votes=3
270.71 34.46 298.57 35.15 298.33 44.96 270.46 44.26 ship 0 0.996966 votes=3
368.62 383.50 368.84 349.89 381.12 349.97 380.90 383.58 ship 0 0.996915 votes=3
424.36 245.52 424.38 280.99 412.08 280.99 412.07 245.53 ship 0 0.996794 votes=3
77.83 102.34 97.05 71.09 106.73 77.05 87.51 108.30 ship 0 0.996770 votes=3
210.72 163.05 211.51 199.15 198.60 199.43 197.81 163.33 ship 0 0.996766 votes=3
117.47 266.26 148.34 265.98 148.43 276.13 117.56 276.41 ship 0 0.996648 votes=3
190.83 162.23 191.85 190.98 181.03 191.37 180.01 162.61 ship 0 0.996532 votes=3
141.33 392.93 141.57 426.36 130.24 426.44 130.00 393.01 ship 0 0.996398 votes=3
352.40 204.06 353.03 164.56 365.72 164.76 365.08 204.26 ship 0 0.996308 votes=3
225.39 164.86 225.90 195.44 215.45 195.62 214.94 165.03 ship 0 0.996122 votes=3
260.46 163.89 260.77 196.41 248.99 196.52 248.67 164.00 ship 0 0.996106 votes=3
26.61 621.90 26.92 590.99 38.18 591.10 37.87 622.01 ship 0 0.996068 votes=3
233.01 280.10 233.14 252.91 243.18 252.95 243.06 280.14 ship 0 0.995895 votes=3
277.46 514.88 277.85 548.29 265.83 548.42 265.44 515.02 ship 0 0.995755 votes=3
382.95 43.47 409.29 43.42 409.31 52.51 382.96 52.55 ship 0 0.995755 votes=3
210.61 349.42 211.31 381.42 199.99 381.67 199.28 349.67 ship 0 0.995341 votes=3
497.88 386.73 498.79 352.28 511.20 352.61 510.29 387.05 ship 0 0.994698 votes=3
376.99 280.53 377.52 250.53 388.45 250.72 387.92 280.72 ship 0 0.994246 votes=3
446.49 28.68 473.24 29.72 472.86 39.57 446.11 38.54 ship 0 0.993437 votes=3
275.37 165.42 275.64 198.59 265.20 198.67 264.93 165.51 ship 0 0.992766 votes=3
103.90 374.82 104.44 348.79 114.48 348.99 113.94 375.03 ship 0 0.992478 votes=3
451.00 550.47 451.50 503.77 464.04 503.91 463.54 550.61 ship 0 0.992453 votes=3
172.05 345.63 173.77 377.55 161.97 378.18 160.25 346.27 ship 0 0.991031 votes=3
217.20 277.09 217.31 251.95 227.00 251.99 226.88 277.14 ship 0 0.990498 votes=3
125.30 162.56 126.00 191.66 116.21 191.90 115.51 162.79 ship 0 0.988910 votes=3
269.31 17.41 292.52 19.12 291.94 26.96 268.73 25.25 ship 0 0.988465 votes=3
58.61 97.08 62.55 60.15 74.31 61.40 70.36 98.34 ship 0 0.987842 votes=3
226.88 354.15 227.22 379.99 217.80 380.12 217.46 354.28 ship 0 0.987433 votes=3
33.92 160.97 34.02 198.41 21.79 198.44 21.69 161.00 ship 0 0.987079 votes=3
306.62 252.38 306.92 277.79 297.62 277.91 297.31 252.49 ship 0 0.984887 votes=3
203.27 276.65 203.97 254.17 212.32 254.43 211.62 276.91 ship 0 0.984474 votes=3
97.81 343.69 519.90 349.32 518.71 438.63 96.62 433.00 harbor 0 0.983203 votes=3
372.00 123.58 469.36 103.77 474.97 131.34 377.61 151.15 ship 0 0.981619 votes=3
171.99 277.23 173.14 255.17 181.65 255.62 180.50 277.68 ship 0 0.980930 votes=3
331.36 695.25 354.87 695.02 354.96 704.36 331.45 704.59 ship 0 0.979807 votes=3
311.86 21.30 333.53 21.76 333.34 30.60 311.67 30.15 ship 0 0.979504 votes=3
197.16 38.52 207.32 59.84 199.88 63.39 189.72 42.07 ship 0 0.979473 votes=3
382.76 26.68 406.46 26.91 406.38 35.73 382.67 35.50 ship 0 0.975967 votes=3
187.40 275.36 189.53 251.79 197.85 252.55 195.72 276.11 ship 0 0.973733 votes=3
285.78 348.18 286.37 381.44 276.20 381.62 275.62 348.36 ship 0 0.971144 votes=3
354.75 503.09 355.17 548.67 332.49 548.88 332.07 503.30 ship 0 0.969028 votes=3
298.20 695.80 318.53 695.86 318.50 704.51 298.17 704.45 ship 0 0.966633 votes=3
13.36 163.57 13.38 200.34 2.53 200.35 2.50 163.57 ship 0 0.966482 votes=3
362.92 696.61 386.74 696.61 386.74 706.44 362.92 706.44 ship 0 0.962937 votes=3
9.10 619.69 9.18 598.56 17.61 598.59 17.54 619.72 ship 0 0.951945 votes=3
51.30 506.58 474.11 506.91 474.01 631.01 51.20 630.68 harbor 0 0.948902 votes=3
412.28 29.03 434.92 29.29 434.83 37.07 412.19 36.81 ship 0 0.941698 votes=3
416.59 503.20 416.87 552.46 404.78 552.53 404.49 503.27 ship 0 0.940844 votes=3
23.37 61.55 38.21 91.22 28.86 95.89 14.02 66.22 ship 0 0.920531 votes=3
155.64 35.65 164.68 56.61 157.12 59.86 148.09 38.90 ship 0 0.913035 votes=3
85.16 150.60 418.20 153.29 417.84 197.43 84.81 194.74 harbor 0 0.912405 votes=3
111.67 247.56 443.96 249.33 443.74 290.19 111.45 288.42 harbor 0 0.907972 votes=3
472.04 48.74 492.77 49.46 492.51 56.79 471.78 56.07 ship 0 0.892022 votes=3
165.03 748.66 178.22 740.93 181.36 746.29 168.17 754.01 vehicle 0 0.867454 votes=3
237.28 547.51 241.75 503.57 255.37 504.96 250.90 548.89 ship 0 0.850214 votes=3
2.70 107.25 16.00 115.11 12.55 120.96 -0.76 113.10 vehicle 0 0.787041 votes=3
144.91 40.35 152.81 56.10 146.13 59.45 138.24 43.69 ship 0 0.756944 votes=2
