377.80 590.23 386.38 650.75 367.27 653.46 358.68 592.94 ship 0 0.999442 votes=3
359.11 347.52 365.87 391.95 350.00 394.36 343.24 349.94 ship 0 0.999316 votes=3
340.36 379.83 347.90 429.59 326.75 432.79 319.22 383.03 ship 0 0.998882 votes=3
305.51 190.05 313.14 248.34 293.45 250.92 285.81 192.63 ship 0 0.998782 votes=3
349.34 443.00 362.89 512.78 340.65 517.10 327.10 447.32 ship 0 0.998604 votes=3
323.26 140.67 329.29 192.40 313.01 194.30 306.99 142.56 ship 0 0.997582 votes=3
443.49 336.33 447.98 375.08 435.24 376.55 430.75 337.80 ship 0 0.995859 votes=3
457.85 423.45 462.54 452.33 451.11 454.19 446.42 425.31 ship 0 0.871742 votes=3
440.97 273.56 471.20 451.58 461.23 453.28 431.00 275.25 harbor 0 0.755346 votes=3
644.03 56.94 731.96 445.14 351.55 531.30 263.62 143.10 harbor 0 0.754788 votes=2
