501.20 311.92 508.74 536.33 311.15 542.98 303.60 318.56 chimney 0 0.999372 votes=3
457.17 191.35 458.05 166.02 467.90 166.37 467.02 191.69 vehicle 0 0.987741 votes=3
481.22 189.39 482.56 168.16 490.84 168.68 489.51 189.91 vehicle 0 0.983046 votes=3
496.12 187.60 499.34 167.55 507.24 168.82 504.02 188.86 vehicle 0 0.980500 votes=3
544.60 194.83 546.95 171.76 554.95 172.57 552.61 195.65 vehicle 0 0.974510 votes=3
466.27 217.25 466.31 195.60 474.83 195.62 474.79 217.27 vehicle 0 0.973618 votes=3
501.58 195.80 501.69 215.08 493.21 215.12 493.10 195.85 vehicle 0 0.965140 votes=3
369.13 188.81 370.85 165.86 381.15 166.63 379.42 189.59 vehicle 0 0.949529 votes=3
380.11 122.44 388.60 140.81 382.50 143.63 374.01 125.26 vehicle 0 0.926905 votes=3
565.35 199.56 565.58 220.89 555.89 221.00 555.65 199.67 vehicle 0 0.922708 votes=3
311.96 745.45 340.71 802.14 317.67 813.83 288.92 757.13 chimney 0 0.909069 votes=3
577.48 200.55 577.54 222.35 570.06 222.37 570.00 200.57 vehicle 0 0.901616 votes=3
576.24 172.68 576.57 192.49 567.64 192.64 567.30 172.83 vehicle 0 0.897062 votes=3
516.32 194.69 516.81 214.65 508.53 214.85 508.04 194.89 vehicle 0 0.830712 votes=3
450.73 196.07 451.78 216.28 443.03 216.73 441.98 196.52 vehicle 0 0.819726 votes=3
517.66 126.00 520.52 150.50 511.89 151.51 509.03 127.00 vehicle 0 0.808809 votes=3
575.83 130.24 583.28 149.36 573.30 153.25 565.86 134.13 vehicle 0 0.780719 votes=2
444.69 191.43 445.24 169.17 453.67 169.38 453.13 191.64 vehicle 0 0.768085 votes=3
577.41 131.05 582.93 149.45 572.73 152.51 567.21 134.11 vehicle 0 0.764092 votes=2
417.74 215.17 417.99 196.03 426.37 196.14 426.11 215.28 vehicle 0 0.746493 votes=3
