140.17 338.70 174.66 358.97 167.17 371.71 132.68 351.45 vehicle 0 0.999629 votes=3
454.65 351.71 530.56 224.73 590.90 260.80 515.00 387.78 tenniscourt 0 0.999448 votes=3
312.98 267.78 388.07 141.79 446.95 176.89 371.86 302.88 tenniscourt 0 0.999245 votes=3
383.19 310.05 457.97 183.49 518.43 219.22 443.65 345.78 tenniscourt 0 0.999208 votes=3
242.54 226.07 319.89 99.69 378.29 135.43 300.94 261.81 tenniscourt 0 0.999159 votes=3
89.05 80.68 100.08 58.06 111.84 63.80 100.81 86.41 vehicle 0 0.998076 votes=3
619.74 102.71 632.14 79.60 643.48 85.69 631.08 108.80 vehicle 0 0.997228 votes=3
186.51 20.42 212.38 34.15 207.13 44.04 181.26 30.31 vehicle 0 0.997099 votes=3
101.96 714.43 134.47 716.49 133.74 727.98 101.23 725.92 vehicle 0 0.996902 votes=3
481.82 140.93 497.00 115.77 508.31 122.60 493.13 147.76 vehicle 0 0.995864 votes=3
