405.78 294.32 486.27 298.07 483.05 367.30 402.56 363.55 storagetank 0 0.999381 votes=3
252.89 611.40 350.60 611.65 350.38 698.78 252.66 698.54 storagetank 0 0.999190 votes=3
394.75 369.54 475.12 374.20 471.12 443.27 390.75 438.61 storagetank 0 0.999151 votes=3
483.80 306.79 574.12 310.57 570.47 398.07 480.15 394.29 storagetank 0 0.998950 votes=3
310.76 81.38 374.42 82.78 373.10 142.88 309.43 141.48 storagetank 0 0.998702 votes=3
628.70 118.09 765.09 118.68 764.54 245.48 628.15 244.89 storagetank 0 0.998465 votes=3
342.77 570.24 437.03 571.51 435.87 657.88 341.62 656.61 storagetank 0 0.998337 votes=3
514.40 156.99 579.73 158.66 578.15 220.27 512.82 218.59 storagetank 0 0.998257 votes=3
505.81 223.13 570.99 225.76 568.49 287.88 503.31 285.26 storagetank 0 0.998074 votes=3
300.21 148.97 367.14 152.65 363.86 212.21 296.93 208.53 storagetank 0 0.997734 votes=3
294.39 216.42 360.12 218.44 358.11 283.85 292.38 281.83 storagetank 0 0.996321 votes=3
522.24 88.06 586.18 89.86 584.47 150.48 520.54 148.68 storagetank 0 0.928869 votes=3
249.89 248.64 289.12 249.12 288.83 272.64 249.60 272.15 storagetank 0 0.878283 votes=3
