304.01 210.68 512.59 240.13 502.40 312.27 293.83 282.81 Expressway-toll-station 0 0.999521 votes=3
332.87 22.45 343.11 2.55 351.75 7.00 341.52 26.90 vehicle 0 0.990616 votes=3
507.27 85.11 512.95 65.89 522.00 68.56 516.33 87.78 vehicle 0 0.990370 votes=3
509.85 51.65 511.36 31.08 520.96 31.78 519.45 52.36 vehicle 0 0.975414 votes=3
171.43 70.23 173.06 51.58 181.93 52.36 180.30 71.01 vehicle 0 0.947893 votes=3
150.77 61.56 155.48 45.46 163.83 47.91 159.12 64.00 vehicle 0 0.947023 votes=3
335.48 87.17 340.23 69.83 348.63 72.13 343.88 89.47 vehicle 0 0.946569 votes=3
324.73 63.65 327.17 47.05 334.69 48.16 332.25 64.76 vehicle 0 0.907633 votes=3
93.06 18.06 112.11 22.59 110.23 30.52 91.18 25.99 vehicle 0 0.813116 votes=3
299.74 26.68 317.81 25.00 318.71 34.69 300.64 36.37 vehicle 0 0.768321 votes=3
284.45 53.69 302.87 54.94 302.33 62.90 283.91 61.66 vehicle 0 0.725906 votes=2
316.89 168.06 320.99 152.37 327.55 154.09 323.45 169.78 vehicle 0 0.678483 votes=2
