192.65 634.46 641.35 240.43 795.69 416.20 346.99 810.22 Expressway-Service-area 0 0.992818 votes=3
-51.79 367.56 473.12 -54.71 642.94 156.40 118.04 578.66 Expressway-Service-area 0 0.992577 votes=3
487.75 435.27 524.29 404.98 529.15 410.83 492.60 441.13 vehicle 0 0.988092 votes=3
251.49 433.88 284.36 407.51 288.60 412.79 255.73 439.16 vehicle 0 0.985103 votes=3
332.81 557.01 347.76 544.40 351.63 548.98 336.68 561.59 vehicle 0 0.980957 votes=3
339.82 262.67 358.28 249.61 361.68 254.42 343.22 267.48 vehicle 0 0.980247 votes=3
370.47 549.27 406.50 518.78 411.32 524.47 375.29 554.96 vehicle 0 0.973184 votes=3
254.90 385.57 276.03 370.37 279.73 375.52 258.61 390.72 vehicle 0 0.967859 votes=3
516.02 477.97 553.91 448.13 557.36 452.51 519.47 482.36 vehicle 0 0.963974 votes=3
351.33 229.76 370.62 216.49 374.67 222.37 355.37 235.64 vehicle 0 0.960719 votes=3
448.56 443.55 483.71 415.21 488.05 420.59 452.90 448.93 vehicle 0 0.953227 votes=3
500.87 443.73 534.52 415.78 538.65 420.76 505.00 448.70 vehicle 0 0.935995 votes=3
461.83 529.88 480.87 516.28 484.76 521.73 465.72 535.32 vehicle 0 0.930224 votes=3
394.16 507.25 427.43 478.59 431.71 483.57 398.44 512.22 vehicle 0 0.928419 votes=3
510.19 465.23 546.13 433.76 551.45 439.83 515.51 471.31 vehicle 0 0.923264 votes=3
238.53 365.29 254.63 351.44 259.85 357.51 243.75 371.35 vehicle 0 0.915747 votes=3
412.56 574.53 427.12 559.62 430.86 563.27 416.30 578.18 vehicle 0 0.868480 votes=3
418.36 579.86 435.06 567.98 438.51 572.84 421.81 584.72 vehicle 0 0.861994 votes=3
418.07 515.81 434.67 501.69 438.52 506.22 421.93 520.34 vehicle 0 0.798039 votes=2
362.98 535.44 401.74 510.08 407.01 518.12 368.24 543.48 vehicle 0 0.754109 votes=3
416.93 513.30 433.07 499.90 437.96 505.79 421.82 519.19 vehicle 0 0.744879 votes=2
-1.98 663.97 10.54 656.06 14.27 661.96 1.76 669.87 vehicle 0 0.723431 votes=2
351.98 522.15 367.86 509.45 370.65 512.94 354.77 525.64 vehicle 0 0.626155 votes=2
