117.44 475.56 117.97 341.19 181.31 341.44 180.78 475.81 tenniscourt 0 0.997902 votes=3
621.05 474.73 621.49 342.31 684.95 342.52 684.51 474.94 tenniscourt 0 0.997736 votes=3
198.74 474.69 199.25 342.18 261.63 342.42 261.12 474.93 tenniscourt 0 0.997276 votes=3
279.68 474.46 280.37 341.84 342.72 342.16 342.03 474.79 tenniscourt 0 0.997228 votes=3
458.98 474.53 459.09 341.81 523.56 341.86 523.45 474.58 tenniscourt 0 0.997108 votes=3
37.58 474.33 38.44 341.67 100.20 342.07 99.34 474.73 tenniscourt 0 0.996404 votes=3
540.92 474.59 541.63 341.61 604.52 341.94 603.81 474.92 tenniscourt 0 0.996191 votes=3
765.40 342.53 765.61 474.82 702.27 474.92 702.06 342.63 tenniscourt 0 0.995354 votes=3
162.62 682.51 162.92 656.35 174.04 656.48 173.73 682.64 vehicle 0 0.988985 votes=3
139.37 672.55 143.75 647.55 155.73 649.65 151.35 674.64 vehicle 0 0.983070 votes=3
