398.74 312.34 441.27 346.44 430.64 359.69 388.11 325.59 ship 0 0.998275 votes=3
330.65 396.62 366.99 425.17 358.48 436.00 322.13 407.45 ship 0 0.997066 votes=3
378.44 352.09 399.71 373.21 392.24 380.73 370.97 359.61 ship 0 0.996078 votes=3
391.77 333.95 420.21 358.13 412.42 367.29 383.98 343.11 ship 0 0.995932 votes=3
520.29 416.87 552.36 446.37 543.03 456.52 510.96 427.02 ship 0 0.995850 votes=3
343.60 617.73 373.56 653.11 362.45 662.51 332.50 627.13 ship 0 0.995683 votes=3
482.14 467.11 507.20 489.32 499.88 497.57 474.83 475.36 ship 0 0.992813 votes=3
371.67 443.00 394.82 461.24 387.90 470.03 364.74 451.79 ship 0 0.990167 votes=3
567.67 442.74 585.79 423.58 593.60 430.97 575.48 450.13 ship 0 0.989539 votes=3
446.85 581.95 463.97 561.11 472.19 567.86 455.07 588.71 ship 0 0.989054 votes=3
227.84 519.80 261.51 548.26 252.08 559.42 218.41 530.96 ship 0 0.987841 votes=3
334.07 482.05 359.56 501.23 353.43 509.38 327.95 490.20 ship 0 0.985874 votes=3
222.68 544.61 241.83 561.09 235.01 569.02 215.86 552.53 ship 0 0.984647 votes=3
42.74 574.42 46.22 553.35 56.05 554.97 52.57 576.04 vehicle 0 0.983754 votes=3
298.14 451.98 325.71 476.98 317.69 485.82 290.12 460.82 ship 0 0.979391 votes=3
370.74 670.36 386.88 652.26 393.91 658.52 377.77 676.63 ship 0 0.978082 votes=3
183.80 527.51 202.95 543.73 195.66 552.33 176.52 536.11 ship 0 0.976996 votes=3
217.06 546.21 414.00 292.29 484.68 347.11 287.75 601.03 harbor 0 0.976245 votes=3
403.99 557.80 432.53 581.52 425.24 590.28 396.71 566.56 ship 0 0.971506 votes=3
64.81 575.20 67.25 557.07 75.68 558.21 73.24 576.33 vehicle 0 0.956538 votes=3
429.41 525.98 454.59 548.25 447.60 556.15 422.42 533.88 ship 0 0.950028 votes=3
335.59 637.47 604.40 303.05 652.13 341.41 383.32 675.83 harbor 0 0.770444 votes=3
