155.82 535.21 208.92 519.79 214.69 539.66 161.59 555.08 ship 0 0.999657 votes=3
66.16 553.29 137.08 541.07 141.09 564.30 70.17 576.52 ship 0 0.999601 votes=3
454.38 388.17 498.66 382.94 500.53 398.76 456.24 403.98 ship 0 0.999547 votes=3
148.37 505.93 209.76 491.94 213.92 510.16 152.52 524.15 ship 0 0.999491 votes=3
66.53 622.42 189.68 600.13 195.45 632.00 72.30 654.30 ship 0 0.999387 votes=3
393.32 472.31 452.74 456.25 457.84 475.15 398.43 491.21 ship 0 0.999357 votes=3
650.03 382.41 718.32 368.34 722.72 389.69 654.43 403.76 ship 0 0.999276 votes=3
667.69 409.38 727.12 395.86 731.88 416.78 672.45 430.29 ship 0 0.999245 votes=3
617.07 293.47 713.35 270.47 719.39 295.76 623.12 318.77 ship 0 0.998994 votes=3
55.66 523.72 128.91 506.45 134.05 528.24 60.80 545.52 ship 0 0.998919 votes=3
140.52 477.57 198.69 463.78 203.24 482.98 145.07 496.77 ship 0 0.998916 votes=3
459.80 422.73 513.38 409.55 518.02 428.38 464.44 441.57 ship 0 0.998902 votes=3
383.30 441.80 438.63 425.65 444.83 446.90 389.50 463.05 ship 0 0.998886 votes=3
375.92 380.03 426.84 370.91 430.01 388.65 379.10 397.77 ship 0 0.998118 votes=3
227.82 385.83 330.91 368.41 337.06 404.81 233.97 422.23 ship 0 0.997883 votes=3
69.18 464.70 114.98 454.11 118.84 470.82 73.04 481.41 ship 0 0.997562 votes=3
432.68 303.45 505.73 287.16 510.10 306.75 437.05 323.04 ship 0 0.997377 votes=3
64.41 595.50 144.45 571.53 151.27 594.31 71.23 618.27 ship 0 0.991750 votes=3
473.82 448.51 522.93 437.65 526.48 453.70 477.37 464.56 ship 0 0.985907 votes=3
368.29 354.25 410.14 344.93 413.41 359.60 371.55 368.92 ship 0 0.979258 votes=3
186.81 397.89 229.50 591.92 89.16 622.79 46.47 428.77 harbor 0 0.959767 votes=3
733.41 258.70 757.36 470.47 667.37 480.65 643.42 268.87 harbor 0 0.934676 votes=3
667.86 332.93 704.17 312.65 710.58 324.13 674.27 344.41 ship 0 0.922441 votes=3
523.15 314.79 568.27 506.94 394.24 547.81 349.12 355.66 harbor 0 0.900154 votes=3
