233.61 7.51 717.04 100.81 663.22 379.67 179.79 286.37 Expressway-Service-area 0 0.999114 votes=3
143.98 385.85 632.48 486.39 573.99 770.59 85.48 670.05 Expressway-Service-area 0 0.998895 votes=3
214.35 460.67 242.88 484.30 238.02 490.18 209.49 466.55 vehicle 0 0.996329 votes=3
405.59 267.77 438.24 275.57 436.42 283.17 403.78 275.37 vehicle 0 0.992398 votes=3
292.91 463.66 348.56 476.69 346.73 484.49 291.08 471.46 vehicle 0 0.988549 votes=3
635.55 360.95 669.85 376.69 666.55 383.90 632.24 368.16 vehicle 0 0.986523 votes=3
541.71 416.95 563.86 421.33 562.52 428.11 540.37 423.72 vehicle 0 0.980072 votes=3
538.52 454.33 603.65 464.76 602.55 471.63 537.42 461.20 vehicle 0 0.978309 votes=3
334.27 454.26 356.69 459.06 355.45 464.87 333.03 460.06 vehicle 0 0.972646 votes=3
395.26 203.25 413.35 206.28 412.30 212.49 394.22 209.46 vehicle 0 0.970843 votes=3
178.74 284.04 207.16 286.33 206.62 293.00 178.20 290.71 vehicle 0 0.969582 votes=3
353.29 523.80 391.07 531.09 389.59 538.75 351.81 531.47 vehicle 0 0.968901 votes=3
319.77 509.49 340.27 511.56 339.63 517.96 319.12 515.89 vehicle 0 0.948931 votes=3
196.18 425.22 215.22 444.17 210.78 448.64 191.73 429.69 vehicle 0 0.919599 votes=3
257.28 172.57 267.58 142.45 275.37 145.12 265.07 175.24 vehicle 0 0.766745 votes=2
355.41 252.48 413.92 268.97 411.61 277.17 353.10 260.68 vehicle 0 0.689035 votes=2
