588.55 483.77 640.70 488.54 636.68 532.47 584.54 527.70 storagetank 0 0.999459 votes=3
429.85 212.92 481.71 212.39 482.18 258.20 430.32 258.73 storagetank 0 0.999428 votes=3
326.71 234.84 386.28 235.70 385.49 290.82 325.91 289.95 storagetank 0 0.999313 votes=3
387.91 202.04 429.47 206.22 425.64 244.26 384.08 240.08 storagetank 0 0.999147 votes=3
640.05 448.15 693.26 450.09 691.65 494.33 638.44 492.39 storagetank 0 0.998930 votes=3
535.84 522.44 586.31 525.68 583.53 568.87 533.06 565.63 storagetank 0 0.998876 votes=3
489.13 130.02 531.77 130.41 531.44 165.65 488.80 165.25 storagetank 0 0.998278 votes=3
630.36 415.88 661.24 415.60 661.46 440.28 630.58 440.55 storagetank 0 0.997969 votes=3
457.11 158.89 491.33 159.91 490.54 186.37 456.32 185.35 storagetank 0 0.996478 votes=3
609.68 386.09 640.87 386.48 640.55 411.21 609.37 410.81 storagetank 0 0.995544 votes=3
426.80 176.08 459.02 178.25 457.14 206.13 424.93 203.96 storagetank 0 0.994808 votes=3
600.67 441.16 625.56 441.55 625.25 461.20 600.35 460.81 storagetank 0 0.979837 votes=3
486.44 193.17 508.34 193.40 508.21 206.69 486.30 206.46 storagetank 0 0.974340 votes=3
580.43 411.97 605.82 413.74 604.44 433.66 579.04 431.89 storagetank 0 0.973244 votes=3
504.68 179.83 525.79 180.58 525.30 194.47 504.19 193.72 storagetank 0 0.971067 votes=3
500.30 211.08 522.28 212.75 521.25 226.36 499.27 224.70 storagetank 0 0.967382 votes=3
484.75 222.46 502.84 225.69 500.35 239.64 482.26 236.41 storagetank 0 0.955457 votes=3
517.78 198.52 536.85 198.45 536.90 212.81 517.83 212.87 storagetank 0 0.951761 votes=3
343.96 653.66 461.69 573.58 470.34 586.29 352.60 666.36 harbor 0 0.822474 votes=3
660.94 49.24 671.00 40.57 674.81 44.99 664.75 53.66 vehicle 0 0.816445 votes=2
