197.34 254.94 197.35 296.67 179.17 296.68 179.16 254.95 vehicle 0 0.999721 votes=3
64.14 106.22 105.58 106.74 105.38 122.88 63.94 122.36 vehicle 0 0.999674 votes=3
323.90 591.64 324.50 383.32 422.73 383.61 422.12 591.93 tenniscourt 0 0.999646 votes=3
476.55 591.83 478.63 383.73 576.30 384.71 574.21 592.81 tenniscourt 0 0.999636 votes=3
475.32 275.10 479.72 66.14 578.20 68.21 573.80 277.17 tenniscourt 0 0.999636 votes=3
631.05 593.02 631.09 385.44 729.64 385.46 729.59 593.04 tenniscourt 0 0.999627 votes=3
168.90 589.93 169.22 382.10 268.12 382.25 267.80 590.08 tenniscourt 0 0.999624 votes=3
630.00 275.75 633.16 67.03 735.72 68.58 732.57 277.30 tenniscourt 0 0.999604 votes=3
222.95 165.28 260.39 165.80 260.16 182.41 222.72 181.89 vehicle 0 0.998653 votes=3
118.42 174.17 156.60 173.21 156.99 188.74 118.81 189.70 vehicle 0 0.997750 votes=3
