302.91 380.96 303.43 463.07 276.90 463.23 276.39 381.13 ship 0 0.999752 votes=3
267.12 380.35 268.12 464.00 242.23 464.31 241.23 380.66 ship 0 0.999720 votes=3
371.91 135.89 372.89 200.78 349.12 201.14 348.14 136.24 ship 0 0.999700 votes=3
397.95 376.35 398.83 462.97 373.85 463.22 372.97 376.60 ship 0 0.999681 votes=3
425.26 132.88 428.27 186.27 409.06 187.35 406.05 133.96 ship 0 0.999669 votes=3
170.47 710.86 170.53 765.42 151.88 765.44 151.83 710.88 ship 0 0.999645 votes=3
125.91 764.98 126.39 714.13 145.26 714.31 144.78 765.16 ship 0 0.999618 votes=3
369.59 767.64 369.65 711.96 390.25 711.98 390.19 767.66 ship 0 0.999593 votes=3
465.64 361.56 467.14 462.12 438.84 462.55 437.34 361.98 ship 0 0.999592 votes=3
473.03 35.24 473.23 103.71 450.52 103.78 450.31 35.31 ship 0 0.999579 votes=3
370.04 378.81 371.40 464.24 343.68 464.68 342.32 379.25 ship 0 0.999512 votes=3
180.57 767.26 180.93 709.96 199.60 710.07 199.24 767.38 ship 0 0.999477 votes=3
174.19 461.16 175.79 385.08 204.07 385.68 202.48 461.76 ship 0 0.999449 votes=3
404.78 568.61 406.04 487.54 431.79 487.93 430.53 569.01 ship 0 0.999449 votes=3
399.49 138.19 402.11 195.10 381.74 196.04 379.11 139.13 ship 0 0.999440 votes=3
263.60 124.92 268.91 76.99 285.20 78.80 279.89 126.73 ship 0 0.999401 votes=3
440.48 712.28 442.20 767.98 422.82 768.58 421.09 712.88 ship 0 0.999399 votes=3
302.67 205.33 304.59 161.25 321.32 161.98 319.41 206.06 ship 0 0.999388 votes=3
307.00 713.18 307.09 772.39 289.57 772.42 289.48 713.21 ship 0 0.999363 votes=3
469.64 707.76 470.74 768.41 449.75 768.79 448.65 708.14 ship 0 0.999354 votes=3
314.43 765.81 315.39 714.17 335.08 714.53 334.12 766.17 ship 0 0.999318 votes=3
170.82 374.94 171.02 460.15 146.26 460.21 146.06 374.99 ship 0 0.999318 votes=3
415.14 715.98 415.29 768.43 396.41 768.49 396.26 716.03 ship 0 0.999310 votes=3
461.84 486.04 463.33 562.47 441.26 562.91 439.77 486.48 ship 0 0.999233 votes=3
478.27 764.21 484.26 714.63 501.16 716.68 495.17 766.26 ship 0 0.999216 votes=3
423.78 103.93 424.05 47.98 439.60 48.05 439.33 104.01 ship 0 0.999125 votes=3
142.97 559.75 147.14 482.51 172.21 483.86 168.04 561.10 ship 0 0.999123 votes=3
212.07 460.86 212.89 374.73 235.20 374.95 234.38 461.07 ship 0 0.999078 votes=3
344.43 764.14 344.66 714.59 362.46 714.67 362.23 764.22 ship 0 0.999043 votes=3
201.56 482.74 201.94 554.52 180.26 554.64 179.88 482.86 ship 0 0.998999 votes=3
478.22 106.55 480.10 52.59 499.38 53.27 497.49 107.23 ship 0 0.998904 votes=3
293.44 120.75 295.85 71.07 311.90 71.85 309.49 121.53 ship 0 0.998830 votes=3
204.98 764.15 207.17 713.55 225.12 714.33 222.92 764.93 ship 0 0.998757 votes=3
266.37 483.24 268.51 556.17 244.70 556.87 242.56 483.94 ship 0 0.998747 votes=3
137.45 478.21 138.28 550.48 113.72 550.76 112.89 478.49 ship 0 0.998721 votes=3
258.55 150.34 260.55 193.06 245.06 193.78 243.06 151.07 ship 0 0.998715 votes=3
234.11 765.30 234.50 715.08 253.12 715.22 252.73 765.45 ship 0 0.998668 votes=3
440.82 173.29 441.12 134.94 454.07 135.04 453.77 173.39 ship 0 0.998540 votes=3
53.06 378.29 470.11 381.37 468.78 561.64 51.73 558.56 harbor 0 0.996316 votes=3
293.05 683.39 320.29 686.10 319.17 697.41 291.92 694.69 ship 0 0.993382 votes=3
52.26 698.54 478.92 696.61 479.25 770.26 52.60 772.19 harbor 0 0.961916 votes=3
138.35 78.42 509.88 49.48 519.43 172.04 147.89 200.98 harbor 0 0.952727 votes=3
