-8.86 292.82 62.23 257.96 97.04 328.95 25.94 363.81 storagetank 0 0.999184 votes=3
302.01 231.53 380.74 223.12 389.12 301.52 310.39 309.94 storagetank 0 0.999148 votes=3
250.62 190.99 252.59 223.09 220.71 225.05 218.74 192.94 storagetank 0 0.998951 votes=3
221.32 530.25 233.14 580.07 183.77 591.79 171.94 541.97 storagetank 0 0.998808 votes=3
333.29 610.14 395.97 598.19 407.91 660.86 345.23 672.81 storagetank 0 0.998680 votes=3
373.89 349.95 375.90 382.27 344.70 384.21 342.70 351.88 storagetank 0 0.998357 votes=3
284.38 411.87 287.17 444.93 255.64 447.59 252.84 414.54 storagetank 0 0.998199 votes=3
160.08 374.44 161.74 406.64 129.55 408.30 127.89 376.10 storagetank 0 0.997976 votes=3
226.47 316.56 290.38 309.01 297.81 372.00 233.91 379.54 storagetank 0 0.997864 votes=3
313.70 390.77 317.33 422.75 285.69 426.34 282.06 394.36 storagetank 0 0.997370 votes=3
71.21 446.23 71.55 415.81 101.76 416.15 101.42 446.57 storagetank 0 0.997187 votes=3
444.98 385.49 446.31 417.62 414.51 418.94 413.18 386.81 storagetank 0 0.996890 votes=3
131.11 395.00 133.03 427.59 100.89 429.49 98.97 396.90 storagetank 0 0.996537 votes=3
326.06 468.38 327.70 501.70 294.68 503.32 293.04 470.00 storagetank 0 0.996393 votes=3
175.76 561.39 187.27 613.03 136.59 624.33 125.08 572.69 storagetank 0 0.996376 votes=3
205.32 248.14 237.07 245.90 239.27 277.23 207.53 279.46 storagetank 0 0.996318 votes=3
341.13 369.07 348.45 400.20 317.76 407.41 310.44 376.29 storagetank 0 0.995717 votes=3
326.81 651.62 333.85 715.84 271.77 722.64 264.74 658.42 storagetank 0 0.995548 votes=3
384.05 425.32 389.06 459.44 356.63 464.21 351.62 430.08 storagetank 0 0.994817 votes=3
354.22 446.86 359.09 480.35 326.71 485.06 321.83 451.57 storagetank 0 0.994685 votes=3
133.41 595.97 138.33 647.56 87.81 652.39 82.89 600.80 storagetank 0 0.993680 votes=3
401.73 327.25 408.16 359.35 376.75 365.64 370.32 333.53 storagetank 0 0.991312 votes=3
379.91 412.59 411.30 403.27 420.53 434.37 389.13 443.68 storagetank 0 0.988728 votes=3
168.65 254.43 190.35 254.04 190.74 275.60 169.04 275.99 storagetank 0 0.987160 votes=3
182.27 287.58 182.46 310.23 160.66 310.41 160.47 287.76 storagetank 0 0.986277 votes=3
135.62 207.96 157.85 208.24 157.57 230.42 135.34 230.13 storagetank 0 0.983923 votes=3
184.25 278.36 206.09 276.99 207.44 298.65 185.61 300.01 storagetank 0 0.983104 votes=3
90.20 245.56 111.40 243.59 113.36 264.67 92.16 266.64 storagetank 0 0.977968 votes=3
119.91 286.17 141.53 285.48 142.19 305.98 120.57 306.67 storagetank 0 0.964292 votes=3
156.53 186.98 190.04 177.82 198.69 209.43 165.17 218.60 storagetank 0 0.960987 votes=3
361.21 161.42 362.53 131.58 392.20 132.90 390.87 162.74 storagetank 0 0.948963 votes=3
283.83 154.49 316.47 148.32 322.39 179.59 289.74 185.77 storagetank 0 0.944387 votes=3
182.54 216.49 214.58 213.51 217.40 243.88 185.37 246.86 storagetank 0 0.895283 votes=3
594.08 285.36 689.89 261.46 694.86 281.37 599.05 305.27 harbor 0 0.808595 votes=3
127.02 668.58 139.58 659.19 143.08 663.88 130.52 673.26 vehicle 0 0.762318 votes=2
