509.16 246.51 546.56 140.22 573.46 149.68 536.06 255.97 ship 0 0.999041 votes=3
202.82 82.89 241.97 71.80 245.52 84.33 206.37 95.42 ship 0 0.997194 votes=3
256.37 643.40 282.63 621.70 290.03 630.66 263.77 652.36 ship 0 0.996556 votes=3
161.23 92.71 187.15 88.03 189.03 98.47 163.12 103.16 ship 0 0.993320 votes=3
206.23 657.50 228.71 635.09 236.06 642.47 213.59 664.88 ship 0 0.992677 votes=3
161.23 51.77 190.45 47.27 192.25 58.96 163.03 63.46 ship 0 0.992370 votes=3
590.70 90.97 614.34 32.42 630.80 39.07 607.16 97.61 ship 0 0.991778 votes=3
357.86 502.66 377.28 471.04 389.46 478.52 370.04 510.14 ship 0 0.991154 votes=3
258.10 610.60 282.49 587.78 289.98 595.79 265.58 618.60 ship 0 0.990940 votes=3
232.53 669.15 251.01 646.39 259.72 653.47 241.24 676.22 ship 0 0.981130 votes=3
176.92 683.18 202.50 658.30 210.00 666.01 184.42 690.90 ship 0 0.914622 votes=3
204.30 696.37 224.68 672.56 233.83 680.40 213.45 704.20 ship 0 0.911587 votes=3
510.25 311.39 650.94 -11.00 716.22 17.48 575.52 339.87 harbor 0 0.856396 votes=3
24.30 96.43 273.09 28.19 282.92 64.05 34.13 132.29 harbor 0 0.788007 votes=3
140.24 601.08 385.04 464.51 460.91 600.50 216.11 737.08 harbor 0 0.771181 votes=3
548.02 677.13 563.71 654.75 574.21 662.10 558.51 684.48 vehicle 0 0.729899 votes=3
591.69 485.07 611.59 466.31 618.15 473.27 598.24 492.03 ship 0 0.722884 votes=2
272.98 617.06 294.68 600.94 300.15 608.31 278.46 624.43 ship 0 0.701029 votes=2
