358.25 271.21 359.25 180.90 444.28 181.83 443.29 272.15 airplane 0 0.999737 votes=3
535.93 180.44 538.71 261.64 469.68 264.00 466.90 182.80 airplane 0 0.999669 votes=3
304.09 173.95 346.67 257.78 267.37 298.06 224.79 214.23 airplane 0 0.999669 votes=3
608.85 609.40 643.35 496.18 735.96 524.40 701.47 637.62 airplane 0 0.999653 votes=3
194.36 248.20 276.72 287.89 238.93 366.32 156.57 326.63 airplane 0 0.999632 votes=3
611.35 102.17 665.76 171.96 602.10 221.59 547.69 151.80 airplane 0 0.999538 votes=3
100.49 479.51 174.98 561.82 103.29 626.69 28.81 544.37 airplane 0 0.999252 votes=3
261.67 505.14 342.81 446.64 387.91 509.18 306.77 567.68 airplane 0 0.999131 votes=3
243.61 279.88 258.39 287.94 255.00 294.15 240.22 286.09 vehicle 0 0.874579 votes=3
183.38 348.75 202.07 370.17 196.31 375.20 177.62 353.77 vehicle 0 0.714157 votes=3
