109.54 182.93 155.86 184.70 155.30 199.38 108.97 197.61 ship 0 0.999323 votes=3
562.68 334.14 607.64 342.36 604.38 360.15 559.43 351.93 ship 0 0.999306 votes=3
754.16 332.21 776.99 360.70 766.92 368.77 744.09 340.28 ship 0 0.999273 votes=3
660.81 334.34 685.10 363.72 674.63 372.38 650.33 343.00 ship 0 0.999214 votes=3
251.94 94.06 290.17 112.72 283.73 125.91 245.50 107.24 ship 0 0.999197 votes=3
120.73 270.27 162.93 273.60 161.85 287.33 119.65 284.00 ship 0 0.999111 votes=3
443.16 264.92 486.72 291.92 476.92 307.73 433.36 280.73 ship 0 0.999110 votes=3
521.57 291.92 567.97 302.43 564.32 318.52 517.92 308.01 ship 0 0.999067 votes=3
248.29 405.00 293.14 417.93 288.33 434.62 243.48 421.68 ship 0 0.998621 votes=3
152.25 235.76 240.22 238.47 239.45 263.49 151.48 260.79 ship 0 0.998298 votes=3
123.28 154.42 167.78 161.42 165.26 177.45 120.76 170.46 ship 0 0.997527 votes=3
74.93 501.41 129.87 502.25 129.54 523.99 74.60 523.16 ship 0 0.997261 votes=3
88.07 254.24 88.41 216.13 101.71 216.25 101.37 254.36 ship 0 0.977029 votes=3
16.34 165.04 175.59 178.93 167.58 270.75 8.33 256.85 harbor 0 0.919526 votes=3
220.24 405.48 235.80 411.70 233.34 417.85 217.78 411.62 ship 0 0.800494 votes=3
109.15 297.36 109.90 325.47 93.07 325.92 92.32 297.82 ship 0 0.750843 votes=2
182.51 775.80 202.24 613.92 242.88 618.88 223.15 780.75 harbor 0 0.707858 votes=3
86.81 252.85 237.86 265.42 236.60 280.57 85.55 268.00 harbor 0 0.698917 votes=3
24.53 547.99 25.13 474.91 79.11 475.35 78.51 548.43 harbor 0 0.663305 votes=2
