235.85 350.26 308.62 346.07 309.81 366.77 237.04 370.96 ship 0 0.999565 votes=3
146.68 38.04 214.34 4.68 223.29 22.83 155.63 56.20 ship 0 0.999315 votes=3
743.90 102.52 754.50 64.52 769.47 68.70 758.88 106.70 ship 0 0.999144 votes=3
153.24 238.37 207.14 196.09 222.24 215.34 168.35 257.62 ship 0 0.999110 votes=3
436.28 84.63 461.51 60.12 471.68 70.59 446.45 95.10 ship 0 0.998786 votes=3
242.66 765.31 244.08 788.91 234.20 789.50 232.78 765.90 vehicle 0 0.997442 votes=3
284.29 551.25 310.39 534.15 317.58 545.13 291.48 562.23 ship 0 0.997226 votes=3
292.20 578.48 322.36 561.97 328.70 573.55 298.53 590.05 ship 0 0.992188 votes=3
324.21 557.92 350.54 544.49 355.14 553.50 328.80 566.92 ship 0 0.960569 votes=3
391.08 586.12 412.63 582.54 414.03 590.96 392.48 594.54 ship 0 0.916875 votes=3
307.37 364.98 323.18 558.55 240.54 565.30 224.73 371.73 harbor 0 0.908358 votes=3
251.67 535.71 396.09 501.70 420.79 606.57 276.36 640.58 harbor 0 0.890915 votes=3
355.68 620.77 366.64 635.11 359.97 640.21 349.01 625.86 ship 0 0.882759 votes=3
344.36 614.64 349.63 631.12 341.55 633.71 336.28 617.22 ship 0 0.788448 votes=3
370.20 536.95 393.45 531.23 395.70 540.36 372.45 546.08 ship 0 0.754029 votes=3
317.78 632.35 317.80 614.79 334.56 614.80 334.54 632.37 ship 0 0.746791 votes=2
391.87 625.45 392.21 606.57 406.90 606.84 406.56 625.72 ship 0 0.745767 votes=2
