47.42 362.43 486.63 413.08 448.86 740.56 9.65 689.90 Expressway-Service-area 0 0.999108 votes=3
109.91 45.18 768.78 112.41 743.15 363.58 84.28 296.34 Expressway-Service-area 0 0.998365 votes=3
449.00 227.14 487.55 231.45 486.67 239.30 448.12 234.99 vehicle 0 0.996391 votes=3
640.03 212.28 668.88 228.12 665.53 234.23 636.68 218.39 vehicle 0 0.996347 votes=3
390.60 257.98 421.90 259.69 421.53 266.51 390.23 264.79 vehicle 0 0.996169 votes=3
309.93 249.69 362.27 254.39 361.55 262.41 309.21 257.71 vehicle 0 0.993329 votes=3
223.14 284.58 295.24 287.94 294.89 295.46 222.79 292.10 vehicle 0 0.988526 votes=3
310.91 218.16 342.08 219.87 341.66 227.61 310.48 225.90 vehicle 0 0.981255 votes=3
287.77 472.87 351.84 463.14 353.11 471.47 289.03 481.20 vehicle 0 0.980157 votes=3
129.30 263.69 140.55 244.13 145.70 247.09 134.45 266.65 vehicle 0 0.965014 votes=3
488.95 210.51 516.86 214.47 515.87 221.47 487.96 217.51 vehicle 0 0.958753 votes=3
153.56 523.55 171.60 548.50 166.06 552.51 148.02 527.56 vehicle 0 0.956203 votes=3
181.95 521.91 199.89 552.96 194.06 556.33 176.12 525.27 vehicle 0 0.951292 votes=3
219.52 258.79 247.30 249.92 249.45 256.64 221.66 265.50 vehicle 0 0.931836 votes=3
345.21 481.38 366.59 467.81 370.71 474.29 349.33 487.86 vehicle 0 0.766253 votes=3
