462.31 182.28 462.75 254.86 438.43 255.01 437.99 182.43 ship 0 0.999303 votes=3
460.64 600.15 461.28 514.46 487.75 514.65 487.11 600.35 ship 0 0.999212 votes=3
594.68 650.26 600.69 522.02 638.02 523.77 632.01 652.01 ship 0 0.999132 votes=3
575.03 482.42 576.70 393.86 604.85 394.39 603.19 482.95 ship 0 0.999095 votes=3
575.53 126.97 575.86 172.79 558.57 172.92 558.24 127.10 ship 0 0.999028 votes=3
493.24 611.20 497.34 516.51 525.98 517.75 521.88 612.44 ship 0 0.998966 votes=3
585.90 174.93 587.10 124.67 605.43 125.11 604.23 175.36 ship 0 0.998895 votes=3
501.85 167.87 503.23 102.13 527.74 102.65 526.37 168.39 ship 0 0.998697 votes=3
637.83 176.27 640.80 121.47 660.32 122.53 657.36 177.32 ship 0 0.998521 votes=3
561.52 619.26 564.48 517.38 596.93 518.32 593.98 620.20 ship 0 0.998214 votes=3
424.94 473.27 427.31 392.30 454.46 393.10 452.08 474.06 ship 0 0.998058 votes=3
550.05 255.87 551.61 193.64 575.07 194.22 573.51 256.45 ship 0 0.998045 votes=3
637.17 547.02 642.64 396.14 684.28 397.65 678.82 548.53 ship 0 0.997995 votes=3
653.41 193.08 653.50 249.18 634.88 249.21 634.79 193.11 ship 0 0.997951 votes=3
556.00 516.59 556.19 601.50 528.67 601.56 528.49 516.65 ship 0 0.997784 votes=3
554.61 106.53 554.83 168.36 532.07 168.44 531.85 106.61 ship 0 0.997778 votes=3
582.61 244.07 583.98 189.55 601.32 189.99 599.95 244.50 ship 0 0.997732 votes=3
457.93 511.86 459.49 591.90 432.52 592.43 430.96 512.39 ship 0 0.996987 votes=3
440.76 87.59 701.36 100.90 692.52 273.92 431.92 260.61 harbor 0 0.996111 votes=3
742.57 528.56 744.27 497.55 757.94 498.29 756.24 529.31 ship 0 0.994700 votes=3
445.64 166.20 446.79 111.95 463.99 112.32 462.85 166.56 ship 0 0.994275 votes=3
663.57 179.19 664.03 135.45 679.00 135.61 678.54 179.35 ship 0 0.992979 votes=3
413.25 375.51 678.98 377.66 676.86 640.35 411.13 638.21 harbor 0 0.980004 votes=3
675.41 193.53 675.98 234.01 660.89 234.22 660.32 193.75 ship 0 0.949616 votes=3
