571.64 254.99 572.05 202.51 590.15 202.65 589.74 255.13 ship 0 0.999177 votes=3
571.82 342.15 572.09 387.52 555.85 387.62 555.58 342.25 ship 0 0.999019 votes=3
461.27 171.83 461.40 124.01 476.92 124.05 476.79 171.88 ship 0 0.998269 votes=3
413.77 671.84 415.38 613.58 435.60 614.14 433.99 672.40 ship 0 0.998082 votes=3
582.87 600.39 584.29 553.66 600.32 554.15 598.89 600.88 ship 0 0.998021 votes=3
601.84 391.52 604.09 343.64 619.78 344.38 617.53 392.25 ship 0 0.997988 votes=3
528.06 463.07 529.08 407.65 548.12 408.01 547.10 463.42 ship 0 0.997350 votes=3
366.16 376.67 366.41 322.79 385.33 322.88 385.08 376.76 ship 0 0.996986 votes=3
586.33 625.14 587.52 677.29 569.42 677.70 568.23 625.55 ship 0 0.996952 votes=3
435.23 168.30 438.11 129.79 452.42 130.86 449.54 169.37 ship 0 0.996705 votes=3
524.46 126.71 524.57 173.73 508.10 173.77 507.99 126.75 ship 0 0.996568 votes=3
529.58 241.75 529.87 201.82 543.85 201.92 543.56 241.85 ship 0 0.996543 votes=3
442.35 591.66 443.37 546.33 457.39 546.64 456.37 591.98 ship 0 0.996526 votes=3
457.86 234.08 460.79 198.13 473.90 199.20 470.97 235.15 ship 0 0.996079 votes=3
433.59 451.19 434.51 408.03 448.76 408.33 447.84 451.50 ship 0 0.995724 votes=3
536.24 589.95 541.75 557.39 553.55 559.38 548.04 591.94 ship 0 0.995686 votes=3
525.77 339.07 525.85 387.70 511.34 387.72 511.26 339.09 ship 0 0.995234 votes=3
572.63 128.67 572.85 175.97 556.37 176.05 556.16 128.75 ship 0 0.994887 votes=3
597.90 466.39 599.41 419.48 615.22 419.99 613.71 466.90 ship 0 0.994656 votes=3
532.06 386.46 532.17 345.55 549.16 345.60 549.04 386.50 ship 0 0.994456 votes=3
477.72 248.36 479.31 196.34 496.30 196.85 494.71 248.88 ship 0 0.994405 votes=3
457.60 454.51 458.25 406.57 474.63 406.79 473.98 454.73 ship 0 0.994119 votes=3
382.70 612.81 383.82 662.90 366.97 663.27 365.85 613.19 ship 0 0.993989 votes=3
500.73 246.12 502.06 209.71 514.83 210.17 513.49 246.59 ship 0 0.992755 votes=3
551.22 463.10 553.49 418.47 568.74 419.25 566.47 463.87 ship 0 0.992749 votes=3
620.76 465.48 620.93 414.03 639.46 414.09 639.29 465.54 ship 0 0.992710 votes=3
388.48 365.98 388.97 329.26 401.83 329.43 401.34 366.15 ship 0 0.992183 votes=3
623.07 554.09 623.41 606.07 606.01 606.18 605.68 554.21 ship 0 0.991655 votes=3
482.88 172.26 484.09 133.08 502.17 133.64 500.95 172.82 ship 0 0.991449 votes=3
404.43 614.20 405.01 670.98 388.27 671.15 387.69 614.37 ship 0 0.991270 votes=3
439.03 673.12 439.80 612.82 462.54 613.11 461.77 673.41 ship 0 0.990981 votes=3
461.26 680.90 464.26 614.48 495.33 615.89 492.33 682.31 ship 0 0.990785 votes=3
388.50 447.07 389.17 406.88 402.35 407.09 401.69 447.29 ship 0 0.990442 votes=3
592.86 677.87 595.17 629.45 611.56 630.23 609.25 678.65 ship 0 0.989408 votes=3
391.74 591.41 394.96 541.21 417.75 542.67 414.54 592.87 ship 0 0.988502 votes=3
417.34 371.84 420.59 342.36 430.77 343.48 427.52 372.97 ship 0 0.988303 votes=3
408.53 455.24 409.71 409.13 426.94 409.57 425.75 455.68 ship 0 0.988128 votes=3
447.33 194.18 448.30 237.51 434.92 237.81 433.95 194.48 ship 0 0.987996 votes=3
556.55 605.34 561.53 554.07 579.39 555.80 574.41 607.08 ship 0 0.987610 votes=3
673.10 556.39 673.92 618.11 655.93 618.35 655.11 556.63 ship 0 0.987187 votes=3
549.78 242.23 550.55 205.72 564.81 206.01 564.05 242.53 ship 0 0.986349 votes=3
628.63 603.68 632.95 559.67 647.97 561.14 643.65 605.15 ship 0 0.984932 votes=3
477.60 453.55 482.15 420.61 492.76 422.08 488.21 455.01 ship 0 0.976839 votes=3
487.87 595.65 487.88 544.97 508.22 544.98 508.20 595.66 ship 0 0.974569 votes=3
622.37 397.01 624.51 359.57 640.45 360.47 638.31 397.92 ship 0 0.972967 votes=3
351.59 449.05 352.78 401.32 380.22 402.00 379.03 449.74 ship 0 0.967574 votes=3
528.00 172.91 529.51 131.63 547.60 132.30 546.09 173.57 ship 0 0.967150 votes=3
592.41 344.35 594.90 383.40 580.00 384.34 577.51 345.30 ship 0 0.952419 votes=3
462.52 375.50 465.30 346.19 477.10 347.31 474.32 376.62 ship 0 0.951670 votes=3
504.19 334.88 504.41 388.74 483.06 388.83 482.84 334.97 ship 0 0.950629 votes=3
597.20 216.89 606.34 184.92 615.42 187.51 606.27 219.49 ship 0 0.929354 votes=3
49.19 526.34 655.66 548.04 650.39 695.20 43.93 673.49 harbor 0 0.916701 votes=3
481.94 545.24 482.34 593.03 466.11 593.17 465.71 545.38 ship 0 0.909347 votes=3
57.95 98.80 603.76 137.67 596.06 245.82 50.25 206.95 harbor 0 0.903607 votes=3
535.72 687.15 536.57 617.98 560.98 618.28 560.14 687.45 ship 0 0.898058 votes=3
417.94 586.83 419.17 557.09 431.64 557.61 430.41 587.35 ship 0 0.875820 votes=3
38.68 316.98 625.48 347.06 619.31 467.55 32.50 437.47 harbor 0 0.857032 votes=3
574.93 452.68 576.31 423.55 587.24 424.07 585.87 453.19 ship 0 0.847136 votes=3
602.46 167.40 602.50 132.92 613.59 132.93 613.56 167.41 ship 0 0.832055 votes=3
574.89 179.67 576.20 133.88 595.16 134.42 593.85 180.21 ship 0 0.717271 votes=2
489.71 690.41 496.88 628.76 517.44 631.15 510.28 692.80 ship 0 0.713315 votes=2
517.75 680.40 518.23 626.75 537.57 626.92 537.09 680.57 ship 0 0.692509 votes=2
