439.93 31.93 592.03 29.73 592.65 72.70 440.55 74.90 ship 0 0.998763 votes=3
350.17 174.35 402.20 203.99 393.60 219.08 341.57 189.45 ship 0 0.998283 votes=3
719.78 322.48 765.76 329.07 763.67 343.60 717.69 337.00 ship 0 0.998235 votes=3
641.52 519.34 689.19 527.06 686.66 542.64 639.00 534.91 ship 0 0.998226 votes=3
410.67 447.16 462.99 459.01 459.56 474.20 407.24 462.35 ship 0 0.998166 votes=3
531.19 290.70 574.98 289.13 575.44 301.95 531.65 303.52 ship 0 0.998165 votes=3
647.99 466.55 687.25 463.99 688.04 476.20 648.78 478.76 ship 0 0.998127 votes=3
666.94 325.98 704.75 323.29 705.71 336.84 667.91 339.53 ship 0 0.997895 votes=3
672.04 288.70 710.77 287.77 711.11 301.78 672.38 302.71 ship 0 0.997883 votes=3
537.64 480.71 593.29 482.16 592.87 498.31 537.22 496.86 ship 0 0.997731 votes=3
664.05 343.45 702.04 340.60 703.03 353.68 665.04 356.54 ship 0 0.997482 votes=3
406.81 312.26 440.73 305.74 443.10 318.08 409.19 324.60 ship 0 0.997448 votes=3
629.49 259.82 633.97 233.08 643.88 234.74 639.40 261.48 ship 0 0.997033 votes=3
527.17 328.43 570.47 324.31 571.80 338.38 528.50 342.50 ship 0 0.996861 votes=3
646.91 481.83 684.97 480.72 685.36 493.92 647.30 495.04 ship 0 0.996598 votes=3
399.42 265.28 411.60 235.92 421.91 240.20 409.73 269.56 ship 0 0.996592 votes=3
404.53 97.71 453.84 138.41 441.79 153.02 392.47 112.31 ship 0 0.996350 votes=3
671.63 269.03 709.12 269.37 709.00 282.79 671.51 282.45 ship 0 0.996201 votes=3
661.36 260.35 666.35 231.04 676.84 232.83 671.84 262.14 ship 0 0.996120 votes=3
577.83 369.71 614.27 378.14 611.69 389.31 575.25 380.89 ship 0 0.996118 votes=3
198.54 363.69 225.95 396.96 216.80 404.50 189.39 371.23 ship 0 0.996034 votes=3
577.71 386.40 611.17 394.32 608.37 406.18 574.90 398.26 ship 0 0.996004 votes=3
584.88 302.30 621.31 310.14 618.81 321.75 582.38 313.91 ship 0 0.996002 votes=3
210.37 345.46 234.94 378.39 223.74 386.75 199.17 353.82 ship 0 0.995794 votes=3
382.38 262.23 395.26 233.39 405.07 237.77 392.19 266.61 ship 0 0.995511 votes=3
186.83 373.78 207.66 403.41 197.90 410.27 177.08 380.64 ship 0 0.995193 votes=3
710.53 403.52 753.25 409.52 751.13 424.62 708.41 418.62 ship 0 0.994964 votes=3
393.66 122.55 443.26 159.72 433.07 173.31 383.47 136.15 ship 0 0.994707 votes=3
502.23 260.43 506.80 229.87 517.32 231.45 512.75 262.01 ship 0 0.994693 votes=3
451.06 341.63 481.30 356.38 476.04 367.17 445.80 352.42 ship 0 0.994633 votes=3
657.78 430.51 692.08 427.85 693.13 441.38 658.82 444.03 ship 0 0.994351 votes=3
519.02 260.11 522.22 233.46 531.89 234.62 528.69 261.27 ship 0 0.994216 votes=3
691.75 256.94 698.87 225.89 709.82 228.40 702.70 259.45 ship 0 0.994166 votes=3
547.95 261.63 554.71 233.00 565.10 235.45 558.34 264.08 ship 0 0.994034 votes=3
755.09 260.13 760.26 226.97 773.28 229.00 768.12 262.16 ship 0 0.993985 votes=3
724.77 267.32 772.53 270.32 771.69 283.80 723.92 280.80 ship 0 0.993776 votes=3
722.02 284.36 768.71 291.35 766.56 305.71 719.87 298.72 ship 0 0.993639 votes=3
707.50 446.96 746.99 450.41 745.72 464.94 706.23 461.49 ship 0 0.993626 votes=3
275.68 389.45 315.50 386.32 316.42 397.96 276.60 401.10 ship 0 0.993474 votes=3
395.95 400.69 429.80 393.24 432.46 405.30 398.60 412.75 ship 0 0.993098 votes=3
445.59 379.01 478.56 392.02 473.91 403.79 440.94 390.78 ship 0 0.992916 votes=3
712.79 363.88 757.37 368.61 755.66 384.69 711.09 379.97 ship 0 0.992854 votes=3
708.50 259.42 713.72 229.15 724.98 231.09 719.76 261.36 ship 0 0.992668 votes=3
722.83 258.09 729.82 227.11 741.91 229.84 734.91 260.82 ship 0 0.992663 votes=3
288.53 371.77 318.62 371.57 318.69 382.27 288.60 382.47 ship 0 0.992533 votes=3
572.94 420.59 606.37 431.31 602.82 442.39 569.39 431.67 ship 0 0.992475 votes=3
582.64 335.40 615.53 344.27 612.57 355.25 579.68 346.38 ship 0 0.992227 votes=3
658.81 412.42 695.73 412.99 695.53 425.96 658.61 425.39 ship 0 0.992075 votes=3
587.38 284.95 621.65 292.62 618.94 304.72 584.67 297.04 ship 0 0.991992 votes=3
284.47 259.52 308.60 233.78 316.15 240.85 292.02 266.59 ship 0 0.991601 votes=3
308.09 291.46 334.60 291.25 334.68 300.99 308.17 301.20 ship 0 0.991599 votes=3
453.92 262.85 458.85 233.35 469.57 235.14 464.65 264.64 ship 0 0.991285 votes=3
702.78 466.25 746.36 469.74 745.28 483.18 701.71 479.68 ship 0 0.990864 votes=3
646.48 500.41 683.40 499.70 683.64 512.08 646.72 512.80 ship 0 0.990585 votes=3
646.45 260.83 648.02 231.14 658.89 231.71 657.32 261.41 ship 0 0.990485 votes=3
397.13 419.27 427.61 410.43 430.87 421.68 400.39 430.51 ship 0 0.990485 votes=3
521.73 414.83 561.20 410.31 562.79 424.18 523.32 428.70 ship 0 0.990399 votes=3
363.58 155.69 412.47 185.69 403.76 199.89 354.87 169.90 ship 0 0.990312 votes=3
585.99 319.26 623.36 329.44 619.95 341.98 582.57 331.79 ship 0 0.990258 votes=3
456.92 309.24 483.21 319.77 479.46 329.14 453.17 318.60 ship 0 0.990127 votes=3
442.04 412.13 472.03 428.57 466.35 438.94 436.36 422.50 ship 0 0.989999 votes=3
324.52 263.11 338.56 241.98 346.78 247.44 332.74 268.57 ship 0 0.989928 votes=3
417.83 262.93 428.10 236.19 437.50 239.80 427.24 266.54 ship 0 0.989872 votes=3
676.87 259.44 682.80 228.94 693.54 231.03 687.61 261.53 ship 0 0.989815 votes=3
663.75 362.15 699.09 359.36 700.10 372.23 664.77 375.02 ship 0 0.989740 votes=3
579.60 349.58 615.15 360.36 611.12 373.64 575.57 362.86 ship 0 0.989639 votes=3
596.06 264.38 596.49 234.20 610.27 234.40 609.84 264.58 ship 0 0.989609 votes=3
539.08 345.54 562.36 343.33 563.37 353.98 540.09 356.19 ship 0 0.989038 votes=3
740.23 259.16 746.37 230.89 756.24 233.03 750.10 261.30 ship 0 0.988351 votes=3
398.63 367.34 433.10 358.21 436.16 369.75 401.69 378.89 ship 0 0.988137 votes=3
301.56 263.76 323.07 237.08 331.52 243.89 310.01 270.57 ship 0 0.988000 votes=3
519.81 465.32 551.57 463.99 552.10 476.64 520.34 477.97 ship 0 0.987231 votes=3
532.72 261.95 537.25 231.66 548.70 233.37 544.17 263.66 ship 0 0.987186 votes=3
459.66 270.45 500.19 278.67 497.06 294.07 456.54 285.85 ship 0 0.987179 votes=3
344.30 310.32 372.15 321.61 368.32 331.05 340.47 319.76 ship 0 0.986647 votes=3
407.13 293.48 441.40 289.06 443.05 301.87 408.78 306.28 ship 0 0.986404 votes=3
699.14 501.63 734.14 504.81 733.01 517.21 698.02 514.02 ship 0 0.986115 votes=3
334.95 354.57 361.98 363.53 358.44 374.23 331.41 365.26 ship 0 0.985586 votes=3
449.12 359.66 480.47 375.18 474.87 386.49 443.52 370.97 ship 0 0.985542 votes=3
571.12 437.55 605.12 448.75 601.31 460.31 567.31 449.11 ship 0 0.985322 votes=3
445.38 396.72 475.31 409.98 470.37 421.13 440.44 407.87 ship 0 0.985205 votes=3
173.29 422.99 196.56 455.30 187.23 462.02 163.96 429.71 ship 0 0.985006 votes=3
298.57 343.31 324.28 341.13 325.14 351.23 299.43 353.41 ship 0 0.983851 votes=3
221.79 328.87 240.76 359.54 230.68 365.78 211.71 335.11 ship 0 0.983677 votes=3
483.97 266.37 488.31 234.60 500.84 236.31 496.49 268.08 ship 0 0.983429 votes=3
395.72 433.92 424.90 428.36 427.12 440.05 397.94 445.60 ship 0 0.983185 votes=3
652.15 448.98 690.65 447.14 691.23 459.25 652.73 461.09 ship 0 0.983000 votes=3
718.02 342.44 764.62 348.93 762.54 363.88 715.94 357.39 ship 0 0.982505 votes=3
328.84 386.51 357.83 400.49 352.68 411.17 323.69 397.19 ship 0 0.981771 votes=3
532.39 309.04 572.24 306.28 573.24 320.81 533.39 323.57 ship 0 0.981459 votes=3
648.39 516.14 671.00 252.80 769.73 261.27 747.12 524.62 harbor 0 0.980708 votes=3
712.20 384.82 752.98 391.58 751.02 403.40 710.24 396.64 ship 0 0.980492 votes=3
353.01 276.93 387.29 288.02 383.36 300.15 349.09 289.05 ship 0 0.979269 votes=3
770.58 258.38 776.50 230.85 786.78 233.06 780.86 260.59 ship 0 0.979184 votes=3
589.22 270.08 622.51 271.07 622.16 282.97 588.86 281.98 ship 0 0.977456 votes=3
434.94 264.63 442.89 233.14 453.82 235.90 445.86 267.39 ship 0 0.977429 votes=3
523.87 361.34 568.14 359.08 568.97 375.32 524.70 377.58 ship 0 0.976726 votes=3
241.64 301.59 258.26 325.87 249.37 331.95 232.76 307.67 ship 0 0.976088 votes=3
574.53 402.26 610.69 414.53 606.42 427.11 570.26 414.83 ship 0 0.975718 votes=3
721.07 303.13 770.25 310.48 768.03 325.36 718.84 318.01 ship 0 0.975620 votes=3
404.42 330.78 437.90 325.16 439.71 335.90 406.23 341.52 ship 0 0.974586 votes=3
659.62 377.80 698.55 376.21 699.14 390.83 660.22 392.42 ship 0 0.972421 votes=3
469.52 263.66 472.97 237.41 483.35 238.77 479.91 265.02 ship 0 0.971636 votes=3
563.50 261.77 569.16 233.50 579.91 235.65 574.25 263.92 ship 0 0.970828 votes=3
346.20 292.62 378.09 305.55 373.63 316.55 341.74 303.62 ship 0 0.970463 votes=3
377.89 137.56 422.67 174.74 413.31 186.01 368.53 148.83 ship 0 0.970407 votes=3
233.07 314.12 250.82 346.08 241.13 351.46 223.38 319.51 ship 0 0.969932 votes=3
519.73 476.96 539.13 262.94 622.07 270.46 602.67 484.48 harbor 0 0.966693 votes=3
525.87 451.91 551.60 445.91 554.05 456.40 528.32 462.40 ship 0 0.966134 votes=3
345.12 260.81 359.23 239.09 367.32 244.34 353.21 266.07 ship 0 0.965356 votes=3
547.78 274.39 577.62 274.99 577.41 285.50 547.57 284.90 ship 0 0.963844 votes=3
396.69 448.22 415.34 271.28 489.37 279.09 470.72 456.02 harbor 0 0.963069 votes=3
289.50 357.33 320.63 356.69 320.85 367.49 289.72 368.13 ship 0 0.962005 votes=3
708.26 426.90 750.57 432.36 748.78 446.23 706.47 440.77 ship 0 0.960725 votes=3
453.02 324.58 481.89 339.52 476.69 349.57 447.82 334.63 ship 0 0.960432 votes=3
331.18 371.00 361.19 383.73 356.72 394.27 326.71 381.53 ship 0 0.959758 votes=3
399.30 384.28 430.99 376.23 433.52 386.21 401.83 394.26 ship 0 0.958511 votes=3
340.48 325.47 368.07 337.07 363.93 346.90 336.34 335.30 ship 0 0.957817 votes=3
401.24 348.28 435.08 341.78 437.23 352.99 403.39 359.49 ship 0 0.953445 votes=3
519.37 432.92 560.10 430.44 560.79 441.78 520.06 444.25 ship 0 0.944800 votes=3
172.79 393.00 203.15 425.68 192.68 435.41 162.32 402.72 ship 0 0.919394 votes=3
281.28 397.19 302.24 257.61 381.32 269.49 360.37 409.06 harbor 0 0.911976 votes=3
311.61 276.87 334.78 276.19 335.07 286.14 311.91 286.82 ship 0 0.906181 votes=3
304.63 321.42 331.21 321.31 331.25 333.58 304.67 333.68 ship 0 0.906110 votes=3
363.23 266.16 372.55 242.41 382.59 246.35 373.27 270.10 ship 0 0.893426 votes=3
104.92 446.37 166.60 485.25 151.47 509.25 89.79 470.37 ship 0 0.873924 votes=3
412.55 277.29 437.59 277.64 437.45 287.23 412.42 286.87 ship 0 0.861121 votes=3
308.71 305.87 332.36 305.57 332.48 315.02 308.83 315.31 ship 0 0.836406 votes=3
98.17 457.82 232.89 257.45 289.21 295.32 154.49 495.69 harbor 0 0.808461 votes=3
699.96 483.84 733.49 489.97 731.48 500.93 697.96 494.80 ship 0 0.804832 votes=3
437.81 426.65 468.97 447.45 462.84 456.62 431.68 435.82 ship 0 0.719052 votes=2
