506.72 686.07 510.18 500.27 660.66 503.07 657.20 688.88 chimney 0 0.999539 votes=3
381.15 425.50 382.93 663.54 194.69 664.94 192.91 426.90 chimney 0 0.999331 votes=3
637.82 368.23 638.01 316.94 682.55 317.10 682.36 368.39 storagetank 0 0.993935 votes=3
229.55 78.64 229.98 47.88 259.45 48.29 259.03 79.05 storagetank 0 0.992412 votes=3
192.40 389.33 193.24 292.05 277.01 292.78 276.17 390.05 storagetank 0 0.989143 votes=3
197.97 46.50 228.99 47.06 228.45 76.87 197.44 76.31 storagetank 0 0.986121 votes=3
195.87 44.80 196.62 74.82 167.39 75.55 166.64 45.53 storagetank 0 0.980014 votes=3
298.65 45.24 299.34 83.51 261.96 84.19 261.27 45.91 storagetank 0 0.979298 votes=3
700.94 649.04 701.79 680.15 674.62 680.90 673.77 649.78 storagetank 0 0.960369 votes=3
621.13 314.29 621.70 364.17 577.41 364.68 576.84 314.80 storagetank 0 0.947393 votes=3
388.30 298.72 388.49 402.81 297.93 402.98 297.74 298.89 storagetank 0 0.919163 votes=3
296.07 53.69 312.88 53.11 313.42 68.55 296.60 69.13 storagetank 0 0.806600 votes=3
