386.04 329.76 400.65 293.63 413.69 298.90 399.07 335.04 ship 0 0.999205 votes=3
485.20 417.89 497.56 382.25 508.66 386.10 496.29 421.74 ship 0 0.998412 votes=3
557.27 393.24 568.22 359.39 578.96 362.87 568.00 396.71 ship 0 0.998350 votes=3
180.69 584.37 199.53 551.14 211.66 558.02 192.82 591.24 ship 0 0.998310 votes=3
250.65 546.37 264.48 521.32 273.84 526.49 260.01 551.54 ship 0 0.996736 votes=3
217.70 602.32 229.96 578.87 238.97 583.58 226.71 607.03 ship 0 0.995436 votes=3
253.96 622.94 265.24 601.79 273.43 606.16 262.14 627.31 ship 0 0.994031 votes=3
194.33 640.40 208.91 618.29 218.73 624.76 204.14 646.88 ship 0 0.992093 votes=3
419.75 267.47 428.02 239.98 437.54 242.85 429.28 270.33 ship 0 0.991987 votes=3
113.31 505.88 310.19 617.61 270.20 688.09 73.32 576.36 harbor 0 0.989161 votes=3
155.37 413.87 398.92 548.73 361.92 615.55 118.37 480.69 harbor 0 0.986772 votes=3
126.37 591.55 136.93 573.73 144.09 577.97 133.53 595.79 ship 0 0.986086 votes=3
197.49 324.43 526.18 487.86 492.71 555.18 164.02 391.75 harbor 0 0.984708 votes=3
323.55 161.50 768.07 300.37 743.93 377.64 299.41 238.77 harbor 0 0.983698 votes=3
263.27 240.97 661.88 388.89 632.59 467.84 233.97 319.92 harbor 0 0.969550 votes=3
205.47 49.72 297.51 27.77 300.45 40.09 208.40 62.03 harbor 0 0.716200 votes=2
