398.02 387.57 403.91 503.25 373.27 504.82 367.37 389.13 ship 0 0.999775 votes=3
514.93 374.19 517.42 449.74 495.59 450.46 493.11 374.90 ship 0 0.999748 votes=3
629.45 472.25 629.59 580.94 598.50 580.97 598.37 472.29 ship 0 0.999745 votes=3
584.02 473.27 585.50 578.64 553.42 579.09 551.94 473.72 ship 0 0.999737 votes=3
410.32 220.34 415.24 294.68 392.56 296.18 387.64 221.84 ship 0 0.999711 votes=3
666.97 467.09 668.20 591.30 635.65 591.62 634.42 467.41 ship 0 0.999647 votes=3
658.78 447.23 658.91 367.42 683.65 367.46 683.53 447.27 ship 0 0.999628 votes=3
596.87 443.61 597.49 363.28 622.57 363.47 621.95 443.80 ship 0 0.999623 votes=3
765.30 558.83 766.02 477.40 790.05 477.61 789.32 559.05 ship 0 0.999605 votes=3
420.78 274.37 420.84 225.11 439.34 225.14 439.27 274.40 ship 0 0.999581 votes=3
238.27 181.62 308.07 181.85 308.00 204.07 238.19 203.83 ship 0 0.999559 votes=3
681.54 571.44 683.27 468.43 712.93 468.93 711.20 571.93 ship 0 0.999557 votes=3
562.02 240.14 566.55 294.71 547.09 296.32 542.56 241.76 ship 0 0.999513 votes=3
624.83 239.70 629.68 288.50 611.78 290.27 606.94 241.48 ship 0 0.999442 votes=3
582.70 285.51 582.73 244.00 600.53 244.02 600.49 285.53 ship 0 0.999315 votes=3
499.74 241.76 499.86 294.89 480.44 294.94 480.32 241.80 ship 0 0.999218 votes=3
534.99 243.43 536.80 281.10 520.47 281.89 518.65 244.22 ship 0 0.999176 votes=3
202.66 80.49 254.41 80.16 254.51 97.07 202.77 97.40 ship 0 0.999006 votes=3
265.67 79.14 319.76 78.83 319.86 97.34 265.78 97.65 ship 0 0.998850 votes=3
139.15 81.50 188.80 80.67 189.11 98.83 139.45 99.66 ship 0 0.998050 votes=3
342.64 113.19 387.32 112.35 387.68 131.41 343.00 132.26 ship 0 0.997979 votes=3
414.65 181.80 455.59 180.07 456.30 196.99 415.36 198.72 ship 0 0.997692 votes=3
280.80 252.83 281.87 290.90 264.90 291.38 263.83 253.30 ship 0 0.997471 votes=3
342.75 77.62 389.25 76.43 389.74 95.61 343.24 96.80 ship 0 0.997262 votes=3
325.83 184.11 364.40 184.09 364.41 200.92 325.84 200.94 ship 0 0.996151 votes=3
287.68 116.03 331.07 115.11 331.44 132.97 288.06 133.89 ship 0 0.995753 votes=3
397.66 374.03 766.65 371.05 768.12 553.16 399.13 556.15 harbor 0 0.992550 votes=3
469.52 245.21 478.85 282.27 460.60 286.87 451.27 249.80 ship 0 0.991296 votes=3
246.70 200.68 678.06 197.88 678.63 286.20 247.27 289.00 harbor 0 0.965975 votes=3
165.53 92.69 661.19 89.93 661.36 119.57 165.69 122.33 harbor 0 0.819847 votes=2
