466.50 315.94 468.62 372.13 449.25 372.86 447.14 316.66 ship 0 0.999425 votes=3
493.62 313.91 493.68 370.37 475.16 370.39 475.10 313.93 ship 0 0.999412 votes=3
418.67 373.62 418.81 304.01 440.27 304.06 440.13 373.67 ship 0 0.999349 votes=3
217.59 642.26 218.07 691.28 201.04 691.45 200.56 642.43 ship 0 0.999191 votes=3
576.52 377.27 580.92 306.46 604.33 307.92 599.93 378.72 ship 0 0.999150 votes=3
413.28 314.44 413.59 370.41 395.02 370.52 394.72 314.54 ship 0 0.999148 votes=3
386.77 298.43 387.19 365.69 366.07 365.82 365.65 298.56 ship 0 0.999076 votes=3
223.46 223.08 223.64 263.22 208.61 263.29 208.43 223.15 ship 0 0.999036 votes=3
638.03 372.93 639.61 321.99 656.56 322.52 654.97 373.45 ship 0 0.998987 votes=3
662.77 373.31 670.64 300.03 692.39 302.36 684.52 375.65 ship 0 0.998865 votes=3
313.38 316.03 313.59 365.24 295.58 365.32 295.36 316.11 ship 0 0.998856 votes=3
465.99 685.79 466.84 637.82 482.60 638.10 481.75 686.07 ship 0 0.998851 votes=3
290.46 636.39 293.70 694.29 275.02 695.33 271.77 637.44 ship 0 0.998822 votes=3
368.77 690.81 368.87 635.73 388.06 635.77 387.96 690.84 ship 0 0.998779 votes=3
271.29 218.59 275.35 262.61 258.41 264.17 254.34 220.16 ship 0 0.998262 votes=3
178.84 692.29 179.50 640.03 194.29 640.21 193.62 692.48 ship 0 0.998181 votes=3
160.91 364.39 161.80 327.94 177.52 328.33 176.62 364.78 ship 0 0.998094 votes=3
462.40 642.51 462.61 700.11 443.88 700.18 443.67 642.58 ship 0 0.998081 votes=3
521.09 314.13 521.87 374.67 502.24 374.92 501.45 314.38 ship 0 0.997828 votes=3
526.40 641.83 526.61 688.69 510.47 688.76 510.26 641.90 ship 0 0.997774 votes=3
265.87 321.33 266.36 364.42 250.35 364.60 249.87 321.51 ship 0 0.997569 votes=3
195.48 317.86 195.97 363.84 181.13 364.00 180.63 318.02 ship 0 0.997462 votes=3
526.02 377.52 527.50 302.33 549.85 302.77 548.37 377.96 ship 0 0.996883 votes=3
657.88 213.80 694.45 213.64 694.50 226.78 657.94 226.94 ship 0 0.996849 votes=3
242.97 640.28 243.81 690.03 226.08 690.32 225.24 640.58 ship 0 0.996557 votes=3
113.93 266.64 114.56 223.05 128.78 223.26 128.14 266.85 ship 0 0.996336 votes=3
149.38 321.79 151.04 364.77 137.47 365.30 135.81 322.32 ship 0 0.996313 votes=3
593.42 215.91 622.88 215.25 623.15 227.34 593.69 228.00 ship 0 0.996066 votes=3
284.24 218.05 321.46 217.50 321.66 231.23 284.44 231.78 ship 0 0.995733 votes=3
225.52 364.18 226.08 321.09 242.85 321.30 242.29 364.40 ship 0 0.995547 votes=3
380.78 216.94 422.38 216.34 422.56 228.78 380.96 229.38 ship 0 0.995394 votes=3
317.75 363.03 317.92 317.04 331.46 317.09 331.28 363.08 ship 0 0.995310 votes=3
184.68 266.62 184.73 227.73 198.41 227.75 198.36 266.64 ship 0 0.995307 votes=3
248.25 226.23 248.98 262.09 234.97 262.38 234.23 226.52 ship 0 0.994246 votes=3
332.84 218.09 370.99 218.23 370.94 230.03 332.79 229.89 ship 0 0.993826 votes=3
99.52 639.78 99.74 677.21 86.08 677.29 85.86 639.86 ship 0 0.989619 votes=3
326.63 759.37 326.74 780.09 317.92 780.14 317.80 759.42 vehicle 0 0.987456 votes=3
174.20 226.46 176.46 262.93 162.79 263.78 160.52 227.31 ship 0 0.986945 votes=3
780.55 355.63 787.38 317.15 799.97 319.38 793.14 357.87 ship 0 0.975999 votes=3
66.89 683.25 67.13 639.08 81.98 639.16 81.75 683.33 ship 0 0.974957 votes=3
150.29 224.71 150.91 259.84 137.60 260.08 136.97 224.94 ship 0 0.973567 votes=3
543.29 547.77 566.44 562.98 560.56 571.93 537.41 556.72 vehicle 0 0.966652 votes=3
124.19 642.18 124.83 684.34 109.23 684.58 108.60 642.42 ship 0 0.964493 votes=3
476.18 215.84 509.56 214.81 509.95 227.26 476.57 228.29 ship 0 0.956482 votes=3
342.46 695.59 343.03 665.01 355.20 665.24 354.63 695.81 ship 0 0.947901 votes=3
397.77 760.24 398.00 780.56 390.58 780.64 390.36 760.32 vehicle 0 0.928537 votes=3
301.96 647.18 319.00 680.90 307.76 686.58 290.72 652.86 ship 0 0.920811 votes=2
329.74 493.71 331.75 513.49 322.30 514.45 320.29 494.67 vehicle 0 0.774527 votes=3
98.82 307.97 714.83 309.46 714.64 386.48 98.64 384.99 harbor 0 0.732012 votes=2
120.15 220.78 290.42 216.14 291.56 257.96 121.29 262.60 harbor 0 0.691819 votes=2
10.25 600.82 738.13 602.50 737.93 690.52 10.05 688.83 harbor 0 0.652951 votes=3
