763.26 150.82 766.71 330.59 587.32 334.03 583.87 154.26 baseballfield 0 0.999652 votes=3
371.02 15.57 383.81 741.90 54.80 747.70 42.01 21.36 groundtrackfield 0 0.998877 votes=3
622.49 516.30 623.14 537.00 614.76 537.26 614.11 516.56 vehicle 0 0.998229 votes=3
588.42 515.78 588.87 536.16 579.75 536.36 579.30 515.98 vehicle 0 0.998103 votes=3
693.67 514.17 693.78 533.87 685.15 533.92 685.03 514.22 vehicle 0 0.997403 votes=3
606.17 615.07 606.25 595.38 615.04 595.41 614.96 615.11 vehicle 0 0.996042 votes=3
647.54 516.40 647.64 536.81 639.14 536.85 639.04 516.44 vehicle 0 0.989723 votes=3
659.62 539.22 659.75 557.94 651.38 557.99 651.25 539.28 vehicle 0 0.988126 votes=3
568.33 620.60 568.99 641.59 559.98 641.87 559.32 620.88 vehicle 0 0.987540 votes=3
637.53 540.37 637.78 558.29 628.76 558.42 628.51 540.50 vehicle 0 0.986612 votes=3
766.11 534.22 767.24 553.78 758.92 554.26 757.78 534.70 vehicle 0 0.982130 votes=3
555.79 595.57 556.47 617.08 547.65 617.36 546.97 595.85 vehicle 0 0.971303 votes=3
676.03 619.03 676.25 638.32 667.99 638.42 667.76 619.13 vehicle 0 0.970532 votes=3
595.41 636.31 595.46 618.37 603.76 618.39 603.71 636.34 vehicle 0 0.967813 votes=3
549.76 518.85 549.76 536.42 541.95 536.42 541.94 518.85 vehicle 0 0.955490 votes=3
673.17 678.84 673.76 702.00 665.87 702.21 665.28 679.04 vehicle 0 0.950668 votes=3
550.11 546.25 552.20 564.46 544.48 565.35 542.39 547.14 vehicle 0 0.946893 votes=3
709.16 532.42 709.53 515.03 717.74 515.21 717.38 532.59 vehicle 0 0.935372 votes=3
706.09 537.98 706.51 555.68 698.64 555.87 698.23 538.16 vehicle 0 0.926742 votes=3
603.60 463.60 603.70 482.96 595.17 483.01 595.07 463.64 vehicle 0 0.869829 votes=3
518.37 472.85 532.42 461.90 537.39 468.27 523.33 479.22 vehicle 0 0.745942 votes=2
