522.62 271.08 522.99 188.05 546.02 188.15 545.65 271.18 ship 0 0.999788 votes=3
580.72 186.77 581.33 284.80 557.41 284.95 556.80 186.92 ship 0 0.999698 votes=3
461.93 288.20 463.40 363.45 442.38 363.86 440.90 288.61 ship 0 0.999663 votes=3
508.56 189.61 508.93 269.38 487.15 269.48 486.78 189.71 ship 0 0.999657 votes=3
439.88 268.94 440.69 198.42 460.36 198.64 459.54 269.17 ship 0 0.999629 votes=3
510.49 289.28 513.15 371.89 491.83 372.57 489.16 289.97 ship 0 0.999606 votes=3
338.75 214.26 341.74 274.24 324.72 275.09 321.73 215.10 ship 0 0.999596 votes=3
697.35 68.04 698.31 154.71 675.67 154.96 674.72 68.29 ship 0 0.999594 votes=3
389.62 294.01 389.64 350.91 372.89 350.92 372.87 294.02 ship 0 0.999591 votes=3
744.91 108.30 747.15 249.51 717.69 249.97 715.45 108.77 ship 0 0.999560 votes=3
420.67 342.93 420.68 294.36 436.49 294.36 436.47 342.93 ship 0 0.999559 votes=3
241.42 237.93 241.69 280.62 227.52 280.71 227.25 238.02 ship 0 0.999556 votes=3
698.37 176.57 703.75 260.24 681.35 261.67 675.97 178.01 ship 0 0.999447 votes=3
315.71 482.19 315.97 434.24 332.63 434.33 332.37 482.28 ship 0 0.999402 votes=3
548.80 289.29 549.69 379.07 526.55 379.30 525.66 289.52 ship 0 0.999366 votes=3
289.67 441.70 289.97 486.93 274.34 487.03 274.04 441.81 ship 0 0.999347 votes=3
356.16 437.00 356.41 482.90 341.10 482.98 340.86 437.09 ship 0 0.999139 votes=3
270.46 502.44 271.44 557.90 252.88 558.23 251.90 502.77 ship 0 0.999024 votes=3
311.54 431.58 312.05 485.10 295.28 485.26 294.77 431.74 ship 0 0.999019 votes=3
367.76 273.32 367.89 206.21 387.45 206.24 387.32 273.36 ship 0 0.998992 votes=3
302.38 504.26 303.41 574.77 278.14 575.14 277.11 504.63 ship 0 0.998988 votes=3
182.63 452.97 182.65 491.39 169.07 491.40 169.04 452.97 ship 0 0.998984 votes=3
342.21 288.90 342.53 355.01 327.19 355.08 326.88 288.97 ship 0 0.998951 votes=3
269.47 446.96 269.53 489.50 254.72 489.52 254.66 446.98 ship 0 0.998910 votes=3
165.28 457.21 165.52 491.96 153.03 492.05 152.79 457.30 ship 0 0.998904 votes=3
410.92 208.30 411.13 275.40 391.92 275.46 391.70 208.37 ship 0 0.998881 votes=3
136.40 460.19 138.51 493.12 126.73 493.88 124.62 460.95 ship 0 0.998819 votes=3
286.38 74.11 286.38 123.07 270.23 123.08 270.22 74.11 ship 0 0.998756 votes=3
157.95 134.19 158.68 83.36 175.01 83.59 174.28 134.42 ship 0 0.998647 votes=3
249.75 440.92 250.27 486.38 237.28 486.52 236.76 441.07 ship 0 0.998576 votes=3
198.05 79.90 198.10 121.97 182.87 121.99 182.81 79.92 ship 0 0.998533 votes=3
315.53 116.31 315.98 79.90 329.63 80.07 329.18 116.48 ship 0 0.998515 votes=3
380.52 484.63 388.40 561.49 370.70 563.30 362.82 486.45 ship 0 0.998341 votes=3
280.21 295.56 280.34 342.83 266.81 342.87 266.68 295.60 ship 0 0.998175 votes=3
242.62 294.55 242.84 334.91 230.30 334.98 230.09 294.61 ship 0 0.998061 votes=3
261.80 238.32 261.81 280.51 246.91 280.51 246.90 238.33 ship 0 0.997948 votes=3
356.66 497.00 357.29 572.43 336.44 572.60 335.80 497.17 ship 0 0.997807 votes=3
168.20 506.36 168.51 539.27 156.83 539.38 156.52 506.47 ship 0 0.997056 votes=3
224.22 293.96 225.05 337.67 210.46 337.95 209.64 294.23 ship 0 0.996694 votes=3
290.31 108.61 290.37 80.65 301.26 80.67 301.21 108.63 ship 0 0.996536 votes=3
174.61 300.67 175.91 329.93 164.78 330.42 163.48 301.16 ship 0 0.995433 votes=3
482.78 291.92 484.27 358.86 466.48 359.25 465.00 292.32 ship 0 0.995081 votes=3
231.44 449.53 232.53 488.32 219.74 488.68 218.64 449.89 ship 0 0.993784 votes=3
142.63 535.52 142.74 506.81 153.10 506.85 153.00 535.56 ship 0 0.993383 votes=3
217.80 514.61 218.19 540.87 208.12 541.02 207.73 514.75 ship 0 0.992655 votes=3
106.11 468.12 106.68 493.06 97.11 493.28 96.54 468.34 ship 0 0.991180 votes=3
205.45 248.55 205.72 274.09 195.81 274.20 195.54 248.66 ship 0 0.991005 votes=3
610.96 61.87 638.79 60.93 639.10 70.11 611.26 71.04 ship 0 0.988415 votes=3
75.95 508.68 76.28 538.14 65.44 538.26 65.12 508.80 ship 0 0.987937 votes=3
173.46 235.31 173.73 264.46 163.68 264.56 163.41 235.40 ship 0 0.983222 votes=3
122.39 466.45 122.92 493.34 111.36 493.56 110.83 466.68 ship 0 0.975283 votes=3
228.58 77.69 228.87 127.25 204.29 127.39 203.99 77.83 ship 0 0.974550 votes=3
9.63 430.11 361.14 436.77 358.61 570.16 7.10 563.50 harbor 0 0.968318 votes=3
233.18 516.09 233.39 538.98 222.74 539.08 222.52 516.19 ship 0 0.966824 votes=3
569.10 408.39 575.17 388.96 583.86 391.67 577.79 411.10 ship 0 0.959376 votes=3
137.48 509.98 138.10 535.20 129.15 535.42 128.53 510.20 ship 0 0.956335 votes=3
93.46 540.99 93.58 508.43 107.74 508.48 107.62 541.04 ship 0 0.934117 votes=3
333.68 124.47 334.34 77.64 360.14 78.00 359.49 124.83 ship 0 0.922915 votes=3
186.09 540.14 186.37 515.23 197.62 515.35 197.34 540.27 ship 0 0.888618 votes=3
12.17 174.07 558.56 181.83 555.95 366.03 9.55 358.28 harbor 0 0.840036 votes=3
128.07 249.68 129.40 269.47 120.66 270.06 119.33 250.27 ship 0 0.823462 votes=2
127.99 60.42 725.48 39.18 728.16 114.61 130.67 135.85 harbor 0 0.776044 votes=3
123.85 516.40 124.11 535.78 114.00 535.92 113.74 516.54 ship 0 0.723135 votes=3
715.82 62.77 719.52 275.75 701.30 276.07 697.60 63.09 harbor 0 0.656874 votes=2
90.22 341.70 93.79 317.44 103.17 318.82 99.60 343.08 ship 0 0.639218 votes=2
