754.41 18.49 770.64 715.03 93.26 730.81 77.03 34.27 stadium 0 0.998995 votes=3
192.89 745.77 219.92 767.22 214.55 773.99 187.51 752.54 vehicle 0 0.995050 votes=3
590.49 748.44 605.27 778.82 598.57 782.08 583.79 751.70 vehicle 0 0.989298 votes=3
150.79 679.84 173.12 705.67 165.90 711.91 143.56 686.08 vehicle 0 0.979094 votes=3
609.03 738.40 622.20 771.81 614.92 774.68 601.75 741.28 vehicle 0 0.976651 votes=3
551.25 760.77 559.41 792.82 550.55 795.08 542.39 763.03 vehicle 0 0.970779 votes=3
626.42 726.45 644.31 756.17 636.74 760.72 618.85 731.01 vehicle 0 0.959387 votes=3
538.78 765.81 547.45 794.14 539.94 796.43 531.27 768.10 vehicle 0 0.943338 votes=3
616.35 732.69 630.05 762.08 623.33 765.21 609.63 735.82 vehicle 0 0.852298 votes=3
309.92 600.92 316.92 154.91 577.46 159.00 570.46 605.01 groundtrackfield 0 0.831725 votes=3
