216.42 530.80 701.83 350.18 796.60 604.88 311.19 785.49 Expressway-Service-area 0 0.998722 votes=3
12.06 264.70 569.94 80.96 643.09 303.05 85.21 486.80 Expressway-Service-area 0 0.998438 votes=3
456.40 498.63 466.24 475.74 472.76 478.54 462.92 501.43 vehicle 0 0.994429 votes=3
484.37 532.99 508.85 524.80 510.92 530.98 486.44 539.17 vehicle 0 0.991314 votes=3
460.65 212.29 477.18 273.11 471.40 274.68 454.87 213.86 vehicle 0 0.978791 votes=3
394.51 540.39 405.59 517.69 411.73 520.69 400.65 543.39 vehicle 0 0.977897 votes=3
407.01 542.45 418.26 519.74 424.14 522.66 412.90 545.37 vehicle 0 0.973305 votes=3
379.59 525.20 381.53 497.71 388.11 498.17 386.17 525.66 vehicle 0 0.971013 votes=3
434.00 270.68 447.82 279.17 444.71 284.23 430.89 275.74 vehicle 0 0.953740 votes=3
670.42 285.85 762.72 246.04 791.85 313.58 699.54 353.39 overpass 0 0.940357 votes=3
388.12 521.57 394.50 494.08 400.20 495.41 393.82 522.89 vehicle 0 0.925126 votes=3
