220.07 175.04 226.09 152.02 234.58 154.24 228.56 177.26 ship 0 0.994084 votes=3
495.53 771.49 505.98 222.57 550.75 223.42 540.30 772.35 bridge 0 0.993675 votes=3
93.39 196.25 101.96 175.31 109.46 178.38 100.90 199.32 ship 0 0.993287 votes=3
37.85 175.39 44.73 155.20 52.86 157.97 45.98 178.16 ship 0 0.991960 votes=3
177.89 750.90 188.79 774.66 180.33 778.54 169.44 754.78 ship 0 0.991145 votes=3
112.70 203.69 121.47 182.62 128.31 185.46 119.53 206.54 ship 0 0.990212 votes=3
200.45 169.10 205.39 146.06 214.20 147.95 209.26 170.99 ship 0 0.989995 votes=3
634.90 591.21 662.22 591.21 662.22 600.69 634.90 600.69 ship 0 0.989563 votes=3
191.08 749.36 200.42 772.86 191.75 776.31 182.40 752.81 ship 0 0.989142 votes=3
742.47 618.30 766.02 617.33 766.41 626.81 742.86 627.79 ship 0 0.988830 votes=3
131.38 142.66 140.50 119.16 149.30 122.58 140.17 146.08 ship 0 0.987898 votes=3
113.52 133.47 120.89 115.56 127.76 118.39 120.39 136.30 ship 0 0.987531 votes=3
618.76 411.38 644.71 413.52 643.94 422.82 618.00 420.69 ship 0 0.984025 votes=3
268.75 187.82 268.75 158.03 277.97 158.03 277.97 187.83 ship 0 0.982083 votes=3
82.75 124.44 90.23 100.96 98.42 103.57 90.94 127.06 ship 0 0.980782 votes=3
181.04 161.23 187.60 141.35 195.26 143.88 188.69 163.76 ship 0 0.978276 votes=3
18.32 168.55 24.70 144.03 34.17 146.49 27.79 171.01 ship 0 0.978020 votes=3
737.32 746.60 738.17 573.97 798.98 574.27 798.13 746.90 harbor 0 0.977037 votes=3
160.66 154.08 168.63 134.20 175.08 136.79 167.11 156.66 ship 0 0.974037 votes=3
167.78 162.55 177.19 136.52 184.87 139.29 175.46 165.33 ship 0 0.973318 votes=3
247.90 180.29 247.93 158.08 255.82 158.09 255.80 180.30 ship 0 0.969743 votes=3
631.37 604.62 654.65 604.22 654.80 612.94 631.52 613.33 ship 0 0.969252 votes=3
74.46 189.22 81.51 171.30 89.27 174.36 82.22 192.27 ship 0 0.963743 votes=3
634.99 656.61 658.63 656.70 658.59 665.21 634.95 665.13 ship 0 0.958585 votes=3
152.41 149.20 159.13 130.56 165.33 132.80 158.61 151.44 ship 0 0.950242 votes=3
623.92 703.04 624.08 726.84 615.80 726.90 615.64 703.10 ship 0 0.944825 votes=3
308.07 179.64 308.16 157.85 318.75 157.89 318.67 179.68 ship 0 0.939880 votes=3
622.88 444.85 644.67 450.17 642.74 458.11 620.95 452.79 ship 0 0.923447 votes=3
69.86 122.62 79.08 98.61 86.63 101.51 77.41 125.52 ship 0 0.918779 votes=3
216.76 791.76 236.72 781.33 240.45 788.49 220.49 798.91 ship 0 0.917410 votes=3
315.03 245.89 315.34 223.45 324.61 223.57 324.30 246.02 ship 0 0.902981 votes=3
631.62 669.56 652.91 670.36 652.61 678.17 631.33 677.36 ship 0 0.902764 votes=3
180.94 231.92 188.45 214.41 194.28 216.92 186.77 234.42 ship 0 0.902456 votes=3
170.29 223.41 178.06 209.28 183.20 212.11 175.43 226.23 ship 0 0.899646 votes=3
662.79 566.12 663.88 738.25 622.12 738.52 621.03 566.39 harbor 0 0.891396 votes=3
54.89 180.27 60.88 165.10 67.60 167.75 61.62 182.92 ship 0 0.888882 votes=3
123.32 208.48 130.92 191.99 137.27 194.91 129.67 211.40 ship 0 0.883062 votes=3
151.54 219.90 157.82 202.72 165.13 205.39 158.85 222.57 ship 0 0.877989 votes=3
269.77 227.31 354.82 221.36 357.12 254.21 272.07 260.16 harbor 0 0.865076 votes=3
580.49 682.92 597.82 683.89 597.20 694.99 579.87 694.02 ship 0 0.857793 votes=2
34.10 95.83 49.22 93.01 50.66 100.74 35.53 103.55 ship 0 0.834420 votes=3
777.83 630.78 796.76 631.22 796.59 638.80 777.66 638.36 ship 0 0.830039 votes=3
287.41 159.38 287.56 179.82 278.71 179.89 278.56 159.45 ship 0 0.814945 votes=3
54.63 110.69 59.65 92.75 66.10 94.55 61.08 112.50 ship 0 0.792610 votes=3
18.89 143.73 204.47 218.99 192.04 249.63 6.47 174.37 harbor 0 0.742403 votes=3
580.07 665.24 600.43 666.21 600.00 675.27 579.64 674.30 ship 0 0.737190 votes=3
96.46 122.63 101.31 105.36 108.16 107.28 103.32 124.55 ship 0 0.694594 votes=3
631.09 681.07 651.84 681.58 651.64 689.63 630.89 689.12 ship 0 0.686353 votes=3
274.51 249.83 274.79 230.07 282.05 230.18 281.76 249.94 ship 0 0.622536 votes=2
