400.67 283.50 444.11 337.31 426.70 351.36 383.26 297.56 ship 0 0.999018 votes=3
322.86 283.75 372.75 247.00 385.59 264.43 335.70 301.18 ship 0 0.998741 votes=3
276.13 400.63 313.41 442.43 298.16 456.02 260.88 414.23 ship 0 0.997871 votes=3
369.51 307.40 429.72 381.54 406.41 400.47 346.20 326.32 ship 0 0.997793 votes=3
170.95 123.78 181.00 159.75 169.35 163.00 159.30 127.04 ship 0 0.995370 votes=3
346.76 355.88 386.14 387.76 373.48 403.39 334.11 371.51 ship 0 0.995055 votes=3
176.91 406.12 214.07 382.62 222.72 396.30 185.56 419.80 ship 0 0.992837 votes=3
581.77 178.65 607.61 169.12 610.69 177.47 584.85 187.00 ship 0 0.991855 votes=3
619.47 205.14 643.81 193.27 647.74 201.33 623.39 213.20 ship 0 0.989657 votes=3
243.92 486.36 275.73 522.69 258.75 537.56 226.94 501.22 ship 0 0.984541 votes=3
474.20 254.34 500.48 240.94 508.41 256.48 482.12 269.88 ship 0 0.911862 votes=3
74.39 375.61 274.56 169.97 449.23 339.99 249.06 545.64 harbor 0 0.878223 votes=3
445.82 258.32 468.62 259.22 468.15 271.29 445.34 270.39 ship 0 0.800959 votes=3
253.13 330.27 271.99 351.19 258.73 363.16 239.86 342.23 ship 0 0.759947 votes=2
