197.59 367.22 197.97 308.02 242.08 308.30 241.70 367.50 airplane 0 0.999730 votes=3
471.11 509.72 540.32 507.92 541.84 566.49 472.63 568.28 airplane 0 0.999703 votes=3
709.72 522.00 762.66 538.39 748.17 585.20 695.23 568.82 airplane 0 0.999426 votes=3
199.27 298.37 199.48 244.46 244.09 244.64 243.88 298.55 airplane 0 0.999376 votes=3
72.16 163.13 96.26 163.28 96.19 173.38 72.10 173.23 vehicle 0 0.991450 votes=3
428.27 286.38 448.31 286.09 448.43 294.23 428.39 294.52 vehicle 0 0.978342 votes=3
77.24 222.03 97.99 222.06 97.97 231.43 77.23 231.40 vehicle 0 0.964990 votes=3
18.27 216.46 40.56 215.61 40.92 224.94 18.63 225.79 vehicle 0 0.945937 votes=3
427.87 268.12 447.68 267.91 447.77 276.36 427.96 276.57 vehicle 0 0.783425 votes=3
347.24 33.51 366.93 34.11 366.70 41.52 347.01 40.92 vehicle 0 0.746850 votes=3
