162.51 597.44 241.22 496.97 332.50 568.48 253.79 668.95 trainstation 0 0.977325 votes=3
374.03 375.91 460.60 398.88 454.53 421.73 367.96 398.76 overpass 0 0.976155 votes=3
406.23 701.23 493.18 698.16 493.68 712.29 406.73 715.35 overpass 0 0.967315 votes=3
515.27 145.50 556.60 153.65 554.98 161.86 513.66 153.71 overpass 0 0.906295 votes=3
458.37 291.30 495.49 304.53 492.97 311.58 455.85 298.34 overpass 0 0.862310 votes=3
538.98 61.73 584.39 80.13 581.39 87.54 535.98 69.14 overpass 0 0.844522 votes=2
416.80 353.28 465.78 376.97 462.41 383.94 413.43 360.25 overpass 0 0.748702 votes=2
380.28 249.16 388.45 228.59 403.15 234.43 394.99 255.00 groundtrackfield 0 0.741503 votes=2
699.75 371.54 736.56 400.18 732.07 405.95 695.26 377.32 overpass 0 0.734648 votes=3
688.23 268.80 751.74 206.17 775.57 230.33 712.05 292.97 trainstation 0 0.688987 votes=3
