465.23 692.46 558.95 695.51 557.13 751.34 463.41 748.29 basketballcourt 0 0.999565 votes=3
30.83 217.48 186.41 219.82 184.18 367.75 28.60 365.41 baseballfield 0 0.999537 votes=3
467.35 577.92 558.44 580.10 557.18 632.68 466.09 630.50 basketballcourt 0 0.999535 votes=3
466.76 636.25 559.37 638.87 557.87 691.92 465.26 689.30 basketballcourt 0 0.999524 votes=3
48.91 730.02 54.92 629.52 154.78 635.49 148.78 735.98 baseballfield 0 0.999511 votes=3
693.31 490.23 694.64 398.96 738.80 399.60 737.47 490.88 tenniscourt 0 0.999490 votes=3
484.31 505.77 484.37 396.04 590.40 396.10 590.34 505.83 baseballfield 0 0.999485 votes=3
465.39 751.04 558.07 754.46 556.15 806.39 463.47 802.97 basketballcourt 0 0.998964 votes=3
638.71 490.11 640.30 397.07 682.63 397.79 681.04 490.84 tenniscourt 0 0.998221 votes=3
638.43 350.07 640.04 257.86 683.35 258.62 681.74 350.83 tenniscourt 0 0.998059 votes=3
695.55 350.58 696.56 260.30 730.81 260.68 729.80 350.97 tenniscourt 0 0.995731 votes=3
671.14 632.05 690.23 631.75 690.36 640.09 671.27 640.38 vehicle 0 0.993208 votes=3
730.89 679.15 751.36 678.98 751.43 687.19 730.96 687.36 vehicle 0 0.978429 votes=3
669.04 10.50 689.03 10.53 689.02 18.81 669.03 18.78 vehicle 0 0.944209 votes=3
443.43 11.11 466.04 12.53 465.50 21.13 442.89 19.71 vehicle 0 0.942738 votes=3
669.36 673.90 688.09 674.29 687.95 680.91 669.22 680.52 vehicle 0 0.936549 votes=3
66.23 31.37 66.42 51.79 58.76 51.87 58.56 31.44 vehicle 0 0.916721 votes=3
543.89 100.28 550.31 115.03 544.18 117.70 537.76 102.95 vehicle 0 0.902471 votes=3
326.47 12.17 348.76 12.01 348.82 20.65 326.54 20.81 vehicle 0 0.889846 votes=3
394.27 11.78 411.91 12.20 411.73 20.14 394.08 19.72 vehicle 0 0.880843 votes=3
305.79 11.86 325.73 13.98 324.78 22.92 304.84 20.81 vehicle 0 0.867695 votes=3
583.84 12.85 603.35 13.24 603.20 20.88 583.68 20.48 vehicle 0 0.769276 votes=3
