424.23 337.72 424.32 255.74 445.71 255.76 445.63 337.74 ship 0 0.999766 votes=3
477.69 263.74 477.99 335.75 457.49 335.84 457.19 263.82 ship 0 0.999721 votes=3
514.67 434.60 516.71 353.78 540.28 354.38 538.25 435.19 ship 0 0.999718 votes=3
566.42 256.84 566.72 332.72 545.72 332.80 545.42 256.92 ship 0 0.999710 votes=3
512.47 630.33 513.09 692.82 493.44 693.01 492.83 630.53 ship 0 0.999709 votes=3
484.76 335.32 485.62 258.90 505.17 259.12 504.31 335.54 ship 0 0.999709 votes=3
485.14 431.39 485.19 354.06 505.62 354.07 505.57 431.40 ship 0 0.999708 votes=3
626.23 260.95 627.41 332.18 607.73 332.50 606.56 261.27 ship 0 0.999587 votes=3
104.43 563.38 176.57 562.92 176.70 582.08 104.55 582.54 ship 0 0.999568 votes=3
522.05 700.32 522.06 627.61 544.35 627.61 544.34 700.32 ship 0 0.999554 votes=3
93.96 459.90 167.39 459.46 167.52 480.26 94.09 480.70 ship 0 0.999539 votes=3
517.34 335.54 517.41 255.93 539.32 255.96 539.24 335.56 ship 0 0.999538 votes=3
424.68 427.65 424.91 352.47 446.06 352.53 445.83 427.72 ship 0 0.999532 votes=3
606.62 691.60 606.92 624.93 627.25 625.02 626.96 691.69 ship 0 0.999480 votes=3
490.98 606.35 490.99 542.07 511.83 542.08 511.82 606.35 ship 0 0.999468 votes=3
641.20 334.48 641.89 274.41 663.20 274.65 662.50 334.72 ship 0 0.999465 votes=3
97.31 65.74 234.44 61.74 235.30 91.29 98.17 95.29 ship 0 0.999434 votes=3
454.82 427.44 454.86 351.61 478.74 351.63 478.70 427.46 ship 0 0.999410 votes=3
598.19 542.02 600.35 607.68 580.57 608.33 578.41 542.67 ship 0 0.999372 votes=3
600.80 621.56 601.58 685.85 580.69 686.11 579.90 621.81 ship 0 0.999363 votes=3
198.92 322.29 263.48 323.41 263.13 344.20 198.56 343.09 ship 0 0.999339 votes=3
570.17 159.10 635.58 117.36 647.10 135.40 581.69 177.15 ship 0 0.999299 votes=3
188.83 556.08 291.39 553.49 292.02 578.62 189.46 581.22 ship 0 0.999265 votes=3
685.60 350.92 689.21 404.62 670.16 405.90 666.55 352.20 ship 0 0.999030 votes=3
467.14 610.90 467.41 552.76 483.98 552.84 483.71 610.98 ship 0 0.999013 votes=3
196.15 156.32 281.94 154.98 282.28 176.78 196.50 178.12 ship 0 0.998885 votes=3
94.90 156.07 178.60 155.03 178.87 177.34 95.18 178.38 ship 0 0.998809 votes=3
454.46 541.56 456.30 611.30 435.46 611.85 433.62 542.11 ship 0 0.998686 votes=3
189.79 458.67 305.83 457.23 306.21 487.60 190.16 489.05 ship 0 0.998664 votes=3
86.40 323.85 191.40 323.08 191.58 348.74 86.58 349.50 ship 0 0.998443 votes=3
543.83 133.78 625.52 87.75 637.17 108.43 555.48 154.46 ship 0 0.998246 votes=3
458.48 630.30 458.86 697.94 436.23 698.06 435.86 630.42 ship 0 0.998132 votes=3
681.70 626.74 681.91 683.54 663.12 683.61 662.91 626.81 ship 0 0.998009 votes=3
655.41 549.83 658.46 607.30 641.95 608.18 638.90 550.71 ship 0 0.997203 votes=3
607.63 598.58 607.76 545.57 625.59 545.61 625.46 598.62 ship 0 0.996904 votes=3
104.45 710.70 179.45 710.52 179.52 741.57 104.52 741.76 ship 0 0.996707 votes=3
679.08 551.50 679.67 602.63 665.07 602.80 664.48 551.67 ship 0 0.995877 votes=3
430.95 547.81 702.11 546.00 703.09 691.65 431.92 693.47 harbor 0 0.993736 votes=3
248.81 62.94 284.02 63.54 283.78 77.58 248.57 76.98 ship 0 0.992760 votes=3
422.85 262.64 749.15 258.81 751.14 428.45 424.84 432.28 harbor 0 0.992387 votes=3
765.34 76.83 804.54 121.22 791.74 132.53 752.54 88.14 ship 0 0.989161 votes=3
675.66 -2.17 686.09 54.38 667.40 57.82 656.98 1.27 ship 0 0.989159 votes=3
558.59 355.24 559.22 385.55 548.01 385.78 547.38 355.48 ship 0 0.989115 votes=3
475.20 660.00 475.91 632.62 486.13 632.89 485.42 660.27 ship 0 0.973027 votes=3
654.16 1.70 667.42 48.82 654.04 52.58 640.79 5.46 ship 0 0.970814 votes=3
785.71 38.18 799.40 53.07 793.35 58.64 779.65 43.75 vehicle 0 0.967357 votes=3
112.28 757.00 176.46 756.88 176.52 785.85 112.34 785.97 ship 0 0.955878 votes=3
60.68 16.47 301.72 20.57 300.59 86.71 59.56 82.61 harbor 0 0.928759 votes=3
69.46 274.28 304.65 279.08 303.23 348.81 68.03 344.01 harbor 0 0.924253 votes=3
695.11 321.87 733.26 321.64 733.34 334.86 695.19 335.09 ship 0 0.915429 votes=3
18.66 360.29 22.30 379.39 15.34 380.72 11.69 361.62 vehicle 0 0.891531 votes=3
681.52 586.65 682.34 555.91 693.17 556.20 692.36 586.94 ship 0 0.844592 votes=3
71.74 443.49 302.47 443.77 302.45 458.64 71.73 458.36 harbor 0 0.807641 votes=3
68.52 179.32 297.26 176.10 297.47 191.30 68.73 194.51 harbor 0 0.790358 votes=3
86.11 584.43 311.93 575.43 312.62 592.75 86.80 601.75 harbor 0 0.732567 votes=2
24.83 669.54 26.36 690.62 17.22 691.28 15.69 670.20 vehicle 0 0.731858 votes=2
77.32 742.17 299.12 737.31 299.53 755.86 77.73 760.73 harbor 0 0.709077 votes=3
622.38 36.01 755.65 270.39 664.99 321.93 531.72 87.55 harbor 0 0.656932 votes=2
625.04 598.23 625.38 575.92 634.84 576.06 634.51 598.38 ship 0 0.645383 votes=2
