717.06 235.85 774.74 683.91 503.84 718.78 446.16 270.72 Expressway-Service-area 0 0.998391 votes=3
304.19 156.85 393.82 614.94 240.19 645.00 150.56 186.90 Expressway-Service-area 0 0.997568 votes=3
558.55 467.23 563.00 498.00 554.06 499.29 549.62 468.52 vehicle 0 0.996410 votes=3
512.29 386.59 528.49 420.26 520.96 423.88 504.75 390.21 vehicle 0 0.990327 votes=3
566.44 513.30 570.93 542.96 562.80 544.19 558.30 514.53 vehicle 0 0.988028 votes=3
535.35 508.34 540.63 538.83 532.58 540.22 527.30 509.73 vehicle 0 0.974001 votes=3
587.07 527.36 590.30 556.93 582.63 557.77 579.40 528.20 vehicle 0 0.969607 votes=3
357.66 66.37 368.53 99.34 360.92 101.86 350.05 68.88 vehicle 0 0.964816 votes=3
579.15 474.81 585.75 512.75 577.12 514.25 570.53 476.31 vehicle 0 0.947918 votes=3
498.62 314.05 518.76 330.71 513.19 337.44 493.05 320.77 vehicle 0 0.925286 votes=3
527.18 457.09 530.80 495.89 523.32 496.59 519.70 457.79 vehicle 0 0.840351 votes=3
