219.64 518.43 268.66 410.77 298.85 424.51 249.83 532.18 ship 0 0.994461 votes=3
520.02 617.62 618.37 549.97 642.06 584.40 543.70 652.06 ship 0 0.987320 votes=3
262.72 507.83 288.02 459.52 311.27 471.70 285.97 520.00 ship 0 0.976509 votes=3
405.00 66.20 421.97 55.52 426.10 62.07 409.12 72.75 ship 0 0.963476 votes=3
249.74 116.51 449.97 -10.87 483.43 41.72 283.20 169.11 harbor 0 0.852670 votes=3
471.11 746.37 478.99 757.48 474.58 760.61 466.70 749.50 vehicle 0 0.837614 votes=3
453.19 728.76 459.65 742.64 453.84 745.35 447.38 731.47 vehicle 0 0.810801 votes=3
134.99 78.97 566.17 703.75 522.31 734.02 91.12 109.24 bridge 0 0.791590 votes=3
551.51 706.07 559.11 716.31 554.86 719.46 547.27 709.21 vehicle 0 0.711633 votes=3
319.17 286.22 328.11 273.51 333.00 276.94 324.06 289.66 ship 0 0.677961 votes=2
