260.68 343.09 315.89 341.51 316.37 358.31 261.16 359.88 ship 0 0.999673 votes=3
120.64 305.21 120.98 348.83 106.15 348.95 105.81 305.33 ship 0 0.999286 votes=3
197.20 346.65 197.36 307.78 210.48 307.84 210.32 346.71 ship 0 0.999267 votes=3
329.84 225.45 335.67 268.91 321.60 270.80 315.76 227.34 ship 0 0.999199 votes=3
90.36 349.91 90.49 315.28 102.03 315.32 101.90 349.95 ship 0 0.998840 votes=3
157.50 195.62 158.41 156.33 172.27 156.66 171.35 195.95 ship 0 0.998816 votes=3
185.57 253.65 190.80 214.16 203.46 215.84 198.23 255.33 ship 0 0.998801 votes=3
263.78 209.21 266.36 170.25 281.02 171.22 278.44 210.18 ship 0 0.998744 votes=3
345.69 153.74 356.88 200.08 341.27 203.85 330.08 157.51 ship 0 0.998736 votes=3
371.03 202.35 412.46 192.01 416.21 207.02 374.78 217.35 ship 0 0.998633 votes=3
324.40 155.66 335.93 205.39 321.76 208.67 310.22 158.95 ship 0 0.998480 votes=3
285.66 264.35 286.83 226.97 299.93 227.38 298.77 264.76 ship 0 0.998356 votes=3
228.88 205.75 230.03 165.89 243.07 166.26 241.92 206.13 ship 0 0.998341 votes=3
250.53 260.78 255.08 222.56 268.05 224.11 263.51 262.32 ship 0 0.998101 votes=3
306.06 165.14 317.54 210.51 303.22 214.13 291.74 168.76 ship 0 0.998028 votes=3
69.89 183.05 70.39 147.92 82.78 148.09 82.28 183.22 ship 0 0.998020 votes=3
256.69 319.65 299.55 319.75 299.51 334.91 256.65 334.81 ship 0 0.998003 votes=3
155.64 319.81 156.31 350.27 144.48 350.53 143.81 320.07 ship 0 0.997956 votes=3
230.32 296.94 231.26 348.34 216.16 348.62 215.22 297.21 ship 0 0.997818 votes=3
246.70 207.19 247.21 169.07 260.85 169.25 260.35 207.37 ship 0 0.997766 votes=3
346.94 225.95 351.59 262.46 339.17 264.04 334.52 227.53 ship 0 0.997691 votes=3
211.68 204.04 212.50 165.50 226.06 165.79 225.23 204.33 ship 0 0.997678 votes=3
121.94 194.64 122.46 156.52 134.94 156.69 134.42 194.81 ship 0 0.997384 votes=3
176.50 200.07 177.40 159.43 190.07 159.71 189.17 200.35 ship 0 0.997072 votes=3
218.97 254.90 222.69 219.55 234.71 220.81 230.99 256.17 ship 0 0.997040 votes=3
268.54 259.39 271.48 226.68 283.64 227.77 280.70 260.49 ship 0 0.996975 votes=3
104.82 189.95 105.22 149.58 118.12 149.70 117.73 190.08 ship 0 0.996971 votes=3
193.30 204.15 194.66 159.19 207.24 159.57 205.88 204.53 ship 0 0.996879 votes=3
35.48 185.38 35.63 160.22 45.84 160.28 45.69 185.44 ship 0 0.996854 votes=3
203.30 252.03 207.80 217.27 219.58 218.80 215.09 253.55 ship 0 0.996849 votes=3
358.19 183.27 413.14 168.82 417.63 185.87 362.68 200.32 ship 0 0.996575 votes=3
85.75 184.34 87.10 148.17 98.39 148.59 97.04 184.76 ship 0 0.996514 votes=3
139.10 240.43 141.80 207.59 152.86 208.50 150.15 241.34 ship 0 0.996507 votes=3
171.10 243.47 175.24 213.18 186.38 214.70 182.24 244.99 ship 0 0.996416 votes=3
113.92 366.10 114.30 394.76 104.00 394.89 103.63 366.24 ship 0 0.996322 votes=3
130.19 368.37 130.35 395.26 120.12 395.32 119.96 368.43 ship 0 0.996308 votes=3
122.47 238.25 124.24 206.13 135.51 206.75 133.75 238.87 ship 0 0.994988 votes=3
84.31 397.15 84.33 365.99 94.86 365.99 94.85 397.15 ship 0 0.994641 votes=3
126.56 351.81 126.75 321.73 138.76 321.81 138.56 351.89 ship 0 0.994071 votes=3
52.90 185.23 53.27 155.37 64.41 155.51 64.04 185.37 ship 0 0.993776 votes=3
204.43 572.65 214.30 595.64 204.92 599.67 195.05 576.68 ship 0 0.992883 votes=3
89.21 230.57 91.35 204.34 102.10 205.21 99.97 231.44 ship 0 0.992842 votes=3
141.47 558.74 150.69 581.53 141.54 585.23 132.32 562.44 ship 0 0.991931 votes=3
235.31 256.12 238.84 226.01 249.96 227.31 246.43 257.42 ship 0 0.991529 votes=3
106.90 232.83 108.62 205.26 119.42 205.93 117.70 233.50 ship 0 0.990640 votes=3
235.83 517.08 242.28 544.60 230.46 547.37 224.01 519.85 ship 0 0.987051 votes=3
152.68 390.82 152.71 366.20 162.93 366.21 162.90 390.84 ship 0 0.986042 votes=3
246.03 364.17 246.31 399.17 233.87 399.27 233.59 364.27 ship 0 0.985301 votes=3
155.68 239.85 157.94 213.08 168.34 213.96 166.08 240.73 ship 0 0.982873 votes=3
76.53 371.98 79.16 396.28 69.43 397.34 66.79 373.04 ship 0 0.982318 votes=3
40.71 313.92 290.24 314.27 290.13 395.26 40.60 394.91 harbor 0 0.982144 votes=3
154.22 553.41 161.93 574.69 152.30 578.18 144.59 556.90 ship 0 0.976816 votes=3
84.49 583.39 253.82 517.08 272.31 564.28 102.98 630.60 harbor 0 0.961376 votes=3
21.77 136.60 383.78 176.25 373.50 270.11 11.49 230.47 harbor 0 0.949170 votes=3
-1.47 361.01 25.61 346.88 30.59 356.41 3.50 370.54 ship 0 0.949041 votes=3
179.46 548.29 186.54 566.41 177.93 569.77 170.86 551.65 ship 0 0.935560 votes=3
3.32 393.69 36.90 403.29 33.74 414.37 0.15 404.76 ship 0 0.929221 votes=3
222.54 567.61 229.50 590.74 218.35 594.10 211.39 570.97 ship 0 0.899854 votes=3
65.10 345.28 88.36 345.47 88.29 353.92 65.03 353.73 ship 0 0.857609 votes=2
21.93 168.54 22.76 143.53 31.75 143.82 30.92 168.84 ship 0 0.712163 votes=3
0.82 371.95 28.02 371.70 28.13 382.92 0.92 383.18 ship 0 0.680260 votes=3
1.80 415.46 28.64 429.06 23.85 438.49 -2.98 424.89 ship 0 0.669453 votes=2
