397.87 701.28 398.76 618.45 435.18 618.84 434.30 701.66 vehicle 0 0.999784 votes=3
340.00 325.94 393.76 401.40 361.33 424.51 307.57 349.05 vehicle 0 0.999769 votes=3
625.87 299.05 735.69 297.84 736.08 332.97 626.26 334.18 vehicle 0 0.999752 votes=3
216.55 120.24 264.57 200.47 234.28 218.60 186.27 138.36 vehicle 0 0.999746 votes=3
175.60 706.46 176.79 625.36 213.45 625.89 212.27 706.99 vehicle 0 0.999744 votes=3
128.92 175.28 188.28 268.13 155.24 289.26 95.88 196.41 vehicle 0 0.999743 votes=3
626.87 665.59 719.17 667.88 718.31 702.60 626.02 700.32 vehicle 0 0.999739 votes=3
261.48 631.10 262.58 708.98 228.25 709.47 227.16 631.59 vehicle 0 0.999725 votes=3
308.71 614.71 311.73 705.67 272.59 706.97 269.57 616.01 vehicle 0 0.999682 votes=3
124.67 707.19 125.13 601.67 164.10 601.84 163.64 707.36 vehicle 0 0.999682 votes=3
