420.25 211.54 485.94 212.55 485.64 232.32 419.94 231.31 ship 0 0.999649 votes=3
563.26 214.58 625.21 215.06 625.08 232.03 563.13 231.54 ship 0 0.999613 votes=3
292.41 211.22 360.20 211.20 360.21 231.13 292.41 231.14 ship 0 0.999319 votes=3
747.85 243.62 782.07 243.47 782.13 257.22 747.91 257.37 ship 0 0.999249 votes=3
332.44 257.64 360.96 257.58 360.98 268.32 332.46 268.38 ship 0 0.999170 votes=3
745.76 426.70 779.85 426.63 779.88 438.68 745.78 438.75 ship 0 0.998876 votes=3
288.39 307.29 321.05 307.36 321.03 318.33 288.37 318.27 ship 0 0.998872 votes=3
745.70 263.04 784.05 263.17 784.01 277.06 745.66 276.94 ship 0 0.998856 votes=3
458.60 350.35 496.62 349.75 496.81 361.86 458.79 362.46 ship 0 0.998796 votes=3
697.11 335.10 733.99 335.00 734.02 347.94 697.14 348.03 ship 0 0.998770 votes=3
460.69 260.32 494.24 260.55 494.15 273.03 460.61 272.80 ship 0 0.998739 votes=3
698.49 261.04 732.70 259.77 733.17 272.22 698.96 273.50 ship 0 0.998714 votes=3
747.52 282.68 783.52 283.03 783.39 296.40 747.39 296.06 ship 0 0.998683 votes=3
204.31 257.59 235.50 258.14 235.30 269.61 204.11 269.07 ship 0 0.998606 votes=3
36.38 210.28 108.53 215.01 107.27 234.29 35.12 229.57 ship 0 0.998601 votes=3
332.02 274.75 361.14 275.00 361.05 286.03 331.93 285.79 ship 0 0.998600 votes=3
170.72 212.50 231.23 213.18 231.02 231.97 170.51 231.29 ship 0 0.998589 votes=3
332.12 291.64 364.56 291.61 364.57 302.52 332.12 302.54 ship 0 0.998577 votes=3
697.97 388.64 733.84 388.22 733.99 400.58 698.12 401.00 ship 0 0.998561 votes=3
287.81 340.17 319.23 339.54 319.45 350.27 288.02 350.91 ship 0 0.998560 votes=3
77.40 307.04 109.79 307.12 109.76 318.42 77.37 318.34 ship 0 0.998555 votes=3
746.07 409.45 782.33 409.01 782.48 421.35 746.22 421.79 ship 0 0.998548 votes=3
202.97 373.94 235.57 373.83 235.61 385.03 203.01 385.15 ship 0 0.998538 votes=3
77.54 256.15 110.00 255.99 110.05 267.64 77.60 267.80 ship 0 0.998527 votes=3
28.35 468.12 62.70 467.78 62.82 480.14 28.47 480.47 ship 0 0.998491 votes=3
600.08 561.87 636.80 561.08 637.07 573.72 600.35 574.51 ship 0 0.998465 votes=3
458.67 652.09 497.66 652.17 497.63 664.61 458.64 664.53 ship 0 0.998431 votes=3
460.38 315.52 495.11 315.67 495.07 326.87 460.33 326.72 ship 0 0.998399 votes=3
702.68 216.24 780.19 216.21 780.20 234.09 702.69 234.13 ship 0 0.998281 votes=3
288.91 323.37 321.39 323.66 321.28 335.36 288.80 335.07 ship 0 0.998279 votes=3
743.46 444.63 785.75 444.24 785.88 458.03 743.59 458.43 ship 0 0.998279 votes=3
747.55 301.47 786.19 301.65 786.13 315.25 747.49 315.07 ship 0 0.998273 votes=3
76.09 538.69 107.85 538.52 107.90 549.01 76.15 549.18 ship 0 0.998254 votes=3
27.82 609.88 62.67 610.05 62.61 622.30 27.76 622.13 ship 0 0.998236 votes=3
29.96 326.59 64.94 327.05 64.78 339.43 29.80 338.96 ship 0 0.998187 votes=3
600.69 614.28 636.61 614.14 636.66 627.12 600.74 627.25 ship 0 0.998178 votes=3
600.74 295.75 643.14 293.64 643.82 307.17 601.41 309.28 ship 0 0.998177 votes=3
31.52 273.00 66.72 273.18 66.66 286.20 31.45 286.02 ship 0 0.998144 votes=3
459.58 241.82 494.78 242.04 494.70 254.21 459.50 253.99 ship 0 0.998126 votes=3
458.80 367.52 497.62 367.34 497.69 380.92 458.87 381.10 ship 0 0.998120 votes=3
603.93 331.53 639.40 331.13 639.53 342.64 604.06 343.05 ship 0 0.998051 votes=3
557.14 582.34 589.35 582.14 589.42 594.00 557.22 594.20 ship 0 0.998040 votes=3
743.32 657.04 782.57 657.21 782.50 672.80 743.25 672.63 ship 0 0.998023 votes=3
204.34 390.69 235.89 390.59 235.93 401.08 204.37 401.19 ship 0 0.998012 votes=3
603.99 278.11 640.53 277.35 640.79 289.85 604.25 290.61 ship 0 0.998006 votes=3
458.65 474.85 495.06 473.73 495.44 486.11 459.03 487.23 ship 0 0.997992 votes=3
461.64 295.79 496.70 296.48 496.45 309.09 461.39 308.40 ship 0 0.997986 votes=3
460.35 278.75 496.74 278.72 496.75 291.36 460.36 291.39 ship 0 0.997956 votes=3
548.41 562.07 590.36 562.48 590.23 575.50 548.29 575.10 ship 0 0.997923 votes=3
555.02 333.27 591.76 332.83 591.93 346.53 555.19 346.98 ship 0 0.997904 votes=3
549.78 474.27 588.72 473.59 588.97 488.05 550.04 488.72 ship 0 0.997855 votes=3
460.57 332.47 495.13 331.71 495.40 344.15 460.84 344.90 ship 0 0.997851 votes=3
417.27 290.56 451.07 290.29 451.17 302.67 417.37 302.94 ship 0 0.997799 votes=3
459.26 456.67 497.88 456.83 497.82 469.93 459.21 469.78 ship 0 0.997769 votes=3
28.12 592.14 63.20 591.67 63.37 603.99 28.29 604.46 ship 0 0.997758 votes=3
78.77 290.93 109.17 290.69 109.25 301.53 78.86 301.77 ship 0 0.997716 votes=3
332.80 307.70 363.05 307.66 363.06 319.41 332.81 319.45 ship 0 0.997697 votes=3
160.06 672.65 192.12 672.78 192.07 685.42 160.01 685.29 ship 0 0.997634 votes=3
77.95 423.00 109.82 422.18 110.10 432.89 78.23 433.71 ship 0 0.997609 votes=3
745.37 640.07 783.89 639.93 783.94 652.31 745.42 652.45 ship 0 0.997600 votes=3
601.52 595.47 638.83 594.45 639.19 607.57 601.88 608.58 ship 0 0.997587 votes=3
745.01 463.72 781.53 463.24 781.70 476.09 745.18 476.57 ship 0 0.997579 votes=3
745.79 480.43 781.45 480.33 781.48 492.76 745.82 492.85 ship 0 0.997556 votes=3
329.97 539.02 363.08 538.64 363.21 550.22 330.11 550.61 ship 0 0.997547 votes=3
602.89 455.42 637.88 455.29 637.92 467.02 602.94 467.15 ship 0 0.997538 votes=3
742.70 693.51 785.79 693.01 785.95 706.14 742.85 706.64 ship 0 0.997490 votes=3
554.81 385.26 589.90 386.36 589.49 399.51 554.40 398.41 ship 0 0.997480 votes=3
29.20 630.68 65.35 630.43 65.44 643.09 29.28 643.33 ship 0 0.997460 votes=3
330.26 489.02 361.43 488.32 361.69 499.82 330.52 500.52 ship 0 0.997448 votes=3
204.76 306.41 234.59 306.31 234.62 317.22 204.79 317.32 ship 0 0.997348 votes=3
552.73 652.81 589.87 652.40 590.00 664.52 552.86 664.93 ship 0 0.997280 votes=3
599.91 652.42 632.67 652.41 632.68 663.16 599.91 663.17 ship 0 0.997198 votes=3
603.56 401.15 639.37 400.35 639.65 413.03 603.85 413.82 ship 0 0.997084 votes=3
417.20 622.58 447.51 622.30 447.61 633.26 417.30 633.55 ship 0 0.997080 votes=3
202.62 457.44 232.71 457.43 232.71 468.57 202.63 468.58 ship 0 0.997077 votes=3
160.80 275.65 191.97 275.52 192.02 286.32 160.85 286.45 ship 0 0.997076 votes=3
77.01 372.92 107.73 372.05 108.06 383.55 77.33 384.41 ship 0 0.997018 votes=3
331.68 505.51 361.44 505.36 361.49 516.29 331.74 516.44 ship 0 0.997013 votes=3
746.01 373.12 783.52 372.61 783.68 384.44 746.17 384.95 ship 0 0.996996 votes=3
604.47 366.54 638.68 365.85 638.92 377.57 604.71 378.26 ship 0 0.996993 votes=3
698.38 406.48 734.79 405.74 735.05 418.44 698.64 419.19 ship 0 0.996924 votes=3
202.31 687.86 235.56 687.90 235.55 699.06 202.30 699.03 ship 0 0.996877 votes=3
413.92 359.27 446.33 358.66 446.54 369.57 414.12 370.18 ship 0 0.996830 votes=3
696.89 653.75 733.38 654.00 733.28 668.09 696.79 667.84 ship 0 0.996822 votes=3
204.70 324.26 233.28 324.11 233.34 334.22 204.75 334.37 ship 0 0.996808 votes=3
203.50 589.18 235.09 589.36 235.02 600.51 203.44 600.33 ship 0 0.996789 votes=3
164.27 307.01 191.94 307.07 191.92 318.10 164.24 318.04 ship 0 0.996779 votes=3
744.24 586.67 778.36 586.25 778.50 597.82 744.39 598.24 ship 0 0.996748 votes=3
554.12 260.86 591.19 260.76 591.23 273.99 554.16 274.09 ship 0 0.996650 votes=3
600.52 418.26 645.18 417.91 645.29 431.85 600.63 432.21 ship 0 0.996649 votes=3
550.06 668.19 589.70 668.33 589.65 682.98 550.00 682.83 ship 0 0.996648 votes=3
691.77 529.40 733.08 529.68 732.99 543.52 691.67 543.24 ship 0 0.996640 votes=3
32.12 257.47 64.04 256.84 64.26 267.73 32.34 268.36 ship 0 0.996625 votes=3
746.92 497.71 778.18 497.50 778.26 509.16 747.00 509.37 ship 0 0.996588 votes=3
601.18 543.64 638.80 542.72 639.10 554.85 601.48 555.76 ship 0 0.996578 votes=3
600.19 312.39 638.90 311.83 639.12 326.76 600.41 327.33 ship 0 0.996504 votes=3
74.18 622.74 104.24 622.90 104.18 634.41 74.11 634.24 ship 0 0.996495 votes=3
31.05 649.97 62.42 649.61 62.55 661.10 31.18 661.46 ship 0 0.996478 votes=3
205.95 341.02 232.14 340.51 232.34 350.48 206.15 350.98 ship 0 0.996425 votes=3
33.13 503.72 64.56 503.72 64.56 515.07 33.13 515.07 ship 0 0.996423 votes=3
696.49 635.66 732.07 636.37 731.83 648.28 696.25 647.57 ship 0 0.996391 votes=3
330.57 440.30 359.26 439.42 359.58 449.62 330.88 450.51 ship 0 0.996386 votes=3
601.35 670.90 637.71 670.92 637.70 683.61 601.34 683.59 ship 0 0.996326 votes=3
745.96 356.49 782.10 355.29 782.51 367.90 746.38 369.10 ship 0 0.996305 votes=3
458.61 636.04 490.66 635.21 490.96 646.62 458.90 647.45 ship 0 0.996246 votes=3
415.83 240.38 451.59 240.34 451.60 252.94 415.84 252.98 ship 0 0.996226 votes=3
552.80 687.62 586.00 687.08 586.20 699.44 553.01 699.99 ship 0 0.996207 votes=3
457.89 616.56 494.12 615.85 494.38 628.88 458.14 629.59 ship 0 0.996205 votes=3
552.76 420.87 590.48 420.91 590.46 433.23 552.74 433.19 ship 0 0.996194 votes=3
456.70 668.68 496.69 668.38 496.79 682.13 456.80 682.43 ship 0 0.996178 votes=3
31.96 487.54 63.62 487.15 63.76 498.40 32.10 498.79 ship 0 0.996171 votes=3
162.46 340.52 192.70 340.53 192.70 351.46 162.46 351.44 ship 0 0.996116 votes=3
77.19 455.19 109.26 455.59 109.12 466.41 77.06 466.01 ship 0 0.996116 votes=3
203.60 275.79 231.69 276.11 231.57 287.06 203.47 286.73 ship 0 0.996055 votes=3
158.98 604.63 192.32 604.43 192.40 617.69 159.06 617.88 ship 0 0.996008 votes=3
602.26 508.10 638.46 507.53 638.65 519.98 602.45 520.54 ship 0 0.995992 votes=3
696.08 547.48 734.24 547.67 734.18 559.31 696.02 559.12 ship 0 0.995954 votes=3
602.42 382.79 636.34 382.01 636.60 393.61 602.68 394.39 ship 0 0.995950 votes=3
700.40 301.44 732.65 301.08 732.77 311.65 700.51 312.01 ship 0 0.995941 votes=3
331.06 555.51 368.45 555.48 368.46 567.54 331.07 567.57 ship 0 0.995940 votes=3
32.97 310.54 66.63 309.81 66.87 320.89 33.21 321.62 ship 0 0.995932 votes=3
330.72 572.43 361.80 572.92 361.62 584.31 330.54 583.82 ship 0 0.995882 votes=3
744.29 515.00 778.60 514.81 778.67 527.29 744.36 527.48 ship 0 0.995879 votes=3
79.83 439.46 109.39 438.16 109.92 450.13 80.35 451.43 ship 0 0.995824 votes=3
332.36 324.54 363.78 324.51 363.79 334.65 332.37 334.69 ship 0 0.995816 votes=3
33.31 343.59 67.56 343.67 67.53 357.54 33.28 357.45 ship 0 0.995801 votes=3
292.29 439.83 318.48 439.39 318.65 449.49 292.46 449.93 ship 0 0.995773 votes=3
202.79 357.39 232.84 356.55 233.16 368.07 203.12 368.91 ship 0 0.995715 votes=3
416.90 324.48 449.46 324.77 449.36 335.50 416.81 335.22 ship 0 0.995708 votes=3
552.40 546.48 589.06 546.36 589.10 558.73 552.45 558.85 ship 0 0.995691 votes=3
289.17 389.02 321.32 388.65 321.46 401.04 289.31 401.40 ship 0 0.995613 votes=3
330.82 341.26 361.85 340.68 362.05 351.31 331.01 351.89 ship 0 0.995591 votes=2
160.99 290.75 193.65 290.68 193.68 301.48 161.02 301.55 ship 0 0.995556 votes=3
420.13 375.09 444.97 374.99 445.02 385.45 420.17 385.55 ship 0 0.995532 votes=3
161.22 324.84 189.49 324.81 189.50 334.32 161.23 334.35 ship 0 0.995528 votes=3
28.96 431.17 65.14 433.20 64.44 445.57 28.26 443.54 ship 0 0.995509 votes=3
695.23 601.34 728.66 601.13 728.73 613.04 695.31 613.25 ship 0 0.995493 votes=3
747.15 338.23 779.78 337.64 780.02 350.65 747.39 351.24 ship 0 0.995434 votes=3
551.43 634.20 588.22 634.42 588.14 648.46 551.35 648.24 ship 0 0.995414 votes=3
457.28 686.45 493.50 686.28 493.56 699.34 457.34 699.51 ship 0 0.995401 votes=3
603.23 524.99 634.81 524.35 635.04 535.75 603.46 536.39 ship 0 0.995388 votes=3
204.99 703.57 235.00 703.29 235.10 713.44 205.08 713.72 ship 0 0.995373 votes=3
288.82 674.63 316.32 673.97 316.58 684.75 289.08 685.42 ship 0 0.995294 votes=3
331.69 473.37 362.09 472.47 362.40 482.67 331.99 483.57 ship 0 0.995281 votes=3
459.80 385.25 495.13 385.23 495.14 399.10 459.81 399.11 ship 0 0.995219 votes=3
27.85 555.42 62.58 558.77 61.50 569.97 26.77 566.61 ship 0 0.995069 votes=3
603.13 436.61 637.82 437.01 637.67 449.54 602.99 449.13 ship 0 0.995055 votes=3
458.34 493.63 493.52 492.23 494.01 504.63 458.84 506.03 ship 0 0.995043 votes=3
287.02 692.06 318.78 692.34 318.68 703.23 286.93 702.96 ship 0 0.994956 votes=3
30.18 519.70 65.10 519.48 65.20 534.50 30.28 534.72 ship 0 0.994922 votes=3
160.64 255.24 196.10 255.35 196.06 269.31 160.59 269.19 ship 0 0.994843 votes=3
77.22 406.27 108.42 405.62 108.66 416.63 77.46 417.29 ship 0 0.994776 votes=3
76.51 390.07 107.99 389.56 108.17 401.24 76.70 401.74 ship 0 0.994759 votes=3
415.68 306.91 450.33 307.17 450.24 319.22 415.59 318.96 ship 0 0.994759 votes=3
416.88 572.68 446.84 572.39 446.95 583.08 416.99 583.38 ship 0 0.994744 votes=3
202.42 671.76 232.32 671.37 232.45 681.50 202.56 681.89 ship 0 0.994731 votes=3
284.50 588.62 318.88 588.15 319.04 599.65 284.65 600.12 ship 0 0.994707 votes=3
205.70 291.91 234.75 291.60 234.86 301.60 205.81 301.91 ship 0 0.994687 votes=3
77.15 323.58 109.03 322.96 109.24 333.89 77.36 334.51 ship 0 0.994678 votes=3
557.29 315.15 592.57 315.43 592.47 328.39 557.18 328.11 ship 0 0.994641 votes=3
286.93 372.99 321.57 372.61 321.69 383.77 287.06 384.15 ship 0 0.994597 votes=3
286.11 357.50 320.42 357.02 320.58 368.19 286.27 368.67 ship 0 0.994585 votes=3
551.52 367.89 589.22 368.04 589.17 379.58 551.47 379.44 ship 0 0.994451 votes=3
414.98 656.66 443.79 656.59 443.81 666.23 415.00 666.31 ship 0 0.994433 votes=3
696.07 673.34 730.64 673.36 730.64 684.42 696.07 684.40 ship 0 0.994393 votes=3
26.63 686.71 65.06 686.48 65.14 700.45 26.71 700.68 ship 0 0.994359 votes=3
204.05 406.69 237.54 406.50 237.61 418.08 204.11 418.27 ship 0 0.994292 votes=3
458.46 580.72 494.46 579.52 494.89 592.51 458.89 593.70 ship 0 0.994282 votes=3
203.61 656.99 229.58 656.89 229.62 667.01 203.65 667.11 ship 0 0.994223 votes=3
75.81 505.03 104.40 505.18 104.34 517.40 75.75 517.26 ship 0 0.994192 votes=3
31.05 414.29 65.09 414.10 65.15 425.32 31.11 425.51 ship 0 0.994192 votes=3
416.60 390.44 446.81 390.39 446.83 400.91 416.61 400.96 ship 0 0.994098 votes=3
745.84 605.87 777.34 606.04 777.28 617.30 745.78 617.13 ship 0 0.994054 votes=3
418.49 258.80 449.76 259.25 449.62 269.50 418.34 269.05 ship 0 0.994044 votes=3
76.82 521.32 105.41 522.79 104.86 533.49 76.27 532.01 ship 0 0.993912 votes=3
696.23 369.86 733.63 369.69 733.69 383.16 696.29 383.32 ship 0 0.993889 votes=3
698.20 425.45 734.95 425.05 735.08 437.11 698.33 437.50 ship 0 0.993865 votes=3
602.85 487.24 642.24 486.94 642.36 502.29 602.97 502.59 ship 0 0.993764 votes=3
76.72 472.28 105.10 472.00 105.21 483.08 76.83 483.36 ship 0 0.993731 votes=3
30.93 573.74 64.57 573.35 64.72 586.07 31.08 586.45 ship 0 0.993720 votes=3
331.89 456.41 361.73 456.41 361.73 467.93 331.89 467.93 ship 0 0.993635 votes=3
697.83 620.45 732.52 621.48 732.21 631.98 697.52 630.95 ship 0 0.993489 votes=3
201.93 606.30 231.82 606.59 231.71 617.49 201.83 617.20 ship 0 0.993245 votes=3
694.54 281.55 732.40 281.43 732.44 294.12 694.58 294.25 ship 0 0.993236 votes=3
203.61 473.11 232.42 472.73 232.55 482.64 203.74 483.02 ship 0 0.993229 votes=3
554.81 509.44 591.91 509.59 591.85 524.35 554.75 524.19 ship 0 0.993153 votes=3
201.84 423.48 232.71 423.41 232.73 434.48 201.87 434.54 ship 0 0.993112 votes=3
332.20 523.45 364.11 523.19 364.20 534.16 332.29 534.43 ship 0 0.993107 votes=3
75.19 553.92 105.83 554.13 105.75 565.36 75.11 565.14 ship 0 0.992999 votes=3
748.45 392.81 787.00 392.29 787.17 404.37 748.61 404.89 ship 0 0.992961 votes=3
417.15 606.38 445.14 605.99 445.30 617.40 417.31 617.79 ship 0 0.992888 votes=3
458.56 597.80 494.40 597.99 494.32 611.78 458.49 611.59 ship 0 0.992838 votes=3
288.51 504.73 319.74 505.27 319.55 516.20 288.32 515.66 ship 0 0.992825 votes=3
161.47 373.16 193.22 373.74 193.02 384.95 161.27 384.37 ship 0 0.992764 votes=3
158.94 655.45 188.22 655.48 188.20 665.26 158.93 665.22 ship 0 0.992722 votes=3
330.56 357.37 360.38 357.03 360.50 367.47 330.68 367.82 ship 0 0.992708 votes=2
202.91 623.31 234.65 622.71 234.85 633.58 203.12 634.18 ship 0 0.992572 votes=3
743.37 622.22 778.53 622.01 778.61 635.30 743.45 635.51 ship 0 0.992563 votes=3
554.79 457.22 590.89 456.68 591.07 468.76 554.97 469.30 ship 0 0.992440 votes=3
694.47 690.75 729.67 690.28 729.84 702.61 694.64 703.09 ship 0 0.992407 votes=3
159.65 556.67 190.48 556.47 190.55 567.39 159.72 567.59 ship 0 0.992395 votes=3
286.99 290.70 321.79 291.60 321.51 302.60 286.70 301.70 ship 0 0.992264 votes=3
745.14 569.01 776.74 568.59 776.89 579.38 745.29 579.80 ship 0 0.992109 votes=3
290.53 539.37 317.70 540.84 317.13 551.44 289.96 549.97 ship 0 0.991969 votes=3
457.84 510.24 494.83 509.87 494.96 523.12 457.97 523.49 ship 0 0.991950 votes=3
747.45 320.17 781.95 320.15 781.95 331.44 747.46 331.45 ship 0 0.991904 votes=3
603.46 242.64 638.62 243.34 638.34 257.16 603.19 256.47 ship 0 0.991798 votes=3
415.16 640.79 447.10 640.55 447.19 652.60 415.25 652.84 ship 0 0.991748 votes=3
290.65 272.18 320.45 272.72 320.24 284.53 290.44 283.99 ship 0 0.991478 votes=3
556.21 280.22 589.77 279.62 589.99 291.53 556.43 292.14 ship 0 0.991375 votes=3
696.21 440.67 733.38 440.72 733.36 453.89 696.19 453.84 ship 0 0.991189 votes=3
291.68 406.89 320.29 406.36 320.49 417.39 291.88 417.92 ship 0 0.991116 votes=3
288.45 240.52 322.77 240.98 322.62 252.14 288.30 251.68 ship 0 0.991047 votes=3
77.21 342.56 107.37 342.03 107.54 351.52 77.37 352.05 ship 0 0.991028 votes=3
329.91 689.24 360.90 690.39 360.49 701.32 329.50 700.16 ship 0 0.990973 votes=3
696.03 459.60 731.73 460.01 731.59 472.26 695.89 471.85 ship 0 0.990946 votes=3
204.41 241.09 232.40 240.98 232.44 251.40 204.45 251.51 ship 0 0.990830 votes=3
414.48 538.84 445.27 538.92 445.24 549.67 414.45 549.59 ship 0 0.990737 votes=3
161.74 357.34 193.99 357.18 194.04 368.03 161.79 368.18 ship 0 0.990682 votes=3
289.81 521.37 319.09 521.63 319.00 532.17 289.71 531.91 ship 0 0.990532 votes=3
290.02 424.00 319.77 423.52 319.94 434.10 290.19 434.58 ship 0 0.990215 votes=3
157.70 490.11 192.25 489.87 192.33 501.91 157.79 502.15 ship 0 0.990175 votes=3
162.03 240.36 194.28 240.49 194.24 251.09 161.99 250.96 ship 0 0.989957 votes=3
279.54 657.43 318.09 657.10 318.20 669.64 279.65 669.97 ship 0 0.989834 votes=3
157.70 572.29 187.76 571.73 187.96 582.60 157.90 583.16 ship 0 0.989595 votes=3
459.41 562.84 494.81 562.21 495.02 573.94 459.62 574.57 ship 0 0.989376 votes=3
203.79 573.49 233.73 572.81 233.93 581.97 204.00 582.64 ship 0 0.989326 votes=2
698.05 564.09 730.89 563.78 731.00 575.61 698.16 575.92 ship 0 0.989256 votes=3
77.89 239.21 108.65 239.10 108.69 250.86 77.93 250.97 ship 0 0.989234 votes=3
553.91 598.80 589.17 598.69 589.20 610.57 553.95 610.67 ship 0 0.989124 votes=3
414.78 439.27 444.90 439.09 444.96 449.76 414.84 449.93 ship 0 0.988906 votes=2
74.41 673.60 106.17 673.38 106.26 686.03 74.50 686.25 ship 0 0.988640 votes=3
30.99 290.74 66.97 290.93 66.90 304.57 30.92 304.39 ship 0 0.988614 votes=3
76.69 606.74 101.55 607.24 101.34 617.46 76.48 616.96 ship 0 0.988462 votes=2
548.87 403.61 589.69 403.56 589.70 416.05 548.89 416.10 ship 0 0.988456 votes=3
700.29 583.89 733.42 583.60 733.52 595.23 700.39 595.53 ship 0 0.988093 votes=3
287.67 572.39 317.59 572.00 317.74 583.47 287.82 583.86 ship 0 0.988090 votes=3
78.92 272.48 111.20 272.20 111.31 285.03 79.03 285.31 ship 0 0.988002 votes=3
285.37 488.45 319.86 488.86 319.73 499.99 285.24 499.58 ship 0 0.987949 votes=3
290.75 257.50 319.15 257.81 319.04 267.54 290.64 267.23 ship 0 0.987925 votes=3
163.35 439.40 192.11 439.58 192.04 450.32 163.29 450.14 ship 0 0.987789 votes=3
160.43 390.46 192.45 391.55 192.02 404.14 160.00 403.05 ship 0 0.987483 votes=3
331.46 407.08 362.05 405.81 362.52 416.98 331.92 418.25 ship 0 0.987355 votes=3
417.59 589.08 446.82 588.69 446.96 599.60 417.74 600.00 ship 0 0.987180 votes=2
695.55 512.35 730.03 511.82 730.21 523.37 695.73 523.90 ship 0 0.986987 votes=3
291.47 605.76 320.44 605.97 320.36 616.00 291.40 615.79 ship 0 0.986716 votes=3
203.11 557.13 233.11 556.71 233.25 566.65 203.25 567.08 ship 0 0.986635 votes=3
414.03 751.44 417.47 229.79 495.52 230.31 492.08 751.95 harbor 0 0.986608 votes=3
286.04 707.40 316.20 707.67 316.12 717.37 285.96 717.10 ship 0 0.986351 votes=3
603.38 351.44 632.21 350.70 632.50 362.03 603.68 362.78 ship 0 0.986155 votes=3
157.57 747.97 162.85 219.39 235.84 220.12 230.56 748.70 harbor 0 0.986095 votes=3
554.75 438.32 591.58 438.00 591.70 451.97 554.87 452.29 ship 0 0.985568 votes=3
694.72 743.15 696.93 225.15 780.84 225.50 778.63 743.51 harbor 0 0.985529 votes=3
286.56 745.77 289.63 229.26 363.43 229.70 360.36 746.21 harbor 0 0.985474 votes=3
202.33 490.12 234.39 489.85 234.48 500.55 202.42 500.82 ship 0 0.985428 votes=3
328.73 656.39 358.32 655.92 358.50 666.94 328.91 667.42 ship 0 0.985305 votes=3
332.17 241.36 364.53 241.49 364.49 251.99 332.13 251.86 ship 0 0.985235 votes=3
201.76 541.35 232.17 541.25 232.21 551.83 201.79 551.93 ship 0 0.985013 votes=3
26.50 747.11 32.18 215.25 109.94 216.08 104.27 747.94 harbor 0 0.984443 votes=3
329.35 622.83 359.69 621.85 360.00 631.51 329.66 632.50 ship 0 0.984341 votes=3
460.28 439.00 495.26 439.53 495.07 451.53 460.10 451.00 ship 0 0.984329 votes=3
157.88 455.19 191.23 455.41 191.15 466.99 157.81 466.77 ship 0 0.983608 votes=3
32.87 379.61 65.92 379.40 66.00 391.84 32.95 392.06 ship 0 0.983358 votes=3
76.26 487.25 103.14 486.97 103.24 496.75 76.36 497.03 ship 0 0.981358 votes=3
288.51 555.69 319.85 555.49 319.92 566.77 288.58 566.97 ship 0 0.981102 votes=3
418.62 340.20 447.70 340.64 447.53 351.81 418.45 351.37 ship 0 0.980426 votes=3
600.97 578.35 638.92 578.90 638.73 591.66 600.78 591.11 ship 0 0.980348 votes=3
462.11 421.79 497.10 422.16 496.98 434.16 461.98 433.79 ship 0 0.980174 votes=3
550.48 713.17 553.65 234.83 640.40 235.41 637.24 713.74 harbor 0 0.979975 votes=3
418.18 420.60 448.00 421.83 447.52 433.43 417.70 432.19 ship 0 0.979824 votes=3
599.94 633.03 636.48 633.18 636.43 647.01 599.88 646.86 ship 0 0.979818 votes=3
417.51 274.84 450.05 274.98 450.00 286.57 417.46 286.43 ship 0 0.978895 votes=2
555.57 297.90 590.76 297.72 590.82 311.10 555.63 311.28 ship 0 0.978711 votes=3
416.75 455.10 448.85 455.27 448.79 467.57 416.68 467.40 ship 0 0.978566 votes=3
462.24 405.84 495.83 406.07 495.76 417.12 462.17 416.89 ship 0 0.977694 votes=3
330.40 607.25 360.98 607.64 360.84 617.99 330.27 617.60 ship 0 0.976520 votes=3
599.81 690.94 637.42 690.54 637.56 703.35 599.94 703.75 ship 0 0.976430 votes=3
463.09 702.37 494.82 702.69 494.70 715.10 462.97 714.78 ship 0 0.975330 votes=3
552.47 492.32 590.53 491.96 590.66 504.78 552.60 505.15 ship 0 0.975189 votes=3
416.97 707.75 447.32 709.33 446.81 719.07 416.46 717.50 ship 0 0.974487 votes=3
414.14 691.41 445.78 694.25 444.82 704.99 413.18 702.15 ship 0 0.972822 votes=3
330.50 673.35 360.85 673.78 360.70 684.24 330.36 683.82 ship 0 0.970300 votes=3
330.17 423.87 360.10 424.13 360.01 435.15 330.08 434.89 ship 0 0.969293 votes=2
416.02 675.18 445.05 676.00 444.72 687.64 415.69 686.82 ship 0 0.967385 votes=3
459.49 528.44 493.34 529.11 493.11 540.46 459.27 539.79 ship 0 0.965956 votes=3
329.12 588.83 364.37 588.70 364.41 600.14 329.17 600.27 ship 0 0.964103 votes=3
694.90 352.45 733.63 351.46 733.97 364.61 695.23 365.59 ship 0 0.958095 votes=3
418.21 508.45 446.63 507.84 446.86 518.92 418.44 519.52 ship 0 0.957317 votes=3
30.41 239.81 67.00 239.73 67.03 251.36 30.44 251.44 ship 0 0.950856 votes=3
744.08 550.09 779.13 549.31 779.41 562.19 744.36 562.97 ship 0 0.948264 votes=3
77.32 571.17 102.12 571.86 101.85 581.74 77.05 581.04 ship 0 0.947735 votes=3
551.69 617.25 589.85 616.82 589.99 629.38 551.83 629.82 ship 0 0.938907 votes=2
161.85 421.17 193.41 421.50 193.28 433.06 161.72 432.72 ship 0 0.929109 votes=2
692.54 475.38 732.04 476.54 731.65 489.85 692.15 488.70 ship 0 0.926013 votes=3
697.43 494.84 732.70 494.55 732.80 506.87 697.53 507.16 ship 0 0.924963 votes=3
739.59 711.73 780.06 711.75 780.05 728.40 739.58 728.38 ship 0 0.873352 votes=3
