257.02 361.63 270.16 319.79 278.63 322.45 265.48 364.30 vehicle 0 0.998108 votes=3
240.93 424.98 248.16 392.28 255.57 393.92 248.35 426.62 vehicle 0 0.997218 votes=3
275.79 297.04 288.35 253.57 295.58 255.66 283.01 299.13 vehicle 0 0.996968 votes=3
245.54 335.30 256.02 291.89 264.81 294.01 254.33 337.42 vehicle 0 0.994861 votes=3
20.00 594.29 177.19 -7.94 429.54 57.92 272.35 660.16 Expressway-Service-area 0 0.994848 votes=3
394.94 726.22 549.16 114.47 796.25 176.77 642.04 788.51 Expressway-Service-area 0 0.992772 votes=3
556.16 463.60 563.16 433.39 569.60 434.88 562.59 465.09 vehicle 0 0.971246 votes=3
228.29 399.14 240.27 358.00 248.69 360.45 236.71 401.59 vehicle 0 0.970947 votes=3
432.10 659.42 438.80 630.82 444.94 632.25 438.25 660.86 vehicle 0 0.909855 votes=3
569.08 407.48 576.63 377.46 582.73 378.99 575.18 409.01 vehicle 0 0.879005 votes=3
109.76 261.56 114.92 244.84 120.97 246.71 115.82 263.43 vehicle 0 0.780461 votes=3
425.90 643.01 433.37 613.71 441.26 615.73 433.78 645.02 vehicle 0 0.690951 votes=3
