63.43 402.11 96.66 418.38 91.14 429.66 57.91 413.39 ship 0 0.998141 votes=3
144.76 263.76 177.58 280.78 171.62 292.26 138.80 275.23 ship 0 0.997270 votes=3
110.73 325.70 142.07 342.61 135.97 353.92 104.62 337.01 ship 0 0.997156 votes=3
358.38 347.77 385.10 364.05 378.78 374.43 352.06 358.15 ship 0 0.996748 votes=3
75.49 384.95 107.83 404.78 100.50 416.74 68.16 396.92 ship 0 0.996284 votes=3
157.80 352.88 188.97 371.58 183.03 381.49 151.86 362.79 ship 0 0.996128 votes=3
49.90 435.87 79.57 450.38 74.54 460.66 44.87 446.16 ship 0 0.996079 votes=3
371.81 332.98 400.43 352.22 392.39 364.17 363.77 344.93 ship 0 0.995908 votes=3
87.34 375.41 112.35 388.08 107.38 397.91 82.36 385.24 ship 0 0.995605 votes=3
317.40 303.73 347.36 321.69 340.47 333.19 310.51 315.23 ship 0 0.995541 votes=3
230.49 455.57 258.35 472.05 252.68 481.63 224.82 465.15 ship 0 0.995228 votes=3
248.79 404.89 284.24 426.34 277.89 436.83 242.44 415.38 ship 0 0.995115 votes=3
272.12 378.64 305.11 396.73 298.57 408.66 265.58 390.58 ship 0 0.995022 votes=3
209.37 260.96 242.21 279.92 236.28 290.20 203.43 271.25 ship 0 0.994926 votes=3
296.73 332.63 328.54 351.84 322.85 361.27 291.04 342.05 ship 0 0.994828 votes=3
106.54 444.75 138.63 461.57 132.20 473.85 100.10 457.03 ship 0 0.994708 votes=3
140.65 282.75 166.12 297.60 160.95 306.46 135.48 291.61 ship 0 0.994691 votes=3
250.78 525.83 284.54 545.80 278.51 556.00 244.75 536.02 ship 0 0.994657 votes=3
90.82 355.41 125.20 373.13 119.45 384.29 85.06 366.56 ship 0 0.994604 votes=3
128.96 295.02 160.50 309.95 154.89 321.81 123.34 306.88 ship 0 0.994291 votes=3
167.89 236.07 195.06 250.73 189.52 261.01 162.35 246.34 ship 0 0.993896 votes=3
330.96 293.07 356.06 308.02 350.68 317.06 325.58 302.12 ship 0 0.993515 votes=3
157.50 252.53 185.04 267.39 179.75 277.20 152.21 262.33 ship 0 0.993148 votes=3
192.82 294.41 221.29 309.28 215.88 319.65 187.41 304.78 ship 0 0.993099 votes=3
205.22 477.10 243.39 500.82 236.47 511.94 198.31 488.22 ship 0 0.992559 votes=3
184.27 307.94 215.57 326.01 209.34 336.79 178.04 318.73 ship 0 0.992138 votes=3
244.84 421.60 277.57 441.31 271.22 451.85 238.50 432.14 ship 0 0.992091 votes=3
334.86 277.51 362.58 292.17 357.56 301.66 329.84 287.00 ship 0 0.991925 votes=3
199.65 497.15 234.03 514.25 228.37 525.62 194.00 508.51 ship 0 0.991850 votes=3
259.61 389.79 297.76 412.16 290.78 424.07 252.63 401.70 ship 0 0.991845 votes=3
289.71 348.44 318.44 364.33 313.22 373.77 284.49 357.88 ship 0 0.991707 votes=3
238.56 438.28 267.37 454.95 261.24 465.55 232.43 448.88 ship 0 0.990496 votes=3
319.88 406.13 354.17 426.38 347.81 437.15 313.52 416.90 ship 0 0.990034 votes=3
184.19 519.30 334.59 268.25 419.75 319.27 269.34 570.32 harbor 0 0.988737 votes=3
121.13 414.25 147.62 429.12 142.06 439.03 115.57 424.16 ship 0 0.988485 votes=3
239.77 541.02 271.82 558.90 266.14 569.07 234.09 551.19 ship 0 0.987257 votes=3
42.04 444.84 186.55 191.52 266.96 237.39 122.45 490.71 harbor 0 0.987224 votes=3
274.81 481.19 312.87 499.70 307.24 511.28 269.18 492.77 ship 0 0.987094 votes=3
292.71 449.58 330.93 469.90 324.11 482.73 285.89 462.41 ship 0 0.986834 votes=3
165.24 338.85 197.38 355.67 191.81 366.31 159.67 349.49 ship 0 0.986746 votes=3
128.62 402.13 154.40 414.13 150.14 423.28 124.36 411.27 ship 0 0.986562 votes=3
100.49 340.62 129.64 359.55 123.49 369.02 94.34 350.09 ship 0 0.984826 votes=3
284.13 466.21 317.62 483.50 311.73 494.90 278.24 477.61 ship 0 0.984806 votes=3
61.28 419.44 89.72 433.64 84.15 444.78 55.71 430.58 ship 0 0.984641 votes=3
258.85 509.52 289.84 528.59 283.38 539.09 252.39 520.02 ship 0 0.983763 votes=3
226.51 229.13 254.15 245.05 248.90 254.17 221.26 238.25 ship 0 0.982896 votes=3
150.36 373.15 180.90 388.72 176.08 398.18 145.54 382.60 ship 0 0.981883 votes=3
328.32 392.28 369.01 412.62 363.19 424.25 322.51 403.91 ship 0 0.981158 votes=3
336.68 379.54 364.84 392.19 360.45 401.95 332.29 389.30 ship 0 0.980793 votes=3
240.57 219.67 269.48 238.22 263.69 247.24 234.78 228.70 ship 0 0.980362 votes=3
303.21 437.49 331.51 452.40 326.03 462.79 297.74 447.88 ship 0 0.977101 votes=3
174.83 322.83 202.31 339.02 196.87 348.25 169.39 332.06 ship 0 0.975787 votes=3
372.42 316.70 395.59 329.45 390.97 337.85 367.80 325.10 ship 0 0.970516 votes=3
220.03 466.85 252.12 485.65 245.73 496.56 213.63 477.76 ship 0 0.969476 votes=3
199.42 515.02 228.02 535.02 222.16 543.41 193.55 523.41 ship 0 0.966233 votes=3
268.54 495.39 296.34 510.70 290.97 520.45 263.17 505.14 ship 0 0.963130 votes=3
112.68 431.01 138.96 446.58 133.79 455.31 107.50 439.73 ship 0 0.951953 votes=3
124.54 314.60 149.34 330.44 143.65 339.34 118.86 323.50 ship 0 0.935154 votes=3
203.48 279.99 227.36 294.69 221.93 303.51 198.06 288.81 ship 0 0.931364 votes=3
507.07 703.28 659.37 448.14 751.22 502.97 598.92 758.11 harbor 0 0.917122 votes=3
311.30 425.80 334.63 438.56 330.44 446.22 307.11 433.47 ship 0 0.914862 votes=3
313.25 320.85 336.41 336.68 330.49 345.33 307.34 329.50 ship 0 0.903652 votes=3
93.56 459.90 128.13 480.27 122.14 490.43 87.57 470.06 ship 0 0.899900 votes=3
383.52 298.66 415.80 314.75 409.75 326.89 377.47 310.81 ship 0 0.858688 votes=2
372.16 567.67 495.96 362.85 592.26 421.06 468.46 625.87 harbor 0 0.751440 votes=3
