324.61 277.92 617.05 277.79 617.09 366.22 324.64 366.34 bridge 0 0.998048 votes=3
369.57 110.62 405.83 111.25 405.57 126.47 369.30 125.83 ship 0 0.997678 votes=3
404.22 717.93 406.55 760.35 391.78 761.16 389.45 718.74 ship 0 0.997579 votes=3
375.96 609.91 401.54 608.42 402.21 619.77 376.63 621.27 ship 0 0.996354 votes=3
371.60 90.89 403.86 91.30 403.69 104.50 371.43 104.08 ship 0 0.989596 votes=3
371.68 503.23 395.78 502.75 396.01 514.24 371.91 514.73 ship 0 0.980944 votes=3
730.12 38.69 730.19 15.44 738.84 15.47 738.77 38.71 vehicle 0 0.871169 votes=3
716.04 35.46 716.26 15.57 725.52 15.67 725.30 35.56 vehicle 0 0.855157 votes=3
711.31 353.05 733.39 364.97 729.29 372.58 707.21 360.66 vehicle 0 0.758578 votes=3
743.09 361.48 761.10 362.25 760.72 370.99 742.71 370.21 vehicle 0 0.688042 votes=2
