516.05 391.37 620.18 372.47 637.75 469.28 533.62 488.18 Expressway-toll-station 0 0.999369 votes=3
346.45 121.18 389.68 114.50 391.81 128.28 348.58 134.96 vehicle 0 0.997235 votes=3
353.37 629.74 374.64 626.62 376.06 636.27 354.78 639.40 vehicle 0 0.996708 votes=3
94.70 131.37 114.94 127.01 117.11 137.08 96.86 141.43 vehicle 0 0.993673 votes=3
25.78 72.25 31.71 99.50 21.02 101.83 15.09 74.58 vehicle 0 0.992220 votes=3
422.51 560.82 443.44 556.53 445.42 566.20 424.49 570.49 vehicle 0 0.977386 votes=3
86.36 112.34 104.40 106.86 107.23 116.16 89.19 121.64 vehicle 0 0.953760 votes=3
359.43 482.69 364.63 507.86 355.20 509.81 350.00 484.64 vehicle 0 0.914338 votes=3
388.47 293.12 416.62 290.29 417.69 300.90 389.54 303.73 vehicle 0 0.888895 votes=3
81.87 96.63 97.98 92.90 100.19 102.45 84.08 106.18 vehicle 0 0.887829 votes=3
345.07 598.31 367.00 594.14 369.04 604.91 347.11 609.07 vehicle 0 0.757472 votes=3
440.96 432.70 446.91 456.24 438.58 458.34 432.64 434.80 vehicle 0 0.730981 votes=3
343.27 589.84 364.30 586.46 365.58 594.41 344.54 597.79 vehicle 0 0.675936 votes=3
