389.08 640.49 409.55 531.06 507.65 549.41 487.17 658.85 airplane 0 0.999729 votes=3
122.15 444.08 242.30 442.07 243.64 522.05 123.48 524.05 airplane 0 0.999728 votes=3
86.71 322.19 198.84 320.37 200.45 419.10 88.32 420.92 airplane 0 0.999710 votes=3
614.64 134.56 717.72 105.42 738.74 179.74 635.66 208.89 airplane 0 0.999685 votes=3
158.91 556.39 251.90 495.37 305.42 576.95 212.43 637.96 airplane 0 0.999682 votes=3
646.63 440.86 697.70 536.82 625.39 575.31 574.31 479.35 airplane 0 0.999673 votes=3
565.33 63.47 648.63 7.70 690.96 70.92 607.66 126.69 airplane 0 0.999623 votes=3
680.99 285.62 770.79 315.64 745.28 391.93 655.48 361.91 airplane 0 0.999623 votes=3
678.82 365.78 752.22 435.59 699.10 491.44 625.70 421.63 airplane 0 0.999135 votes=3
246.80 622.20 281.82 585.34 291.34 594.39 256.33 631.25 vehicle 0 0.992308 votes=3
530.05 356.77 547.51 369.31 542.56 376.20 525.11 363.67 vehicle 0 0.992159 votes=3
749.33 115.30 758.81 133.73 751.13 137.67 741.66 119.25 vehicle 0 0.991780 votes=3
354.95 452.09 359.82 438.24 365.68 440.30 360.81 454.15 vehicle 0 0.961024 votes=3
297.25 394.12 313.33 406.21 308.34 412.85 292.25 400.76 vehicle 0 0.932701 votes=3
527.37 373.14 540.05 382.38 535.61 388.47 522.93 379.22 vehicle 0 0.890535 votes=3
515.10 434.12 526.16 450.14 519.34 454.84 508.28 438.82 vehicle 0 0.843991 votes=3
315.23 463.62 323.63 443.93 332.22 447.59 323.82 467.28 vehicle 0 0.771526 votes=3
394.99 85.67 411.03 82.15 412.60 89.29 396.56 92.81 vehicle 0 0.770803 votes=3
