318.91 162.74 435.04 646.91 140.47 717.57 24.34 233.40 Expressway-Service-area 0 0.998875 votes=3
593.25 614.71 603.32 659.25 595.42 661.03 585.35 616.49 vehicle 0 0.997790 votes=3
595.83 352.15 602.16 397.76 592.83 399.05 586.50 353.45 vehicle 0 0.997717 votes=3
693.28 189.24 789.74 574.86 567.23 630.52 470.77 244.89 Expressway-Service-area 0 0.996920 votes=3
646.04 427.38 657.83 470.98 648.44 473.52 636.65 429.91 vehicle 0 0.995549 votes=3
248.29 485.46 269.09 445.65 277.07 449.82 256.27 489.63 vehicle 0 0.994031 votes=3
267.49 335.22 295.91 306.43 302.72 313.15 274.30 341.94 vehicle 0 0.993304 votes=3
486.10 263.49 492.57 313.59 483.41 314.77 476.93 264.67 vehicle 0 0.985470 votes=3
210.99 311.36 223.36 291.79 229.64 295.75 217.26 315.32 vehicle 0 0.981763 votes=3
553.35 462.72 569.67 536.30 560.34 538.37 544.01 464.79 vehicle 0 0.978759 votes=3
359.37 508.52 367.63 537.30 359.35 539.68 351.09 510.90 vehicle 0 0.967574 votes=3
334.94 168.89 348.14 247.59 340.30 248.90 327.10 170.21 vehicle 0 0.864245 votes=3
286.58 391.42 294.85 375.17 300.20 377.90 291.93 394.15 vehicle 0 0.791466 votes=3
