500.54 502.67 564.23 510.01 561.94 529.86 498.25 522.52 ship 0 0.999465 votes=3
430.25 652.21 430.52 689.11 416.26 689.21 415.99 652.31 ship 0 0.999336 votes=3
35.30 403.09 75.94 411.33 72.91 426.30 32.27 418.06 ship 0 0.999200 votes=3
212.18 208.08 249.42 215.80 246.45 230.11 209.21 222.39 ship 0 0.998952 votes=3
312.46 223.72 360.77 234.68 357.06 251.02 308.75 240.06 ship 0 0.998851 votes=3
346.18 653.90 350.71 687.89 338.07 689.57 333.54 655.58 ship 0 0.998725 votes=3
744.79 640.88 790.89 645.15 789.45 660.73 743.34 656.46 ship 0 0.997909 votes=3
363.96 733.88 364.16 702.21 377.42 702.30 377.21 733.97 ship 0 0.997855 votes=3
165.66 202.68 195.85 206.79 194.07 219.85 163.88 215.73 ship 0 0.997831 votes=3
128.00 521.16 159.82 521.65 159.62 534.27 127.81 533.77 ship 0 0.997326 votes=3
151.07 566.37 157.39 536.94 170.28 539.70 163.96 569.14 ship 0 0.997014 votes=3
76.00 558.68 76.65 529.26 89.00 529.54 88.35 558.95 ship 0 0.996781 votes=3
267.59 217.49 294.95 222.84 292.91 233.28 265.55 227.93 ship 0 0.996613 votes=3
92.39 515.61 126.08 519.36 124.62 532.48 90.93 528.73 ship 0 0.994612 votes=3
414.69 651.37 419.65 750.68 354.73 753.93 349.77 654.61 harbor 0 0.986111 votes=3
372.18 643.90 398.51 644.00 398.47 653.56 372.15 653.46 ship 0 0.972878 votes=3
179.54 184.63 196.42 188.11 194.88 195.57 178.00 192.08 ship 0 0.968526 votes=3
743.89 659.04 798.48 660.45 797.08 714.77 742.49 713.36 harbor 0 0.967431 votes=3
87.56 713.28 88.70 529.77 156.96 530.20 155.81 713.71 harbor 0 0.963531 votes=3
191.78 86.25 362.48 98.65 353.01 228.97 182.32 216.57 harbor 0 0.879442 votes=3
297.70 203.30 316.48 203.37 316.45 211.96 297.67 211.89 ship 0 0.821049 votes=2
