202.69 239.79 204.11 307.51 178.76 308.04 177.34 240.32 ship 0 0.999708 votes=3
585.63 520.76 662.85 511.20 665.81 535.11 588.59 544.67 ship 0 0.999617 votes=3
258.32 226.91 266.10 308.35 239.73 310.87 231.94 229.43 ship 0 0.999549 votes=3
412.99 223.55 413.13 289.95 389.93 290.00 389.79 223.60 ship 0 0.999532 votes=3
318.91 223.16 329.52 294.25 309.64 297.21 299.04 226.13 ship 0 0.999432 votes=3
566.78 361.46 624.24 353.56 626.81 372.24 569.35 380.14 ship 0 0.999411 votes=3
290.56 227.27 294.45 299.43 270.03 300.75 266.15 228.58 ship 0 0.999333 votes=3
492.08 301.53 538.55 293.70 541.41 310.66 494.94 318.49 ship 0 0.999243 votes=3
583.57 463.33 647.96 455.43 650.79 478.50 586.40 486.41 ship 0 0.999144 votes=3
92.62 252.82 95.74 311.21 73.95 312.38 70.83 253.98 ship 0 0.998972 votes=3
573.11 383.55 624.52 380.24 625.79 399.96 574.38 403.28 ship 0 0.998801 votes=3
514.66 443.82 548.56 442.20 549.21 455.76 515.31 457.38 ship 0 0.998357 votes=3
381.14 488.47 415.38 480.84 418.73 495.90 384.49 503.53 ship 0 0.996753 votes=3
556.72 215.39 560.64 271.81 539.67 273.26 535.76 216.85 ship 0 0.996055 votes=3
502.92 424.92 539.66 421.74 541.03 437.59 504.29 440.77 ship 0 0.995528 votes=3
573.00 408.35 647.86 406.30 648.51 429.88 573.64 431.92 ship 0 0.995130 votes=3
579.91 490.46 655.83 482.07 658.35 504.88 582.43 513.27 ship 0 0.989410 votes=3
577.83 436.81 651.36 431.86 652.80 453.18 579.27 458.13 ship 0 0.959060 votes=3
616.08 259.73 658.39 663.13 528.45 676.76 486.14 273.36 harbor 0 0.927479 votes=3
27.74 162.75 577.47 206.71 544.95 613.47 -4.78 569.51 harbor 0 0.716721 votes=2
