217.53 651.81 313.70 574.76 332.76 598.56 236.59 675.61 ship 0 0.999006 votes=3
440.86 727.04 689.68 517.94 720.47 554.58 471.65 763.68 ship 0 0.998752 votes=3
38.76 682.53 178.67 568.29 202.31 597.24 62.39 711.47 ship 0 0.998249 votes=3
281.90 766.80 285.86 743.01 293.69 744.31 289.73 768.11 ship 0 0.972850 votes=3
235.05 754.72 257.73 757.02 256.92 765.01 234.24 762.71 ship 0 0.957981 votes=3
587.72 764.70 644.39 760.72 647.21 800.84 590.54 804.83 harbor 0 0.940064 votes=3
313.07 770.60 313.32 749.08 321.59 749.17 321.34 770.70 ship 0 0.911715 votes=3
764.08 590.66 797.24 566.90 804.33 576.79 771.17 600.55 ship 0 0.843051 votes=3
356.09 775.45 375.83 777.67 375.00 785.09 355.25 782.87 ship 0 0.731056 votes=3
138.80 732.94 383.86 759.77 379.44 800.17 134.38 773.34 harbor 0 0.638787 votes=2
569.19 716.45 580.58 706.34 584.37 710.60 572.97 720.71 vehicle 0 0.624997 votes=3
