291.31 121.88 332.73 230.02 293.76 244.95 252.34 136.81 ship 0 0.999290 votes=3
447.32 635.20 488.66 657.10 481.37 670.86 440.03 648.96 ship 0 0.998628 votes=3
426.29 561.57 430.24 595.46 418.66 596.81 414.71 562.92 ship 0 0.998107 votes=3
550.92 518.36 586.46 528.41 582.84 541.21 547.30 531.16 ship 0 0.996898 votes=3
758.29 703.92 791.65 701.74 792.44 713.69 759.07 715.87 ship 0 0.996185 votes=3
512.23 568.96 546.12 593.89 538.06 604.85 504.17 579.92 ship 0 0.994150 votes=3
496.59 597.01 514.74 605.98 510.63 614.30 492.48 605.32 ship 0 0.992020 votes=3
445.52 619.30 469.85 630.41 465.29 640.39 440.96 629.28 ship 0 0.991537 votes=3
410.94 566.12 415.70 599.79 405.57 601.22 400.81 567.56 ship 0 0.990791 votes=3
479.93 626.39 500.57 636.66 496.84 644.15 476.20 633.89 ship 0 0.989784 votes=3
456.47 593.14 481.64 605.98 477.08 614.91 451.91 602.07 ship 0 0.987876 votes=3
552.63 601.14 572.11 614.02 567.41 621.13 547.93 608.25 ship 0 0.978482 votes=3
398.33 570.53 403.31 600.72 393.81 602.29 388.83 572.10 ship 0 0.977249 votes=3
547.97 614.31 566.42 623.89 563.14 630.21 544.69 620.63 ship 0 0.977051 votes=3
100.93 698.67 120.77 692.69 123.13 700.51 103.30 706.50 vehicle 0 0.964975 votes=3
350.33 634.14 358.73 664.00 349.18 666.69 340.78 636.82 ship 0 0.948232 votes=3
486.65 617.97 503.31 625.24 500.37 631.97 483.71 624.70 ship 0 0.939162 votes=3
392.71 670.85 394.15 689.27 385.01 689.99 383.57 671.56 ship 0 0.923473 votes=3
520.42 662.09 543.50 672.16 539.49 681.37 516.41 671.30 ship 0 0.917662 votes=3
385.38 629.54 386.83 651.80 379.41 652.28 377.96 630.02 ship 0 0.872331 votes=3
459.88 557.63 462.14 575.95 453.23 577.06 450.97 558.73 ship 0 0.721247 votes=2
308.68 493.01 341.51 482.73 349.30 507.62 316.47 517.90 harbor 0 0.714061 votes=3
30.27 260.79 255.11 171.93 293.47 269.00 68.64 357.86 harbor 0 0.664168 votes=2
396.02 505.44 600.95 591.76 557.25 695.51 352.31 609.19 harbor 0 0.656882 votes=2
