565.88 226.46 658.91 233.16 656.32 269.15 563.29 262.45 ship 0 0.999677 votes=3
539.25 377.73 642.96 376.79 643.28 412.17 539.57 413.11 ship 0 0.999662 votes=3
583.73 179.16 663.15 181.95 661.94 216.33 582.53 213.55 ship 0 0.999659 votes=3
518.58 430.54 643.77 424.63 645.66 464.57 520.46 470.48 ship 0 0.999641 votes=3
154.84 399.30 283.95 363.88 294.62 402.75 165.50 438.17 ship 0 0.999565 votes=3
551.65 275.64 649.38 276.67 649.01 310.77 551.29 309.74 ship 0 0.999397 votes=3
38.83 543.15 145.75 512.97 156.55 551.21 49.62 581.39 ship 0 0.999339 votes=3
531.57 320.87 655.06 323.96 654.01 366.04 530.52 362.95 ship 0 0.999185 votes=3
181.10 499.63 280.24 469.65 290.68 504.18 191.55 534.16 ship 0 0.993490 votes=3
578.21 456.40 585.39 125.67 742.22 129.07 735.05 459.80 harbor 0 0.991141 votes=3
166.25 254.26 277.75 570.49 137.65 619.89 26.15 303.67 harbor 0 0.983143 votes=3
