136.95 709.90 266.75 708.93 267.05 749.44 137.26 750.41 ship 0 0.999714 votes=3
580.92 169.66 719.53 170.58 719.22 216.88 580.61 215.95 ship 0 0.999707 votes=3
397.61 538.93 530.68 526.36 534.64 568.22 401.57 580.79 ship 0 0.999692 votes=3
574.95 17.36 677.09 16.92 677.23 48.81 575.09 49.25 ship 0 0.999689 votes=3
182.52 526.45 303.45 532.20 301.18 579.89 180.25 574.13 ship 0 0.999679 votes=3
381.12 104.72 542.22 103.89 542.47 152.42 381.37 153.25 ship 0 0.999660 votes=3
574.54 645.89 685.95 640.64 687.80 679.81 576.39 685.07 ship 0 0.999647 votes=3
172.91 291.49 312.27 289.84 312.88 341.32 173.52 342.97 ship 0 0.999646 votes=3
419.10 640.13 540.11 642.39 539.36 682.31 418.35 680.04 ship 0 0.999643 votes=3
169.24 181.83 290.56 177.32 292.10 218.75 170.79 223.26 ship 0 0.999627 votes=3
424.36 354.08 541.06 354.81 540.78 398.56 424.08 397.82 ship 0 0.999623 votes=3
167.54 36.98 297.35 34.23 298.23 75.86 168.43 78.62 ship 0 0.999593 votes=3
132.60 85.46 135.48 183.11 99.24 184.19 96.35 86.54 ship 0 0.999584 votes=3
399.91 275.99 541.94 273.52 542.81 323.81 400.78 326.29 ship 0 0.999562 votes=3
576.55 431.47 699.97 437.54 697.95 478.68 574.52 472.61 ship 0 0.999542 votes=3
577.10 123.86 700.31 117.70 702.19 155.23 578.98 161.39 ship 0 0.999515 votes=3
441.86 181.18 543.70 195.50 538.98 229.03 437.14 214.71 ship 0 0.999488 votes=3
387.35 40.48 530.30 42.47 529.65 89.53 386.70 87.55 ship 0 0.999477 votes=3
173.29 381.09 292.14 377.54 293.49 422.82 174.64 426.37 ship 0 0.999445 votes=3
174.79 435.56 322.68 447.97 318.84 493.81 170.94 481.40 ship 0 0.999257 votes=3
572.61 492.11 719.04 495.89 718.02 535.49 571.59 531.72 ship 0 0.999251 votes=3
584.78 281.96 713.18 285.68 711.99 326.82 583.59 323.10 ship 0 0.999243 votes=3
579.31 327.65 714.04 333.57 711.99 380.15 577.26 374.23 ship 0 0.999116 votes=3
405.91 437.43 545.10 439.96 544.19 490.36 404.99 487.82 ship 0 0.999070 votes=3
183.90 619.79 291.38 609.37 295.09 647.64 187.61 658.06 ship 0 0.999019 votes=3
570.82 63.71 690.76 67.49 689.40 110.54 569.46 106.76 ship 0 0.999013 votes=3
140.10 573.57 142.16 720.31 94.78 720.98 92.72 574.24 ship 0 0.998780 votes=3
133.81 385.61 136.12 564.53 84.45 565.20 82.14 386.28 ship 0 0.998661 votes=3
78.74 379.62 90.01 186.01 141.51 189.01 130.24 382.62 ship 0 0.998288 votes=3
578.33 541.30 705.14 542.29 704.82 583.48 578.01 582.48 ship 0 0.997710 votes=3
175.80 86.52 307.03 98.15 302.61 147.99 171.38 136.36 ship 0 0.997580 votes=3
-19.79 76.87 114.81 6.32 139.41 53.26 4.82 123.81 ship 0 0.996354 votes=3
668.05 -32.07 670.06 712.98 456.05 713.55 454.05 -31.50 harbor 0 0.914990 votes=3
182.58 502.58 214.27 495.19 218.29 512.45 186.60 519.84 ship 0 0.904504 votes=3
165.62 39.18 174.87 8.74 193.27 14.33 184.02 44.77 ship 0 0.889782 votes=3
484.19 20.81 521.60 32.02 516.26 49.84 478.85 38.64 ship 0 0.760584 votes=3
