571.93 710.30 572.75 631.92 606.30 632.27 605.48 710.65 ship 0 0.999457 votes=3
353.07 693.52 360.92 633.14 384.39 636.19 376.53 696.57 ship 0 0.999388 votes=3
187.71 706.16 189.11 633.63 215.83 634.15 214.43 706.68 ship 0 0.999366 votes=3
318.13 708.37 319.09 633.54 345.78 633.88 344.82 708.71 ship 0 0.999212 votes=3
442.58 709.15 443.67 643.35 468.08 643.75 466.98 709.56 ship 0 0.999172 votes=3
657.40 641.72 661.05 730.30 615.03 732.19 611.38 643.61 ship 0 0.999137 votes=3
219.05 27.61 222.86 77.30 203.30 78.79 199.50 29.11 ship 0 0.998569 votes=3
107.33 703.92 107.81 634.14 135.74 634.33 135.27 704.11 ship 0 0.998482 votes=3
424.66 642.61 428.01 701.75 408.98 702.83 405.63 643.68 ship 0 0.998278 votes=3
513.01 646.80 522.03 728.37 496.96 731.14 487.94 649.57 ship 0 0.997862 votes=3
601.64 519.85 603.00 606.69 545.38 607.60 544.02 520.76 ship 0 0.997054 votes=3
103.01 500.44 712.12 517.97 706.21 723.33 97.10 705.79 harbor 0 0.991886 votes=3
206.30 599.19 208.81 515.79 262.76 517.42 260.25 600.81 ship 0 0.988006 votes=3
276.77 606.33 279.07 511.41 320.45 512.41 318.14 607.34 ship 0 0.985496 votes=3
104.84 594.53 106.15 506.81 157.01 507.57 155.71 595.29 ship 0 0.973545 votes=3
272.53 490.40 310.03 493.44 308.82 508.35 271.32 505.31 ship 0 0.918470 votes=3
