541.51 390.79 542.38 504.09 433.44 504.92 432.57 391.63 baseballfield 0 0.999655 votes=3
348.61 425.03 349.39 543.15 235.12 543.91 234.34 425.79 baseballfield 0 0.999652 votes=3
272.13 241.06 380.00 240.11 380.92 345.24 273.06 346.19 baseballfield 0 0.999607 votes=3
531.28 235.26 532.20 343.83 426.65 344.73 425.73 236.16 baseballfield 0 0.999581 votes=3
704.00 67.68 707.54 32.04 725.19 33.79 721.65 69.43 tenniscourt 0 0.998674 votes=3
727.68 70.38 730.14 33.61 746.96 34.74 744.50 71.50 tenniscourt 0 0.997750 votes=3
723.56 122.01 725.24 84.93 742.74 85.72 741.06 122.80 tenniscourt 0 0.996519 votes=3
748.31 122.59 748.98 85.97 766.76 86.30 766.08 122.91 tenniscourt 0 0.996080 votes=3
681.78 65.12 684.86 29.22 701.53 30.64 698.46 66.54 tenniscourt 0 0.995787 votes=3
676.72 118.50 679.69 80.23 697.58 81.62 694.61 119.89 tenniscourt 0 0.994670 votes=3
752.39 72.65 753.63 36.71 769.13 37.24 767.89 73.18 tenniscourt 0 0.993828 votes=3
701.16 121.93 702.02 83.91 720.42 84.33 719.55 122.35 tenniscourt 0 0.990485 votes=3
