513.36 544.31 525.15 495.76 542.03 499.86 530.24 548.41 ship 0 0.998640 votes=3
446.31 493.16 451.75 444.72 469.62 446.73 464.19 495.17 ship 0 0.997397 votes=3
272.91 538.82 282.16 481.27 304.09 484.79 294.84 542.35 ship 0 0.997020 votes=3
383.75 173.74 385.18 129.79 402.30 130.35 400.88 174.30 ship 0 0.996746 votes=3
300.90 537.40 309.65 481.59 331.95 485.08 323.20 540.90 ship 0 0.996429 votes=3
329.77 535.90 337.25 490.18 357.77 493.53 350.29 539.26 ship 0 0.995643 votes=3
301.75 163.07 304.50 117.69 320.62 118.67 317.87 164.04 ship 0 0.994702 votes=3
435.56 552.13 443.14 503.78 461.80 506.71 454.22 555.06 ship 0 0.994148 votes=3
270.47 175.17 276.41 118.02 300.69 120.55 294.74 177.70 ship 0 0.994053 votes=3
307.50 107.24 309.21 43.20 330.19 43.76 328.48 107.80 ship 0 0.993698 votes=3
410.34 543.21 416.87 501.95 432.82 504.48 426.28 545.74 ship 0 0.993470 votes=3
388.84 483.18 397.71 434.09 417.83 437.73 408.95 486.82 ship 0 0.992167 votes=3
247.18 533.66 256.20 473.54 279.38 477.02 270.35 537.14 ship 0 0.991036 votes=3
456.25 155.64 518.02 156.77 517.57 181.14 455.81 180.01 ship 0 0.990895 votes=3
462.46 127.68 510.73 129.32 509.94 152.64 461.67 151.00 ship 0 0.990184 votes=3
410.87 116.21 413.01 74.02 430.26 74.90 428.12 117.09 ship 0 0.989399 votes=3
363.74 479.68 373.17 434.02 393.19 438.15 383.76 483.82 ship 0 0.988490 votes=3
207.42 50.21 502.47 64.72 496.81 179.94 201.75 165.42 harbor 0 0.984709 votes=3
469.89 493.89 475.22 450.09 497.33 452.78 492.00 496.58 ship 0 0.982649 votes=3
361.70 533.66 367.12 489.45 383.24 491.43 377.82 535.63 ship 0 0.981206 votes=3
331.30 112.65 333.63 46.25 359.30 47.16 356.97 113.55 ship 0 0.979442 votes=3
257.66 463.06 265.79 405.89 290.18 409.36 282.04 466.53 ship 0 0.973875 votes=3
383.28 540.32 390.24 491.89 409.42 494.64 402.46 543.08 ship 0 0.973715 votes=3
362.12 110.65 364.84 66.61 379.02 67.49 376.31 111.53 ship 0 0.970501 votes=3
186.55 403.11 526.69 456.87 509.61 564.95 169.47 511.19 harbor 0 0.969555 votes=3
352.64 179.03 356.43 127.60 379.93 129.33 376.14 180.77 ship 0 0.969097 votes=3
408.15 173.35 409.05 125.22 427.90 125.57 427.00 173.70 ship 0 0.960663 votes=3
434.38 115.98 435.19 63.71 455.96 64.03 455.16 116.30 ship 0 0.958231 votes=3
417.45 492.77 424.45 443.79 443.09 446.45 436.09 495.43 ship 0 0.955953 votes=3
310.87 471.47 318.96 421.53 339.60 424.88 331.51 474.82 ship 0 0.952383 votes=3
335.28 475.20 346.97 430.39 365.10 435.12 353.41 479.93 ship 0 0.944157 votes=3
188.12 249.37 553.22 243.18 554.59 323.72 189.49 329.92 harbor 0 0.930763 votes=3
105.23 720.80 105.41 753.42 90.58 753.50 90.39 720.88 ship 0 0.913269 votes=3
462.11 102.35 519.47 105.08 518.55 124.53 461.19 121.79 ship 0 0.902866 votes=3
279.25 111.83 281.57 59.74 301.38 60.63 299.06 112.72 ship 0 0.886783 votes=3
382.59 115.17 384.39 71.51 405.98 72.40 404.18 116.07 ship 0 0.871056 votes=3
487.82 560.06 489.86 509.43 511.32 510.29 509.28 560.93 ship 0 0.856792 votes=3
97.36 743.18 98.21 626.92 156.87 627.35 156.02 743.60 harbor 0 0.842750 votes=3
465.06 74.77 515.41 77.64 514.18 99.28 463.82 96.40 ship 0 0.834517 votes=3
468.77 50.48 516.52 52.29 515.86 69.72 468.11 67.92 ship 0 0.809130 votes=3
285.24 465.91 293.54 421.30 309.34 424.24 301.05 468.85 ship 0 0.731630 votes=2
