375.70 30.80 482.98 32.25 481.75 123.62 374.47 122.17 storagetank 0 0.999558 votes=3
330.93 313.24 406.58 314.55 405.33 386.83 329.67 385.52 storagetank 0 0.999429 votes=3
225.22 465.74 309.17 468.47 306.82 540.89 222.87 538.16 storagetank 0 0.999219 votes=3
343.29 143.43 470.40 146.75 467.49 258.45 340.38 255.13 storagetank 0 0.998903 votes=3
196.16 558.23 320.87 558.17 320.91 665.50 196.21 665.55 storagetank 0 0.998554 votes=3
327.58 536.81 448.38 534.01 450.88 641.55 330.07 644.36 storagetank 0 0.997845 votes=3
318.91 405.75 436.10 404.58 437.21 515.46 320.02 516.63 storagetank 0 0.997665 votes=3
206.44 335.37 325.81 337.31 323.99 449.50 204.62 447.57 storagetank 0 0.997404 votes=3
357.96 263.44 357.97 279.41 343.86 279.42 343.85 263.45 storagetank 0 0.970126 votes=3
374.04 265.31 374.05 280.69 359.93 280.69 359.93 265.31 storagetank 0 0.970036 votes=3
375.53 267.54 390.33 267.63 390.24 282.03 375.44 281.94 storagetank 0 0.957884 votes=3
329.46 280.31 329.67 257.25 344.65 257.39 344.43 280.45 storagetank 0 0.680267 votes=2
