312.74 109.54 313.22 28.00 351.08 28.22 350.60 109.77 tenniscourt 0 0.999378 votes=3
698.07 112.42 699.07 28.03 735.97 28.47 734.97 112.86 tenniscourt 0 0.999367 votes=3
380.15 752.28 383.25 147.60 655.25 149.00 652.15 753.67 groundtrackfield 0 0.999336 votes=3
505.77 107.86 506.13 28.49 542.76 28.66 542.40 108.03 tenniscourt 0 0.999222 votes=3
446.51 28.33 446.77 108.79 409.41 108.91 409.15 28.45 tenniscourt 0 0.999168 votes=3
650.00 108.75 650.24 29.32 687.76 29.43 687.52 108.86 tenniscourt 0 0.999121 votes=3
360.68 108.74 360.89 28.86 399.13 28.96 398.92 108.85 tenniscourt 0 0.998902 votes=3
602.17 109.16 602.35 27.82 638.57 27.90 638.39 109.24 tenniscourt 0 0.998881 votes=3
772.27 189.50 772.62 269.10 734.95 269.26 734.60 189.66 tenniscourt 0 0.998853 votes=3
553.81 108.45 553.97 28.96 591.21 29.03 591.05 108.52 tenniscourt 0 0.998656 votes=3
456.81 108.72 457.24 27.61 495.00 27.81 494.58 108.91 tenniscourt 0 0.998522 votes=3
