184.63 127.89 188.56 216.16 161.27 217.38 157.33 129.10 ship 0 0.999773 votes=3
384.53 46.06 388.62 110.40 367.43 111.75 363.34 47.41 ship 0 0.999752 votes=3
318.05 48.76 318.70 109.02 297.98 109.24 297.33 48.99 ship 0 0.999749 votes=3
497.23 332.45 506.01 425.19 477.75 427.86 468.97 335.12 ship 0 0.999745 votes=3
118.74 223.58 119.48 131.33 146.67 131.55 145.93 223.79 ship 0 0.999737 votes=3
251.74 130.75 252.63 196.71 232.17 196.99 231.27 131.03 ship 0 0.999725 votes=3
662.61 333.48 662.78 420.13 634.69 420.19 634.52 333.54 ship 0 0.999723 votes=3
158.80 111.26 159.04 48.53 179.07 48.60 178.83 111.34 ship 0 0.999718 votes=3
291.24 126.37 292.88 212.03 265.75 212.55 264.11 126.89 ship 0 0.999681 votes=3
253.83 45.58 254.32 109.75 232.19 109.92 231.69 45.75 ship 0 0.999676 votes=3
614.17 130.12 614.46 180.87 595.35 180.98 595.05 130.23 ship 0 0.999654 votes=3
347.06 337.61 347.53 431.33 318.72 431.48 318.25 337.75 ship 0 0.999654 votes=3
519.62 130.54 520.25 197.39 500.68 197.58 500.05 130.72 ship 0 0.999653 votes=3
650.05 111.81 651.14 40.78 676.18 41.16 675.08 112.20 ship 0 0.999644 votes=3
402.90 190.15 404.19 131.62 425.16 132.09 423.87 190.61 ship 0 0.999636 votes=3
261.16 110.99 261.41 39.16 286.51 39.25 286.25 111.08 ship 0 0.999634 votes=3
461.04 346.26 465.42 428.45 440.27 429.79 435.89 347.59 ship 0 0.999604 votes=3
402.00 113.41 402.59 51.70 424.50 51.91 423.90 113.62 ship 0 0.999604 votes=3
428.16 341.38 428.22 430.73 397.31 430.75 397.25 341.41 ship 0 0.999592 votes=3
561.27 192.64 561.53 133.43 583.00 133.52 582.74 192.74 ship 0 0.999590 votes=3
620.68 325.93 624.49 421.33 595.59 422.48 591.78 327.08 ship 0 0.999587 votes=3
362.84 129.82 363.09 188.15 342.63 188.24 342.37 129.91 ship 0 0.999572 votes=3
515.73 421.24 515.90 345.04 541.88 345.10 541.71 421.30 ship 0 0.999570 votes=3
587.11 112.28 587.57 57.98 605.68 58.13 605.23 112.43 ship 0 0.999564 votes=3
107.77 129.49 108.52 205.47 83.17 205.72 82.42 129.74 ship 0 0.999563 votes=3
638.87 48.95 639.25 113.32 616.95 113.45 616.57 49.08 ship 0 0.999553 votes=3
701.29 338.85 702.40 418.61 676.81 418.97 675.69 339.21 ship 0 0.999537 votes=3
122.71 110.74 124.19 40.76 147.71 41.25 146.23 111.24 ship 0 0.999506 votes=3
462.95 44.31 463.09 111.78 440.41 111.82 440.28 44.36 ship 0 0.999505 votes=3
494.72 53.06 494.89 112.02 475.00 112.08 474.83 53.12 ship 0 0.999500 votes=3
194.19 211.04 194.48 130.60 218.33 130.69 218.04 211.13 ship 0 0.999496 votes=3
511.52 111.10 512.00 46.59 533.17 46.75 532.69 111.26 ship 0 0.999466 votes=3
327.75 126.11 330.80 209.51 306.30 210.41 303.24 127.01 ship 0 0.999458 votes=3
544.44 111.59 544.83 46.67 566.93 46.80 566.55 111.72 ship 0 0.999444 votes=3
331.33 112.08 331.39 40.78 353.76 40.80 353.71 112.10 ship 0 0.999412 votes=3
397.00 129.76 397.54 198.90 375.34 199.07 374.81 129.93 ship 0 0.999398 votes=3
384.12 333.15 385.02 444.00 354.58 444.25 353.67 333.40 ship 0 0.999393 votes=3
572.18 350.25 581.22 420.42 559.41 423.23 550.37 353.06 ship 0 0.999282 votes=3
82.44 108.93 83.01 38.34 105.88 38.52 105.32 109.11 ship 0 0.999229 votes=3
436.33 188.48 436.79 132.46 454.62 132.61 454.17 188.62 ship 0 0.999226 votes=3
203.55 109.82 203.63 60.11 220.22 60.13 220.14 109.85 ship 0 0.999202 votes=3
643.90 131.13 644.62 179.47 627.24 179.73 626.52 131.39 ship 0 0.999187 votes=3
681.60 308.21 681.79 268.05 698.54 268.13 698.36 308.28 ship 0 0.998978 votes=3
68.15 77.27 68.26 200.42 40.34 200.44 40.23 77.30 ship 0 0.998294 votes=3
677.43 134.58 678.46 191.53 658.73 191.89 657.70 134.94 ship 0 0.997794 votes=3
263.27 424.16 263.95 354.10 307.95 354.53 307.27 424.58 ship 0 0.997723 votes=3
533.24 175.11 534.39 130.77 552.22 131.23 551.07 175.57 ship 0 0.997441 votes=3
67.66 50.58 675.02 45.15 676.38 196.46 69.02 201.90 harbor 0 0.968257 votes=3
710.58 343.35 716.42 323.96 727.01 327.15 721.17 346.54 ship 0 0.959418 votes=3
698.05 16.33 698.22 38.13 687.90 38.21 687.73 16.41 ship 0 0.951103 votes=3
706.67 170.45 714.65 155.92 722.38 160.16 714.40 174.70 ship 0 0.949675 votes=3
713.83 373.36 716.61 353.76 725.81 355.06 723.03 374.67 ship 0 0.943224 votes=3
280.60 341.91 751.50 323.66 756.36 449.05 285.45 467.30 harbor 0 0.929597 votes=3
61.67 543.34 231.80 682.81 195.24 727.41 25.11 587.94 ship 0 0.908019 votes=3
708.31 227.73 716.55 210.92 726.22 215.66 717.97 232.47 ship 0 0.907842 votes=3
710.46 315.01 716.98 297.65 726.16 301.10 719.64 318.45 ship 0 0.907061 votes=3
702.62 154.36 704.59 136.33 713.53 137.31 711.56 155.34 ship 0 0.820355 votes=3
707.34 213.79 710.97 184.05 721.74 185.36 718.11 215.11 ship 0 0.709559 votes=2
