75.94 251.05 749.92 243.90 753.14 547.65 79.16 554.79 groundtrackfield 0 0.999231 votes=3
687.21 207.21 711.77 207.28 711.74 217.64 687.18 217.57 vehicle 0 0.990725 votes=3
183.52 169.16 202.59 169.25 202.56 176.52 183.48 176.43 vehicle 0 0.981704 votes=3
733.46 599.98 772.45 600.13 772.41 609.70 733.42 609.55 vehicle 0 0.976819 votes=3
236.87 168.73 255.62 168.58 255.68 176.35 236.93 176.50 vehicle 0 0.957521 votes=3
504.78 603.55 522.57 603.72 522.50 611.19 504.71 611.03 vehicle 0 0.947197 votes=3
80.15 170.92 102.22 170.40 102.40 178.23 80.34 178.75 vehicle 0 0.945742 votes=3
639.48 602.52 658.62 602.80 658.53 609.29 639.39 609.02 vehicle 0 0.928396 votes=3
672.28 160.08 691.16 160.44 691.01 168.12 672.14 167.75 vehicle 0 0.922326 votes=3
627.69 160.88 646.60 161.13 646.50 168.35 627.60 168.10 vehicle 0 0.879289 votes=3
543.80 640.24 560.66 640.43 560.57 648.02 543.72 647.83 vehicle 0 0.874550 votes=3
507.00 618.50 523.45 618.78 523.34 624.94 506.90 624.65 vehicle 0 0.863451 votes=3
366.68 605.79 386.31 606.39 386.10 613.23 366.47 612.63 vehicle 0 0.859975 votes=3
459.36 605.57 474.21 605.41 474.29 612.24 459.44 612.41 vehicle 0 0.821542 votes=3
83.33 640.12 105.18 640.21 105.15 648.01 83.29 647.93 vehicle 0 0.782507 votes=3
574.04 600.99 594.03 600.86 594.09 610.14 574.10 610.27 vehicle 0 0.750556 votes=3
310.21 670.59 327.48 671.20 327.23 678.31 309.95 677.70 vehicle 0 0.674480 votes=3
705.52 635.66 739.22 636.19 739.08 645.08 705.38 644.56 vehicle 0 0.631066 votes=3
