247.31 548.65 714.22 243.45 826.45 415.13 359.54 720.34 Expressway-Service-area 0 0.999015 votes=3
-6.82 333.00 466.59 27.00 586.89 213.12 113.48 519.12 Expressway-Service-area 0 0.998988 votes=3
687.60 222.89 720.71 201.81 724.70 208.08 691.59 229.16 vehicle 0 0.998838 votes=3
151.13 305.08 170.18 335.34 163.31 339.67 144.26 309.41 vehicle 0 0.997861 votes=3
203.58 442.33 229.69 422.43 234.12 428.23 208.01 448.13 vehicle 0 0.996360 votes=3
58.19 631.22 82.01 615.26 85.57 620.58 61.75 636.54 vehicle 0 0.995444 votes=3
381.70 300.68 410.49 281.34 413.81 286.28 385.02 305.62 vehicle 0 0.962290 votes=3
333.38 333.25 365.13 314.22 369.56 321.61 337.81 340.64 vehicle 0 0.941629 votes=3
505.41 414.65 534.77 397.16 537.96 402.52 508.60 420.01 vehicle 0 0.924332 votes=3
236.06 207.53 269.58 200.20 271.69 209.86 238.17 217.19 vehicle 0 0.891442 votes=3
189.14 242.25 227.06 232.96 228.80 240.08 190.88 249.37 vehicle 0 0.869841 votes=3
444.40 266.03 472.37 248.44 476.35 254.77 448.38 272.36 vehicle 0 0.826670 votes=3
246.58 235.57 275.58 235.27 275.66 243.18 246.66 243.48 vehicle 0 0.729675 votes=3
250.48 246.05 274.50 241.00 275.63 246.39 251.61 251.44 vehicle 0 0.709558 votes=2
