359.65 314.84 559.45 357.58 539.84 449.27 340.04 406.52 Expressway-toll-station 0 0.999590 votes=3
64.80 515.23 103.68 530.27 98.32 544.12 59.44 529.07 vehicle 0 0.995334 votes=3
455.02 585.97 469.73 608.73 459.38 615.42 444.67 592.66 vehicle 0 0.995185 votes=3
167.03 575.78 188.40 585.15 184.21 594.70 162.84 585.33 vehicle 0 0.980692 votes=3
661.04 264.12 735.59 259.78 736.48 275.04 661.93 279.38 vehicle 0 0.967032 votes=3
26.30 690.44 43.05 641.48 59.16 646.99 42.41 695.95 vehicle 0 0.939953 votes=3
3.34 679.12 20.00 625.53 38.55 631.30 21.89 684.88 vehicle 0 0.910477 votes=3
179.51 566.08 197.37 574.32 193.46 582.81 175.59 574.57 vehicle 0 0.903619 votes=3
431.05 650.31 440.98 665.99 433.23 670.90 423.30 655.22 vehicle 0 0.854318 votes=3
530.93 229.06 532.60 203.41 542.75 204.07 541.08 229.72 vehicle 0 0.799724 votes=3
589.80 521.12 612.72 524.74 611.25 534.06 588.33 530.44 vehicle 0 0.641624 votes=2
