601.09 337.12 601.54 264.84 621.77 264.96 621.32 337.25 ship 0 0.999450 votes=3
561.46 423.86 564.81 361.41 584.88 362.48 581.54 424.94 ship 0 0.999208 votes=3
535.29 403.53 536.08 352.27 550.71 352.49 549.92 403.76 ship 0 0.999128 votes=3
635.00 333.01 636.59 294.53 650.48 295.10 648.89 333.58 ship 0 0.999114 votes=3
158.96 536.32 210.08 546.24 206.52 564.62 155.40 554.71 ship 0 0.999098 votes=3
596.12 423.65 598.44 371.18 617.30 372.02 614.98 424.48 ship 0 0.999081 votes=3
195.61 147.59 246.53 148.17 246.32 166.94 195.40 166.36 ship 0 0.999055 votes=3
533.99 343.11 536.07 294.13 554.45 294.91 552.37 343.89 ship 0 0.998924 votes=3
218.11 696.45 283.56 709.03 279.51 730.11 214.06 717.52 ship 0 0.998436 votes=3
175.17 486.96 236.42 495.17 233.63 515.98 172.38 507.77 ship 0 0.998390 votes=3
154.24 693.61 201.58 695.96 200.74 712.80 153.40 710.44 ship 0 0.998046 votes=3
207.04 458.53 264.33 460.71 263.59 480.33 206.29 478.15 ship 0 0.997439 votes=3
176.88 511.86 228.10 526.29 223.27 543.44 172.05 529.01 ship 0 0.993574 votes=3
550.98 302.37 700.08 305.73 697.78 407.88 548.67 404.52 harbor 0 0.978076 votes=3
117.91 126.16 234.29 120.38 237.03 175.72 120.66 181.50 harbor 0 0.968478 votes=3
153.11 361.12 247.56 363.02 247.25 378.20 152.80 376.30 harbor 0 0.937587 votes=3
154.45 -5.92 239.51 62.70 228.54 76.30 143.48 7.67 harbor 0 0.913518 votes=3
360.33 62.40 361.22 -0.87 373.35 -0.70 372.46 62.57 harbor 0 0.910070 votes=3
143.73 464.92 237.65 476.15 229.73 542.46 135.80 531.23 harbor 0 0.870444 votes=3
79.07 666.78 284.34 699.07 279.98 726.78 74.71 694.49 harbor 0 0.747745 votes=2
