753.28 224.31 754.14 341.84 641.12 342.67 640.26 225.14 baseballfield 0 0.999644 votes=3
334.02 160.89 334.54 87.70 370.32 87.95 369.81 161.14 tenniscourt 0 0.999637 votes=3
448.06 162.10 448.26 84.35 484.90 84.44 484.71 162.19 tenniscourt 0 0.999593 votes=3
563.84 159.23 563.90 88.55 601.01 88.58 600.95 159.26 tenniscourt 0 0.999583 votes=3
603.49 503.93 756.92 510.76 750.16 662.70 596.73 655.88 baseballfield 0 0.999526 votes=3
390.92 161.64 392.17 85.84 429.61 86.45 428.36 162.26 tenniscourt 0 0.999510 votes=3
194.27 352.27 195.19 227.08 319.01 227.99 318.09 353.18 baseballfield 0 0.999499 votes=3
506.10 160.57 506.31 84.40 542.44 84.50 542.23 160.67 tenniscourt 0 0.999494 votes=3
314.01 87.21 314.06 162.32 276.99 162.34 276.94 87.23 tenniscourt 0 0.999437 votes=3
255.46 88.43 256.09 159.44 219.60 159.77 218.96 88.76 tenniscourt 0 0.999383 votes=3
194.57 548.13 313.77 549.90 312.14 659.16 192.94 657.39 baseballfield 0 0.999335 votes=3
655.80 83.50 656.66 157.78 621.77 158.18 620.91 83.91 tenniscourt 0 0.998909 votes=3
663.49 712.18 663.62 694.08 670.89 694.13 670.76 712.23 vehicle 0 0.936876 votes=3
84.62 570.97 84.64 554.31 92.63 554.32 92.61 570.98 vehicle 0 0.935903 votes=3
773.96 418.07 774.11 437.77 765.96 437.83 765.81 418.13 vehicle 0 0.872439 votes=3
41.17 240.85 42.74 256.82 35.56 257.53 33.98 241.56 vehicle 0 0.850725 votes=3
113.90 669.05 128.51 668.93 128.57 675.97 113.96 676.09 vehicle 0 0.818990 votes=3
89.52 239.67 91.22 258.49 83.75 259.16 82.05 240.34 vehicle 0 0.815653 votes=3
728.31 50.14 747.83 49.95 747.89 56.56 728.37 56.75 vehicle 0 0.809120 votes=3
729.62 114.06 746.11 114.18 746.06 121.39 729.57 121.28 vehicle 0 0.743956 votes=3
717.62 693.49 717.69 708.00 708.52 708.04 708.45 693.53 vehicle 0 0.691470 votes=2
