140.02 651.67 215.03 644.50 217.46 669.91 142.45 677.08 ship 0 0.999578 votes=3
208.47 341.82 290.37 334.44 292.75 360.84 210.85 368.22 ship 0 0.999576 votes=3
50.36 95.03 157.82 78.21 163.95 117.32 56.49 134.15 ship 0 0.999567 votes=3
202.02 177.32 296.18 168.38 299.30 201.20 205.14 210.15 ship 0 0.999509 votes=3
155.15 717.49 222.75 713.56 224.18 738.13 156.58 742.06 ship 0 0.999497 votes=3
537.53 221.79 639.34 253.65 629.85 283.96 528.04 252.10 ship 0 0.999485 votes=3
61.56 139.90 166.64 130.04 169.77 163.44 64.69 173.31 ship 0 0.999484 votes=3
116.28 465.08 199.05 462.36 199.99 490.86 117.22 493.58 ship 0 0.999481 votes=3
220.35 421.01 295.49 414.83 297.69 441.52 222.54 447.70 ship 0 0.999468 votes=3
139.66 580.54 211.53 571.62 214.56 596.02 142.69 604.95 ship 0 0.999459 votes=3
640.59 352.28 735.81 378.88 727.29 409.40 632.06 382.79 ship 0 0.999436 votes=3
247.60 673.86 317.66 671.42 318.46 694.63 248.41 697.07 ship 0 0.999407 votes=3
238.41 640.78 316.22 635.29 317.99 660.49 240.19 665.98 ship 0 0.999404 votes=3
444.74 686.29 502.17 701.84 495.95 724.82 438.52 709.27 ship 0 0.999377 votes=3
246.46 709.40 313.72 704.53 315.54 729.75 248.29 734.62 ship 0 0.999351 votes=3
93.45 270.61 173.95 265.24 175.87 294.01 95.37 299.38 ship 0 0.999333 votes=3
616.43 433.68 699.00 453.43 693.21 477.61 610.65 457.86 ship 0 0.999312 votes=3
544.37 180.63 657.83 207.44 650.18 239.81 536.72 213.00 ship 0 0.999291 votes=3
660.70 256.43 755.26 283.69 745.79 316.56 651.23 289.30 ship 0 0.999283 votes=3
90.83 230.25 176.59 225.00 178.44 255.34 92.68 260.59 ship 0 0.999279 votes=3
461.68 616.96 521.58 637.80 513.81 660.11 453.91 639.27 ship 0 0.999267 votes=3
656.01 304.54 754.85 337.15 745.48 365.55 646.64 332.94 ship 0 0.999254 votes=3
206.26 299.60 284.87 294.37 286.75 322.63 208.14 327.86 ship 0 0.999251 votes=3
527.15 710.79 596.26 726.82 590.67 750.96 521.56 734.93 ship 0 0.999248 votes=3
466.75 581.34 533.12 599.41 526.52 623.67 460.15 605.60 ship 0 0.999239 votes=3
193.30 129.84 302.69 118.61 306.01 150.92 196.62 162.15 ship 0 0.999239 votes=3
225.16 458.29 307.48 448.02 310.88 475.26 228.56 485.53 ship 0 0.999211 votes=3
590.51 503.10 666.80 525.42 659.39 550.74 583.10 528.42 ship 0 0.999209 votes=3
505.53 440.29 580.20 461.52 572.68 487.97 498.01 466.74 ship 0 0.999177 votes=3
234.82 534.98 306.08 528.06 308.40 551.93 237.14 558.85 ship 0 0.999157 votes=3
111.84 391.83 186.39 384.17 189.07 410.21 114.52 417.87 ship 0 0.999133 votes=3
482.09 552.13 546.58 568.19 541.24 589.66 476.75 573.60 ship 0 0.999127 votes=3
202.76 221.72 303.46 213.32 305.69 240.12 205.00 248.52 ship 0 0.999112 votes=3
201.26 258.02 292.36 252.44 294.19 282.21 203.09 287.79 ship 0 0.999106 votes=3
257.34 739.58 311.90 738.18 312.44 759.07 257.88 760.47 ship 0 0.999103 votes=3
139.92 614.76 208.11 606.68 211.01 631.15 142.82 639.23 ship 0 0.999089 votes=3
113.24 425.81 189.44 425.06 189.71 452.84 113.51 453.59 ship 0 0.999080 votes=3
449.40 653.47 516.56 666.99 511.49 692.20 444.33 678.68 ship 0 0.999065 votes=3
236.73 604.16 313.62 598.84 315.48 625.65 238.58 630.97 ship 0 0.999060 votes=3
521.10 744.23 581.32 763.11 574.95 783.45 514.72 764.57 ship 0 0.999019 votes=3
506.75 399.63 583.00 421.35 575.29 448.40 499.04 426.68 ship 0 0.998869 votes=3
668.49 210.88 778.19 246.43 766.04 283.93 656.34 248.38 ship 0 0.998742 votes=3
96.69 310.96 179.11 309.97 179.44 337.01 97.02 338.00 ship 0 0.998655 votes=3
155.74 683.19 217.44 681.40 218.13 705.15 156.43 706.94 ship 0 0.998553 votes=3
540.32 676.86 612.72 698.57 605.12 723.89 532.72 702.18 ship 0 0.998526 votes=3
529.24 275.67 619.08 301.32 610.76 330.45 520.93 304.79 ship 0 0.998492 votes=3
97.68 352.89 185.05 344.00 187.83 371.38 100.46 380.28 ship 0 0.998490 votes=3
163.28 750.27 221.55 742.39 224.35 763.03 166.07 770.91 ship 0 0.997919 votes=3
596.87 466.88 676.86 489.66 668.77 518.07 588.78 495.29 ship 0 0.997703 votes=3
431.03 714.46 492.80 733.72 486.05 755.36 424.28 736.10 ship 0 0.997559 votes=3
227.75 495.31 312.74 491.50 313.96 518.92 228.98 522.72 ship 0 0.997047 votes=3
502.50 310.83 613.91 338.70 606.00 370.32 494.60 342.45 ship 0 0.997039 votes=3
484.34 516.20 558.87 533.01 553.63 556.27 479.09 539.45 ship 0 0.997003 votes=3
220.53 381.26 302.48 371.25 305.98 399.92 224.03 409.93 ship 0 0.996859 votes=3
189.45 61.91 278.25 60.08 279.30 111.07 190.50 112.90 ship 0 0.995820 votes=3
238.88 570.10 300.49 566.15 301.95 588.97 240.34 592.91 ship 0 0.995818 votes=3
562.52 607.08 632.17 634.52 623.26 657.14 553.61 629.71 ship 0 0.995770 votes=3
74.34 188.31 168.56 182.99 170.30 213.87 76.08 219.20 ship 0 0.995026 votes=3
587.75 541.61 647.14 557.71 641.03 580.26 581.64 564.16 ship 0 0.993654 votes=3
574.64 576.31 637.34 588.42 632.85 611.68 570.14 599.57 ship 0 0.993212 votes=3
513.76 361.32 595.23 382.80 588.37 408.82 506.90 387.34 ship 0 0.992204 votes=3
628.86 393.54 711.93 419.32 703.34 447.01 620.27 421.23 ship 0 0.992028 votes=3
427.84 747.01 490.20 762.79 485.21 782.53 422.85 766.76 ship 0 0.973522 votes=3
282.88 85.08 349.68 780.41 130.64 801.45 63.85 106.12 harbor 0 0.971684 votes=3
403.85 765.42 547.51 194.30 741.73 243.16 598.08 814.27 harbor 0 0.967833 votes=3
520.70 799.24 528.48 773.46 538.95 776.62 531.17 802.40 ship 0 0.670795 votes=2
