606.04 773.31 608.40 733.70 625.72 734.73 623.36 774.34 vehicle 0 0.999703 votes=3
417.86 668.87 422.46 472.74 512.88 474.86 508.28 670.99 tenniscourt 0 0.999634 votes=3
548.08 376.75 553.79 181.62 645.74 184.31 640.02 379.44 tenniscourt 0 0.999634 votes=3
274.84 664.20 279.59 468.73 371.60 470.97 366.85 666.43 tenniscourt 0 0.999633 votes=3
283.21 368.04 289.07 173.53 381.66 176.32 375.80 370.83 tenniscourt 0 0.999613 votes=3
160.55 364.60 166.46 169.99 257.94 172.77 252.04 367.38 tenniscourt 0 0.999607 votes=3
538.49 671.94 544.30 477.86 636.95 480.63 631.14 674.72 tenniscourt 0 0.999602 votes=3
151.02 660.46 156.46 466.41 248.69 469.00 243.24 663.05 tenniscourt 0 0.999600 votes=3
425.83 373.44 431.11 178.04 521.73 180.48 516.45 375.89 tenniscourt 0 0.999564 votes=3
281.64 726.06 283.55 756.47 269.11 757.38 267.20 726.97 vehicle 0 0.999051 votes=3
183.05 717.55 183.47 757.58 168.01 757.75 167.59 717.71 vehicle 0 0.996658 votes=3
