319.59 610.12 410.87 98.65 462.62 107.89 371.33 619.35 bridge 0 0.995602 votes=3
105.82 482.48 120.31 486.29 117.05 498.65 102.57 494.84 harbor 0 0.979469 votes=3
77.11 419.56 80.77 407.21 89.77 409.87 86.11 422.23 harbor 0 0.960631 votes=3
85.98 393.51 86.70 377.42 99.57 378.00 98.85 394.08 harbor 0 0.956968 votes=3
146.67 689.20 147.75 670.75 160.46 671.50 159.38 689.95 harbor 0 0.953348 votes=3
76.32 525.11 78.97 508.92 89.69 510.68 87.03 526.87 harbor 0 0.931246 votes=3
635.46 455.88 687.40 498.83 668.20 522.04 616.26 479.09 harbor 0 0.931186 votes=3
107.28 302.23 127.82 306.57 123.53 326.82 103.00 322.47 harbor 0 0.924581 votes=3
57.97 468.39 70.50 470.93 68.01 483.20 55.49 480.66 harbor 0 0.915908 votes=3
241.23 515.28 245.40 496.81 262.97 500.78 258.81 519.24 harbor 0 0.911112 votes=3
232.84 549.34 246.88 554.33 242.74 565.98 228.70 560.98 harbor 0 0.906834 votes=3
93.93 679.24 94.44 659.19 105.06 659.46 104.56 679.51 harbor 0 0.902632 votes=3
259.28 438.19 279.30 439.23 278.47 455.40 258.44 454.37 harbor 0 0.888492 votes=3
57.48 667.89 58.35 642.52 71.72 642.98 70.85 668.35 harbor 0 0.878421 votes=3
29.57 647.07 43.45 647.65 42.87 661.37 28.99 660.78 harbor 0 0.876107 votes=3
249.46 485.05 253.60 473.07 265.47 477.17 261.33 489.15 harbor 0 0.851892 votes=3
238.67 538.64 242.19 524.65 254.06 527.65 250.54 541.63 harbor 0 0.743255 votes=3
95.90 346.77 109.00 347.91 107.90 360.50 94.81 359.36 harbor 0 0.709595 votes=2
