401.09 404.94 409.11 467.35 388.22 470.03 380.21 407.62 ship 0 0.999647 votes=3
220.67 436.36 231.94 516.00 208.28 519.34 197.01 439.70 ship 0 0.999580 votes=3
716.52 667.28 724.81 576.03 752.24 578.52 743.95 669.77 ship 0 0.999326 votes=3
470.15 104.28 474.34 154.16 458.03 155.53 453.85 105.65 ship 0 0.999324 votes=3
371.29 411.07 380.95 468.07 362.88 471.13 353.23 414.13 ship 0 0.999296 votes=3
541.43 157.43 545.46 209.58 527.61 210.96 523.58 158.81 ship 0 0.999194 votes=3
121.04 358.82 126.88 430.99 105.14 432.75 99.30 360.58 ship 0 0.999173 votes=3
513.70 165.76 523.96 234.00 500.93 237.47 490.67 169.22 ship 0 0.999167 votes=3
602.15 781.62 618.90 668.29 648.74 672.70 631.99 786.03 ship 0 0.999151 votes=3
431.73 180.77 457.45 252.95 434.68 261.06 408.96 188.88 ship 0 0.999115 votes=3
661.47 765.99 672.55 671.75 700.48 675.03 689.39 769.28 ship 0 0.999085 votes=3
369.15 107.20 373.36 180.79 350.10 182.13 345.89 108.54 ship 0 0.998946 votes=3
598.91 145.97 617.42 218.86 591.97 225.32 573.47 152.43 ship 0 0.998843 votes=3
521.43 95.11 532.19 139.49 516.11 143.39 505.36 99.01 ship 0 0.998831 votes=3
444.90 109.23 452.84 158.11 436.58 160.75 428.63 111.87 ship 0 0.998733 votes=3
327.47 340.25 339.22 401.38 317.29 405.60 305.54 344.47 ship 0 0.998678 votes=3
410.38 107.59 426.45 165.27 409.37 170.03 393.30 112.34 ship 0 0.998622 votes=3
380.45 188.32 389.67 254.61 370.02 257.34 360.80 191.06 ship 0 0.998331 votes=3
362.51 684.90 362.68 633.60 378.48 633.65 378.30 684.95 ship 0 0.997869 votes=3
210.04 332.20 218.62 418.30 193.17 420.84 184.59 334.73 ship 0 0.992122 votes=3
342.63 559.64 811.76 632.04 792.96 753.86 323.83 681.46 harbor 0 0.990070 votes=3
290.89 501.00 293.24 418.87 314.52 419.47 312.17 501.61 ship 0 0.989497 votes=3
335.53 134.28 791.35 46.61 813.37 161.12 357.55 248.79 harbor 0 0.978436 votes=3
78.50 362.20 792.52 271.66 812.76 431.27 98.73 521.81 harbor 0 0.977113 votes=3
334.98 144.99 342.33 162.15 333.43 165.97 326.08 148.81 ship 0 0.939164 votes=3
517.96 346.63 561.23 343.77 562.32 360.33 519.05 363.19 ship 0 0.921518 votes=3
581.63 658.08 605.84 659.74 605.30 667.56 581.10 665.89 ship 0 0.892025 votes=3
367.02 611.47 381.34 606.01 385.44 616.78 371.12 622.23 ship 0 0.852645 votes=2
