201.58 439.81 249.25 462.55 241.85 478.07 194.18 455.33 ship 0 0.999424 votes=3
293.48 104.63 337.10 113.11 334.16 128.25 290.54 119.78 ship 0 0.998939 votes=3
130.74 571.74 177.40 595.38 169.60 610.78 122.94 587.15 ship 0 0.998924 votes=3
121.63 596.83 160.60 616.82 154.23 629.25 115.25 609.26 ship 0 0.997744 votes=3
204.74 579.45 221.72 543.82 235.61 550.44 218.63 586.07 ship 0 0.997102 votes=3
240.88 368.17 287.73 385.28 281.41 402.58 234.56 385.47 ship 0 0.996686 votes=3
221.85 422.62 256.62 441.36 250.23 453.21 215.46 434.47 ship 0 0.996135 votes=3
259.15 477.38 275.68 449.84 286.51 456.34 269.98 483.88 ship 0 0.996024 votes=3
150.62 557.92 182.84 571.83 177.65 583.84 145.44 569.93 ship 0 0.994479 votes=3
239.26 351.76 289.47 355.32 288.30 371.73 238.09 368.17 ship 0 0.993390 votes=3
346.09 168.31 350.69 137.71 363.91 139.70 359.31 170.29 ship 0 0.988894 votes=3
238.77 517.71 255.24 490.42 265.23 496.45 248.77 523.74 ship 0 0.985678 votes=3
325.75 271.32 328.88 242.04 343.68 243.62 340.56 272.90 ship 0 0.890975 votes=3
