760.76 169.25 762.72 664.26 477.79 665.39 475.82 170.38 Expressway-Service-area 0 0.998200 votes=3
187.29 709.99 200.03 83.68 414.50 88.04 401.76 714.35 Expressway-Service-area 0 0.996302 votes=3
524.82 537.81 525.06 571.57 518.23 571.62 518.00 537.86 vehicle 0 0.994001 votes=3
590.15 494.56 605.30 466.48 611.31 469.72 596.16 497.81 vehicle 0 0.987521 votes=3
324.37 615.82 336.28 643.31 330.93 645.63 319.02 618.14 vehicle 0 0.984133 votes=3
543.27 434.56 565.94 414.81 570.64 420.20 547.97 439.95 vehicle 0 0.983297 votes=3
388.95 778.70 390.23 754.26 396.50 754.59 395.22 779.03 vehicle 0 0.977244 votes=3
379.21 577.71 379.88 611.06 372.92 611.20 372.24 577.85 vehicle 0 0.973502 votes=3
590.31 413.40 600.81 397.68 606.01 401.16 595.51 416.87 vehicle 0 0.966489 votes=3
503.28 580.90 503.97 547.68 510.91 547.83 510.21 581.05 vehicle 0 0.938394 votes=3
404.34 578.36 404.55 559.39 411.88 559.47 411.67 578.44 vehicle 0 0.901064 votes=3
629.23 475.60 630.37 511.70 623.64 511.91 622.50 475.81 vehicle 0 0.897429 votes=3
565.00 607.20 591.74 601.82 592.86 607.38 566.12 612.77 vehicle 0 0.887493 votes=3
388.61 617.26 389.44 652.02 381.87 652.20 381.04 617.44 vehicle 0 0.793204 votes=3
487.09 348.02 487.11 313.55 495.54 313.56 495.52 348.02 vehicle 0 0.772165 votes=3
401.89 439.14 475.81 437.93 475.91 443.94 401.99 445.16 overpass 0 0.726413 votes=2
