396.26 430.99 396.87 456.00 385.62 456.28 385.00 431.26 vehicle 0 0.999307 votes=3
540.52 374.19 564.13 373.81 564.28 383.46 540.67 383.83 vehicle 0 0.998236 votes=3
374.06 432.14 375.26 456.12 364.79 456.64 363.59 432.67 vehicle 0 0.996465 votes=3
518.65 506.14 547.32 505.80 547.45 516.45 518.77 516.79 vehicle 0 0.996353 votes=3
547.74 453.08 547.88 475.74 537.90 475.80 537.75 453.15 vehicle 0 0.989733 votes=3
347.28 457.65 347.43 436.34 357.61 436.41 357.46 457.72 vehicle 0 0.989651 votes=3
218.14 404.13 225.07 171.15 342.31 174.64 335.38 407.62 trainstation 0 0.984148 votes=3
534.74 421.15 552.93 441.41 545.61 447.98 527.42 427.72 vehicle 0 0.978798 votes=3
522.27 585.08 522.32 562.73 531.57 562.75 531.52 585.10 vehicle 0 0.971457 votes=3
385.16 358.63 387.50 378.60 378.20 379.69 375.86 359.72 vehicle 0 0.966428 votes=3
342.35 435.28 342.83 454.77 333.47 455.00 332.99 435.51 vehicle 0 0.953487 votes=3
546.63 541.65 601.97 533.13 604.23 547.81 548.89 556.34 vehicle 0 0.940094 votes=3
575.95 639.16 593.95 638.67 594.15 646.09 576.16 646.58 vehicle 0 0.842014 votes=3
682.22 498.58 682.37 481.05 692.09 481.13 691.94 498.67 vehicle 0 0.657684 votes=2
