409.19 651.73 475.66 649.36 476.32 667.73 409.85 670.10 ship 0 0.999502 votes=3
134.35 371.00 151.41 338.56 162.44 344.36 145.38 376.80 ship 0 0.999214 votes=3
191.01 493.36 200.36 534.86 185.89 538.12 176.54 496.62 ship 0 0.999122 votes=3
339.50 654.77 397.97 652.57 398.58 668.93 340.11 671.13 ship 0 0.998445 votes=3
255.09 46.00 271.30 78.60 260.07 84.18 243.86 51.58 ship 0 0.998365 votes=3
596.11 535.69 619.01 572.09 608.72 578.57 585.82 542.17 ship 0 0.998157 votes=3
295.66 70.23 296.47 29.48 309.95 29.75 309.14 70.50 ship 0 0.997936 votes=3
350.94 98.46 381.02 70.43 390.62 80.73 360.54 108.77 ship 0 0.997888 votes=3
645.59 654.61 659.29 694.63 647.23 698.76 633.53 658.74 ship 0 0.997769 votes=3
452.26 769.95 485.38 741.41 494.41 751.89 461.29 780.44 ship 0 0.997431 votes=3
676.55 547.65 690.23 520.97 700.26 526.11 686.58 552.79 ship 0 0.996618 votes=3
354.19 187.92 377.89 207.28 371.06 215.64 347.36 196.29 ship 0 0.996590 votes=3
175.34 244.36 191.58 207.57 204.59 213.31 188.35 250.10 ship 0 0.996430 votes=3
196.65 326.12 219.57 292.79 229.94 299.93 207.01 333.26 ship 0 0.995502 votes=3
380.24 148.85 403.52 159.49 399.97 167.25 376.70 156.60 ship 0 0.993593 votes=3
226.24 290.37 242.25 268.40 249.74 273.87 233.73 295.83 ship 0 0.993243 votes=3
337.66 196.92 363.41 220.22 355.54 228.92 329.79 205.61 ship 0 0.992402 votes=3
243.54 294.50 256.04 276.95 262.72 281.72 250.23 299.26 ship 0 0.992070 votes=3
227.00 126.62 236.00 96.96 246.51 100.15 237.50 129.81 ship 0 0.990766 votes=3
103.83 282.75 130.92 332.58 87.11 356.39 60.03 306.56 harbor 0 0.990649 votes=3
282.40 225.89 309.46 213.14 313.61 221.94 286.55 234.69 ship 0 0.986587 votes=3
186.88 72.29 237.78 86.71 223.61 136.73 172.71 122.31 harbor 0 0.983999 votes=3
643.47 496.77 654.79 531.07 645.85 534.02 634.53 499.72 ship 0 0.983741 votes=3
161.77 237.91 174.84 205.44 184.20 209.21 171.13 241.68 ship 0 0.981006 votes=3
605.54 523.48 618.82 541.99 611.36 547.35 598.08 528.84 ship 0 0.979730 votes=3
234.53 433.20 251.68 523.02 196.87 533.49 179.72 443.66 harbor 0 0.979379 votes=3
722.00 604.53 738.20 611.27 735.31 618.21 719.12 611.47 ship 0 0.970731 votes=3
691.42 622.24 716.27 651.28 707.97 658.37 683.13 629.34 ship 0 0.968721 votes=3
539.96 703.08 589.78 682.37 609.95 730.87 560.13 751.59 harbor 0 0.963652 votes=3
479.38 580.65 528.43 561.36 544.08 601.16 495.03 620.45 harbor 0 0.962058 votes=3
262.12 529.54 332.94 583.08 298.70 628.36 227.89 574.82 harbor 0 0.951996 votes=3
200.48 324.10 247.83 274.06 283.00 307.34 235.65 357.38 harbor 0 0.945479 votes=3
354.73 609.18 456.61 605.74 458.01 647.24 356.13 650.67 harbor 0 0.939533 votes=3
165.66 136.12 221.86 158.90 202.26 207.26 146.06 184.48 harbor 0 0.930948 votes=3
460.85 621.93 460.96 647.13 450.01 647.17 449.91 621.97 ship 0 0.921284 votes=2
667.48 531.51 674.46 510.62 684.04 513.82 677.06 534.71 ship 0 0.897286 votes=3
642.81 279.97 654.15 296.08 647.51 300.75 636.17 284.64 vehicle 0 0.893109 votes=3
153.76 179.13 202.30 211.27 178.66 246.98 130.12 214.83 harbor 0 0.840366 votes=3
721.24 602.18 772.27 612.14 770.64 620.53 719.60 610.57 harbor 0 0.803212 votes=3
203.45 474.40 208.97 499.20 199.81 501.24 194.29 476.44 ship 0 0.789089 votes=3
459.69 779.70 492.26 747.61 521.88 777.67 489.32 809.76 harbor 0 0.748949 votes=3
277.84 241.44 321.33 215.92 345.38 256.91 301.90 282.43 harbor 0 0.744108 votes=3
195.22 440.76 198.63 460.32 190.35 461.76 186.95 442.20 ship 0 0.738443 votes=2
708.05 562.61 766.54 538.12 769.82 545.97 711.34 570.46 harbor 0 0.728289 votes=2
370.38 150.40 439.18 174.77 433.72 190.20 364.92 165.83 harbor 0 0.719965 votes=2
369.24 119.02 442.73 99.38 445.22 108.67 371.72 128.31 harbor 0 0.702111 votes=2
702.41 616.33 745.47 668.57 721.75 688.12 678.69 635.87 harbor 0 0.700383 votes=2
339.18 78.15 371.07 19.93 378.48 23.99 346.59 82.21 harbor 0 0.665031 votes=2
