336.97 94.08 477.79 79.83 482.28 124.13 341.45 138.38 ship 0 0.999718 votes=3
485.89 584.70 487.33 665.02 455.00 665.60 453.57 585.28 ship 0 0.999692 votes=3
249.70 670.81 254.66 582.73 287.19 584.56 282.23 672.64 ship 0 0.999631 votes=3
510.08 543.20 516.35 433.60 555.30 435.83 549.03 545.43 ship 0 0.999602 votes=3
656.60 696.20 658.08 611.48 688.29 612.01 686.80 696.73 ship 0 0.999517 votes=3
412.89 542.15 415.14 454.22 447.47 455.05 445.22 542.97 ship 0 0.999483 votes=3
355.23 664.10 355.37 586.10 387.08 586.15 386.95 664.16 ship 0 0.999477 votes=3
412.24 657.42 418.45 585.04 446.01 587.41 439.80 659.79 ship 0 0.999448 votes=3
155.63 672.73 156.31 572.92 190.04 573.15 189.36 672.97 ship 0 0.999407 votes=3
565.63 555.62 569.20 458.27 600.49 459.42 596.92 556.77 ship 0 0.999401 votes=3
457.33 542.52 462.91 460.49 495.61 462.72 490.04 544.75 ship 0 0.999399 votes=3
317.31 534.32 321.64 436.87 352.80 438.26 348.47 535.71 ship 0 0.999383 votes=3
259.97 531.93 261.67 439.81 295.64 440.44 293.93 532.56 ship 0 0.999312 votes=3
608.61 682.68 610.99 592.75 644.93 593.65 642.55 683.58 ship 0 0.999296 votes=3
698.41 718.22 702.36 591.49 745.28 592.82 741.33 719.56 ship 0 0.999250 votes=3
108.50 522.15 126.64 425.73 160.13 432.04 141.99 528.45 ship 0 0.999120 votes=3
510.32 669.77 517.60 590.04 547.04 592.73 539.76 672.46 ship 0 0.998452 votes=3
518.71 147.40 532.83 232.35 498.28 238.10 484.16 153.14 ship 0 0.998230 votes=3
304.78 674.59 318.93 568.30 353.25 572.87 339.09 679.16 ship 0 0.998176 votes=3
378.96 251.74 379.48 165.09 411.11 165.28 410.59 251.93 ship 0 0.996861 votes=3
156.22 516.77 165.08 448.98 194.41 452.82 185.54 520.61 ship 0 0.996768 votes=3
205.89 658.81 207.50 568.97 242.76 569.60 241.15 659.44 ship 0 0.996677 votes=3
107.31 663.96 112.75 562.38 144.76 564.09 139.33 665.67 ship 0 0.996521 votes=3
465.76 162.72 467.10 244.91 438.08 245.38 436.74 163.20 ship 0 0.996476 votes=3
360.35 520.81 369.98 452.43 399.79 456.62 390.15 525.00 ship 0 0.996442 votes=3
317.84 258.87 320.27 149.96 357.39 150.79 354.96 259.70 ship 0 0.995629 votes=3
555.64 670.12 557.87 589.99 589.85 590.88 587.62 671.02 ship 0 0.990070 votes=3
630.23 148.07 653.82 191.43 633.39 202.54 609.80 159.17 ship 0 0.985875 votes=3
687.47 253.53 711.40 280.90 697.03 293.46 673.10 266.09 ship 0 0.985242 votes=3
140.46 442.04 774.06 464.49 766.26 684.92 132.65 662.47 harbor 0 0.966605 votes=3
790.66 668.96 790.74 704.73 771.60 704.78 771.52 669.01 ship 0 0.958952 votes=3
644.63 200.17 674.35 221.61 664.14 235.76 634.43 214.32 ship 0 0.950546 votes=3
748.93 504.31 749.78 554.64 727.43 555.01 726.59 504.68 ship 0 0.941874 votes=3
145.65 153.52 246.79 60.66 272.27 88.41 171.13 181.27 ship 0 0.902343 votes=3
324.66 134.95 619.90 106.58 632.00 232.61 336.77 260.97 harbor 0 0.885049 votes=3
784.89 747.15 785.12 784.61 766.40 784.72 766.17 747.26 ship 0 0.837402 votes=3
576.05 103.58 610.30 111.74 606.43 127.99 572.18 119.83 ship 0 0.717928 votes=2
