364.12 718.84 469.62 126.05 759.60 177.66 654.10 770.45 Expressway-Service-area 0 0.999098 votes=3
42.14 670.29 133.48 65.24 373.52 101.47 282.19 706.53 Expressway-Service-area 0 0.998959 votes=3
513.88 342.73 519.94 300.37 528.53 301.60 522.46 343.96 vehicle 0 0.996291 votes=3
246.98 532.66 250.57 497.50 257.38 498.19 253.78 533.36 vehicle 0 0.994684 votes=3
286.37 379.42 293.51 348.27 299.96 349.75 292.82 380.90 vehicle 0 0.993126 votes=3
237.94 274.02 242.43 247.14 249.02 248.24 244.52 275.12 vehicle 0 0.993077 votes=3
274.41 472.51 277.68 437.96 285.48 438.70 282.21 473.25 vehicle 0 0.991630 votes=3
196.11 476.24 200.06 450.30 207.01 451.35 203.06 477.30 vehicle 0 0.990988 votes=3
274.15 218.96 278.44 186.58 285.89 187.56 281.60 219.95 vehicle 0 0.987895 votes=3
212.40 252.15 219.20 218.67 226.26 220.11 219.46 253.59 vehicle 0 0.985718 votes=3
250.32 375.94 255.10 351.52 260.76 352.63 255.98 377.05 vehicle 0 0.978008 votes=3
271.48 654.90 285.06 675.00 280.12 678.34 266.54 658.24 vehicle 0 0.970424 votes=3
328.47 578.70 334.19 542.87 341.47 544.03 335.74 579.87 vehicle 0 0.969897 votes=3
299.48 304.17 303.66 275.05 309.58 275.89 305.40 305.02 vehicle 0 0.969775 votes=3
261.22 434.95 265.29 398.22 275.40 399.34 271.33 436.07 vehicle 0 0.969112 votes=3
445.34 318.60 448.91 286.92 457.27 287.86 453.70 319.54 vehicle 0 0.967825 votes=3
232.80 432.07 233.64 403.78 240.72 403.99 239.89 432.28 vehicle 0 0.967070 votes=3
252.42 292.42 255.88 261.74 261.98 262.43 258.52 293.11 vehicle 0 0.965429 votes=3
587.18 374.86 589.52 341.89 597.23 342.43 594.90 375.40 vehicle 0 0.955692 votes=3
256.05 335.32 260.06 309.59 265.68 310.46 261.67 336.20 vehicle 0 0.944633 votes=3
288.24 258.43 289.96 236.88 296.71 237.42 294.99 258.96 vehicle 0 0.934369 votes=3
308.72 247.55 313.48 208.69 319.93 209.48 315.16 248.34 vehicle 0 0.815105 votes=3
345.41 398.35 398.81 407.29 397.87 412.92 344.47 403.98 overpass 0 0.730472 votes=3
