557.63 98.79 709.92 93.22 711.11 125.59 558.82 131.16 ship 0 0.999240 votes=3
631.53 448.82 683.14 457.00 680.43 474.10 628.82 465.92 ship 0 0.999211 votes=3
679.16 323.35 717.16 337.80 711.75 352.02 673.75 337.56 ship 0 0.998935 votes=3
562.78 248.94 718.19 241.35 719.77 273.76 564.36 281.35 ship 0 0.998717 votes=3
565.12 163.41 714.01 149.74 717.07 183.09 568.18 196.76 ship 0 0.998660 votes=3
648.02 366.04 691.26 373.62 689.11 385.92 645.86 378.34 ship 0 0.997609 votes=3
622.17 528.67 657.22 530.48 656.68 540.88 621.63 539.07 ship 0 0.995091 votes=3
574.67 282.23 727.34 273.32 728.48 292.87 575.81 301.77 harbor 0 0.941779 votes=3
566.47 534.78 606.83 271.73 731.40 290.84 691.04 553.89 harbor 0 0.914167 votes=3
558.68 132.82 715.63 125.13 717.01 153.12 560.05 160.81 harbor 0 0.828942 votes=3
