385.12 88.48 503.10 108.76 496.70 145.99 378.72 125.71 ship 0 0.999684 votes=3
691.52 133.06 802.48 147.93 797.73 183.37 686.77 168.51 ship 0 0.999657 votes=3
576.37 369.27 579.08 430.20 555.70 431.24 552.99 370.31 ship 0 0.999627 votes=3
400.87 460.16 407.53 354.78 446.23 357.22 439.58 462.60 ship 0 0.999597 votes=3
286.56 644.75 305.64 574.35 330.52 581.09 311.45 651.49 ship 0 0.999551 votes=3
562.96 570.70 648.07 612.29 635.39 638.24 550.28 596.64 ship 0 0.999550 votes=3
380.60 356.05 382.07 438.36 348.65 438.96 347.17 356.64 ship 0 0.999501 votes=3
251.70 628.97 265.68 563.92 288.32 568.78 274.34 633.84 ship 0 0.999478 votes=3
209.73 626.78 225.17 550.75 252.71 556.34 237.27 632.37 ship 0 0.999379 votes=3
566.79 657.62 616.99 685.64 606.14 705.07 555.94 677.05 ship 0 0.999351 votes=3
619.02 366.60 619.97 424.12 597.79 424.48 596.83 366.97 ship 0 0.999311 votes=3
615.32 521.13 667.69 541.82 659.59 562.33 607.22 541.64 ship 0 0.999238 votes=3
329.65 656.92 344.85 603.28 367.00 609.56 351.80 663.19 ship 0 0.998931 votes=3
601.71 556.83 662.05 580.60 653.73 601.73 593.39 577.96 ship 0 0.998843 votes=3
643.41 365.88 693.02 367.92 692.18 388.30 642.58 386.26 ship 0 0.998402 votes=3
699.68 442.55 736.65 388.37 754.98 400.88 718.02 455.06 ship 0 0.998040 votes=3
403.31 656.89 488.91 678.61 481.99 705.92 396.38 684.20 ship 0 0.997446 votes=3
631.03 499.47 685.58 518.53 678.47 538.86 623.92 519.80 ship 0 0.997208 votes=3
526.47 698.17 595.14 716.70 588.64 740.79 519.97 722.26 ship 0 0.996242 votes=3
368.90 670.41 388.66 597.50 413.75 604.30 394.00 677.21 ship 0 0.991499 votes=3
563.82 626.38 631.02 651.95 622.96 673.13 555.76 647.56 ship 0 0.989901 votes=3
198.73 251.87 727.47 259.77 724.66 447.74 195.92 439.83 harbor 0 0.982601 votes=3
527.88 721.50 667.54 379.51 752.85 414.35 613.19 756.34 harbor 0 0.886777 votes=3
744.61 293.77 791.54 293.24 791.79 315.15 744.86 315.69 ship 0 0.827161 votes=3
236.99 556.73 626.23 649.50 602.95 747.16 213.72 654.39 harbor 0 0.687048 votes=3
