81.17 130.55 108.68 132.56 107.89 143.35 80.38 141.33 ship 0 0.998778 votes=3
737.74 154.72 769.75 155.22 769.55 167.84 737.54 167.34 ship 0 0.998769 votes=3
505.61 181.57 535.44 181.38 535.51 191.11 505.67 191.30 ship 0 0.998596 votes=3
735.07 358.85 767.14 358.08 767.41 369.16 735.34 369.93 ship 0 0.998534 votes=3
504.41 146.57 535.59 146.55 535.60 157.59 504.42 157.62 ship 0 0.998429 votes=3
621.81 591.27 621.95 630.85 607.97 630.90 607.83 591.32 ship 0 0.998369 votes=3
621.24 130.00 653.91 130.49 653.74 141.95 621.07 141.46 ship 0 0.998180 votes=3
505.38 130.45 536.65 131.51 536.28 142.16 505.01 141.09 ship 0 0.998173 votes=3
350.63 147.03 381.40 147.21 381.33 159.63 350.56 159.45 ship 0 0.998125 votes=3
692.79 582.84 723.65 582.80 723.67 593.39 692.80 593.44 ship 0 0.998050 votes=3
410.97 590.59 411.25 630.30 395.70 630.41 395.41 590.70 ship 0 0.998003 votes=3
624.57 632.56 624.73 588.83 639.08 588.88 638.92 632.61 ship 0 0.997996 votes=3
526.98 591.67 527.20 633.51 511.89 633.59 511.67 591.75 ship 0 0.997888 votes=3
386.40 468.73 415.96 468.37 416.09 478.32 386.53 478.69 ship 0 0.997807 votes=3
370.38 588.75 370.99 631.56 354.90 631.79 354.30 588.97 ship 0 0.997647 votes=3
390.47 590.92 391.23 631.47 375.94 631.76 375.18 591.21 ship 0 0.997621 votes=3
582.47 147.11 613.31 146.86 613.39 157.41 582.55 157.67 ship 0 0.997615 votes=3
463.30 483.30 493.19 483.41 493.15 493.69 463.26 493.58 ship 0 0.997471 votes=3
735.34 263.50 766.50 263.06 766.67 275.24 735.51 275.68 ship 0 0.997432 votes=3
387.28 428.26 416.24 427.96 416.35 438.00 387.38 438.30 ship 0 0.997197 votes=3
698.46 224.22 728.75 224.42 728.68 234.79 698.39 234.59 ship 0 0.997065 votes=3
618.14 398.13 648.12 397.98 648.18 408.76 618.19 408.90 ship 0 0.996924 votes=3
621.32 196.59 648.68 196.48 648.72 206.53 621.36 206.64 ship 0 0.996800 votes=3
581.07 393.00 608.84 392.53 609.02 403.27 581.25 403.75 ship 0 0.996728 votes=3
601.53 591.19 601.66 631.89 587.85 631.94 587.73 591.23 ship 0 0.996719 votes=3
616.29 546.63 646.64 546.24 646.78 556.77 616.42 557.16 ship 0 0.996657 votes=3
113.39 559.05 162.33 565.06 160.57 579.33 111.64 573.32 ship 0 0.996654 votes=3
33.97 228.32 62.98 228.93 62.75 239.61 33.75 239.01 ship 0 0.996620 votes=3
462.93 405.89 494.28 405.69 494.35 416.76 462.99 416.95 ship 0 0.996492 votes=3
577.96 408.47 608.78 407.86 608.99 418.47 578.17 419.07 ship 0 0.996443 votes=3
577.22 499.62 608.80 498.87 609.05 509.59 577.47 510.35 ship 0 0.996421 votes=3
583.50 238.79 611.96 239.44 611.71 250.30 583.25 249.65 ship 0 0.996393 votes=3
738.65 132.29 767.56 132.48 767.49 143.85 738.58 143.66 ship 0 0.996350 votes=3
461.12 466.03 493.75 467.70 493.15 479.54 460.52 477.87 ship 0 0.996303 votes=3
19.70 554.32 66.20 555.88 65.65 572.05 19.16 570.49 ship 0 0.996289 votes=3
577.09 514.68 609.71 514.45 609.79 526.33 577.17 526.56 ship 0 0.996242 votes=3
698.41 194.67 729.41 194.53 729.46 205.40 698.46 205.54 ship 0 0.996171 votes=3
732.27 560.93 762.32 560.71 762.40 571.13 732.34 571.35 ship 0 0.996110 votes=3
735.22 533.32 762.10 532.74 762.29 541.54 735.41 542.12 ship 0 0.995902 votes=3
385.75 535.08 414.04 534.66 414.19 545.10 385.90 545.52 ship 0 0.995840 votes=3
338.69 539.50 377.19 540.04 377.03 551.39 338.53 550.85 ship 0 0.995803 votes=3
385.99 482.54 413.50 482.55 413.49 492.24 385.99 492.23 ship 0 0.995760 votes=3
464.69 224.39 494.59 223.36 494.95 233.96 465.05 234.99 ship 0 0.995699 votes=3
584.00 223.57 612.83 222.93 613.07 233.55 584.24 234.20 ship 0 0.995697 votes=3
578.00 377.24 610.61 377.11 610.65 388.59 578.04 388.72 ship 0 0.995619 votes=3
464.02 252.82 495.84 252.99 495.78 263.80 463.96 263.63 ship 0 0.995325 votes=3
582.76 162.04 614.89 162.32 614.80 172.71 582.67 172.43 ship 0 0.995205 votes=3
386.70 400.90 416.14 400.46 416.29 410.50 386.85 410.94 ship 0 0.995154 votes=3
384.99 414.57 415.81 414.03 415.99 424.29 385.18 424.83 ship 0 0.995141 votes=3
390.12 158.35 418.35 158.02 418.45 167.51 390.23 167.84 ship 0 0.995097 votes=3
461.41 438.28 492.83 438.08 492.90 448.94 461.48 449.14 ship 0 0.995087 votes=3
690.22 535.87 723.91 535.60 724.01 547.68 690.32 547.95 ship 0 0.994949 votes=3
580.12 254.00 613.17 253.94 613.19 266.00 580.14 266.05 ship 0 0.994945 votes=3
576.23 529.73 607.72 529.59 607.77 540.57 576.28 540.71 ship 0 0.994895 votes=3
697.57 255.98 726.82 257.30 726.34 267.88 697.09 266.56 ship 0 0.994657 votes=3
464.05 208.14 495.77 207.81 495.88 219.09 464.16 219.42 ship 0 0.994654 votes=3
582.41 207.95 611.70 207.97 611.70 217.82 582.40 217.80 ship 0 0.994617 votes=3
487.57 632.24 487.93 592.32 501.78 592.45 501.41 632.36 ship 0 0.994511 votes=3
480.78 591.15 480.92 629.82 468.59 629.86 468.46 591.19 ship 0 0.994482 votes=3
241.18 156.61 269.06 159.86 267.82 170.57 239.93 167.32 ship 0 0.994477 votes=3
144.94 136.38 172.81 138.61 172.02 148.54 144.14 146.31 ship 0 0.994428 votes=3
581.66 191.86 612.40 191.70 612.45 202.50 581.71 202.66 ship 0 0.994294 votes=3
464.39 161.29 495.26 161.20 495.29 171.58 464.42 171.67 ship 0 0.994292 votes=3
468.20 193.39 496.16 193.27 496.20 203.48 468.25 203.60 ship 0 0.994280 votes=3
730.44 600.72 761.29 601.09 761.16 612.19 730.31 611.82 ship 0 0.994023 votes=3
463.52 497.84 493.26 498.02 493.20 508.49 463.46 508.31 ship 0 0.993965 votes=3
461.18 543.22 494.59 544.31 494.21 555.92 460.80 554.82 ship 0 0.993942 votes=3
693.44 597.42 724.11 597.13 724.21 607.41 693.54 607.70 ship 0 0.993917 votes=3
277.65 153.81 302.62 153.75 302.64 162.65 277.67 162.71 ship 0 0.993868 votes=3
463.06 559.71 492.13 559.79 492.09 571.45 463.03 571.37 ship 0 0.993788 votes=3
344.30 509.20 377.99 509.84 377.77 521.62 344.08 520.99 ship 0 0.993661 votes=3
349.87 300.53 378.62 300.37 378.68 311.86 349.93 312.02 ship 0 0.993650 votes=3
582.64 130.90 614.09 133.06 613.32 144.30 581.87 142.14 ship 0 0.993628 votes=3
733.10 466.02 763.17 465.43 763.38 476.43 733.31 477.02 ship 0 0.993545 votes=3
621.69 223.96 648.58 223.55 648.73 233.45 621.84 233.86 ship 0 0.993516 votes=3
620.87 277.20 648.92 276.83 649.05 286.31 621.00 286.67 ship 0 0.993266 votes=3
723.63 686.47 723.88 648.00 739.40 648.10 739.14 686.57 ship 0 0.993266 votes=3
616.62 465.45 649.16 465.21 649.23 476.14 616.70 476.37 ship 0 0.993081 votes=3
180.39 139.81 206.58 139.54 206.70 151.09 180.51 151.36 ship 0 0.993074 votes=3
693.52 567.41 724.69 567.42 724.68 578.93 693.51 578.92 ship 0 0.992821 votes=3
733.91 385.63 760.95 384.84 761.24 394.88 734.20 395.67 ship 0 0.992815 votes=3
618.11 560.75 646.91 560.51 646.99 570.16 618.19 570.40 ship 0 0.992797 votes=3
37.36 213.29 66.48 216.98 65.24 226.83 36.11 223.13 ship 0 0.992696 votes=3
737.63 197.77 765.82 197.11 766.06 207.24 737.86 207.89 ship 0 0.992629 votes=3
616.77 519.52 646.89 519.44 646.91 529.50 616.80 529.59 ship 0 0.992625 votes=3
31.67 283.07 60.38 287.70 58.56 299.03 29.84 294.41 ship 0 0.992593 votes=3
466.51 285.33 495.22 284.02 495.74 295.41 467.03 296.72 ship 0 0.992479 votes=3
500.96 544.82 530.66 544.47 530.78 554.51 501.08 554.86 ship 0 0.992477 votes=3
698.77 147.36 730.29 147.54 730.23 158.03 698.71 157.85 ship 0 0.992287 votes=3
697.39 209.05 730.19 208.78 730.28 220.00 697.48 220.27 ship 0 0.992285 votes=3
465.30 423.18 494.01 423.07 494.05 433.67 465.34 433.78 ship 0 0.992221 votes=3
466.47 238.74 496.15 238.90 496.09 249.85 466.42 249.69 ship 0 0.992145 votes=3
621.00 317.01 650.09 317.47 649.93 327.55 620.84 327.08 ship 0 0.992076 votes=3
345.29 479.02 375.28 480.84 374.64 491.40 344.65 489.58 ship 0 0.991995 votes=3
733.25 574.45 762.37 574.44 762.37 584.01 733.25 584.02 ship 0 0.991953 votes=3
504.08 249.27 537.43 248.47 537.68 258.74 504.32 259.53 ship 0 0.991862 votes=3
111.79 530.94 139.26 532.61 138.63 542.98 111.16 541.31 ship 0 0.991839 votes=3
346.66 448.57 377.38 448.80 377.31 459.23 346.58 459.00 ship 0 0.991765 votes=3
384.62 346.71 416.36 346.78 416.34 357.46 384.60 357.39 ship 0 0.991586 votes=3
734.06 440.21 763.78 439.91 763.88 450.05 734.17 450.35 ship 0 0.991414 votes=3
388.34 225.80 418.86 225.26 419.03 234.97 388.51 235.51 ship 0 0.991356 votes=3
464.12 453.08 491.74 454.38 491.27 464.50 463.64 463.20 ship 0 0.991284 votes=3
505.04 276.25 534.74 276.34 534.72 285.98 505.01 285.89 ship 0 0.991222 votes=3
464.66 314.50 494.55 314.74 494.46 325.71 464.57 325.47 ship 0 0.991210 votes=3
389.47 172.98 420.66 172.43 420.83 182.46 389.65 183.00 ship 0 0.991132 votes=3
622.03 182.95 649.80 182.59 649.93 192.43 622.16 192.80 ship 0 0.991122 votes=3
464.01 392.04 492.08 391.56 492.25 401.79 464.18 402.27 ship 0 0.990967 votes=3
700.20 132.73 729.23 133.78 728.87 143.57 699.84 142.52 ship 0 0.990921 votes=3
693.64 521.56 723.40 521.12 723.54 530.96 693.79 531.40 ship 0 0.990902 votes=3
502.87 369.49 531.03 369.14 531.16 379.21 502.99 379.56 ship 0 0.990895 votes=3
697.70 241.34 727.75 241.09 727.84 251.68 697.79 251.93 ship 0 0.990892 votes=3
345.22 358.22 377.64 356.91 378.10 368.35 345.68 369.66 ship 0 0.990877 votes=3
346.49 418.66 377.73 418.92 377.63 431.11 346.39 430.85 ship 0 0.990848 votes=3
507.48 169.48 535.67 168.73 535.90 177.62 507.72 178.36 ship 0 0.990839 votes=3
351.18 179.56 379.01 179.95 378.86 191.05 351.02 190.67 ship 0 0.990808 votes=3
619.95 370.82 648.62 371.49 648.39 381.28 619.72 380.61 ship 0 0.990756 votes=3
734.12 547.03 761.28 546.85 761.34 556.73 734.19 556.91 ship 0 0.990465 votes=3
701.00 179.00 730.93 179.19 730.86 190.01 700.93 189.82 ship 0 0.990247 votes=3
502.39 397.07 533.15 396.99 533.17 407.67 502.41 407.74 ship 0 0.990238 votes=3
694.25 612.86 723.37 612.84 723.37 623.28 694.25 623.31 ship 0 0.990088 votes=3
347.57 317.36 381.38 316.96 381.52 328.47 347.70 328.87 ship 0 0.989907 votes=3
348.41 374.24 377.87 373.08 378.29 383.80 348.84 384.96 ship 0 0.989783 votes=3
620.19 290.60 648.16 290.31 648.26 299.68 620.29 299.98 ship 0 0.989761 votes=3
243.88 186.14 269.09 186.39 269.00 196.19 243.78 195.94 ship 0 0.989586 votes=3
620.59 357.98 648.20 357.81 648.26 366.64 620.65 366.82 ship 0 0.989453 votes=3
390.08 130.15 419.03 130.18 419.02 141.05 390.07 141.02 ship 0 0.989393 votes=3
505.48 195.86 536.79 195.78 536.81 205.78 505.51 205.86 ship 0 0.989327 votes=3
37.68 242.85 62.15 244.98 61.36 254.04 36.90 251.91 ship 0 0.989248 votes=3
244.53 141.61 271.68 144.46 270.48 155.90 243.32 153.05 ship 0 0.989075 votes=3
348.13 435.35 376.77 434.56 377.05 444.78 348.41 445.56 ship 0 0.989017 votes=3
697.48 300.87 725.97 301.01 725.91 311.50 697.43 311.36 ship 0 0.988976 votes=3
698.20 331.77 726.60 332.25 726.43 342.49 698.03 342.01 ship 0 0.988889 votes=3
618.59 438.16 648.03 437.63 648.21 447.25 618.76 447.78 ship 0 0.988843 votes=3
237.85 481.27 265.71 481.41 265.66 491.99 237.80 491.85 ship 0 0.988705 votes=3
734.13 427.14 762.73 426.62 762.90 436.21 734.31 436.73 ship 0 0.988589 votes=3
577.52 559.99 609.03 560.92 608.70 572.15 577.18 571.22 ship 0 0.988575 votes=3
701.94 687.76 702.44 647.45 718.82 647.65 718.32 687.96 ship 0 0.988497 votes=3
123.56 374.94 152.09 375.59 151.83 386.98 123.30 386.32 ship 0 0.988304 votes=3
388.08 319.11 416.61 319.51 416.46 329.70 387.94 329.30 ship 0 0.988295 votes=3
501.58 477.10 532.05 476.81 532.14 486.76 501.68 487.05 ship 0 0.988101 votes=3
387.96 186.37 421.44 186.35 421.45 196.18 387.97 196.19 ship 0 0.988088 votes=3
78.69 149.08 103.88 150.12 103.48 159.66 78.29 158.61 ship 0 0.988012 votes=3
583.26 175.87 614.04 176.05 613.97 188.13 583.19 187.95 ship 0 0.987925 votes=3
387.24 266.57 419.18 266.44 419.23 277.16 387.28 277.30 ship 0 0.987878 votes=3
695.05 444.72 725.53 444.21 725.70 454.25 695.22 454.77 ship 0 0.987778 votes=3
621.57 238.36 649.65 237.73 649.88 247.88 621.79 248.51 ship 0 0.987763 votes=2
350.16 223.95 379.98 224.30 379.86 234.40 350.04 234.05 ship 0 0.987743 votes=3
739.59 224.27 764.13 223.80 764.31 233.29 739.77 233.75 ship 0 0.987652 votes=2
619.28 452.57 645.65 452.54 645.66 461.32 619.29 461.34 ship 0 0.987493 votes=3
141.37 195.34 167.60 195.89 167.38 206.40 141.15 205.85 ship 0 0.987243 votes=3
698.97 270.44 724.97 271.96 724.40 281.72 698.40 280.20 ship 0 0.987015 votes=3
695.06 475.70 724.24 477.18 723.74 487.12 694.55 485.64 ship 0 0.986963 votes=3
346.47 463.62 378.05 466.04 377.16 477.63 345.58 475.22 ship 0 0.986430 votes=3
386.46 292.96 416.49 292.33 416.70 302.34 386.67 302.97 ship 0 0.986310 votes=3
239.14 330.15 266.36 329.60 266.57 340.09 239.35 340.64 ship 0 0.986249 votes=3
35.96 257.23 61.65 257.47 61.56 267.69 35.87 267.45 ship 0 0.986011 votes=3
502.25 558.45 531.54 559.12 531.31 569.27 502.02 568.61 ship 0 0.985940 votes=3
621.01 331.93 648.78 331.30 649.00 341.30 621.24 341.93 ship 0 0.985876 votes=3
25.64 365.35 50.87 368.08 49.74 378.49 24.52 375.76 ship 0 0.985730 votes=3
384.97 572.98 415.95 571.97 416.29 582.19 385.31 583.21 ship 0 0.985701 votes=3
239.09 258.10 267.06 257.94 267.12 267.84 239.15 268.00 ship 0 0.985614 votes=3
350.97 194.96 377.52 195.46 377.33 205.56 350.78 205.06 ship 0 0.985525 votes=3
502.01 439.07 530.46 438.29 530.73 448.09 502.28 448.87 ship 0 0.985454 votes=2
19.38 450.38 45.66 452.09 44.98 462.51 18.71 460.80 ship 0 0.985227 votes=3
696.70 490.54 724.84 490.59 724.82 500.71 696.68 500.65 ship 0 0.985159 votes=3
698.02 286.27 726.56 285.67 726.76 295.06 698.22 295.67 ship 0 0.984922 votes=3
737.11 291.13 769.24 291.47 769.12 302.49 737.00 302.15 ship 0 0.984687 votes=3
386.89 454.41 414.38 454.38 414.40 464.58 386.90 464.61 ship 0 0.984549 votes=3
695.70 394.13 725.57 393.86 725.68 405.51 695.81 405.79 ship 0 0.984363 votes=3
345.97 524.52 375.76 524.78 375.67 535.35 345.88 535.09 ship 0 0.984340 votes=3
698.42 361.19 725.95 362.75 725.40 372.54 697.87 370.98 ship 0 0.984161 votes=3
28.20 342.39 53.02 343.02 52.80 351.93 27.98 351.30 ship 0 0.983705 votes=3
732.43 614.88 763.59 616.31 763.11 626.77 731.95 625.34 ship 0 0.983637 votes=3
351.35 164.39 379.94 164.80 379.78 175.50 351.19 175.09 ship 0 0.983619 votes=3
465.37 621.47 467.89 100.37 533.51 100.69 530.98 621.78 harbor 0 0.983612 votes=3
42.00 173.52 67.50 174.29 67.23 183.21 41.73 182.44 ship 0 0.983564 votes=3
344.57 615.18 348.85 106.65 418.71 107.24 414.43 615.76 harbor 0 0.983508 votes=3
342.31 555.90 374.81 556.14 374.72 568.69 342.22 568.45 ship 0 0.983508 votes=3
583.88 301.13 610.41 300.56 610.63 310.76 584.10 311.33 ship 0 0.983390 votes=3
237.11 540.59 264.18 540.61 264.17 550.80 237.10 550.78 ship 0 0.983362 votes=3
162.47 353.71 188.85 354.19 188.68 363.70 162.30 363.22 ship 0 0.983276 votes=3
15.49 496.14 41.01 496.48 40.87 507.31 15.35 506.97 ship 0 0.983241 votes=3
503.43 303.11 530.71 302.49 530.95 312.82 503.67 313.44 ship 0 0.983081 votes=3
620.62 262.72 648.21 262.59 648.25 272.31 620.67 272.44 ship 0 0.982988 votes=3
131.43 292.15 160.14 295.15 159.10 305.11 130.39 302.10 ship 0 0.982394 votes=3
114.76 563.79 148.31 94.10 205.98 98.22 172.43 567.91 harbor 0 0.982255 votes=3
237.57 523.81 264.36 526.31 263.50 535.62 236.70 533.13 ship 0 0.982153 votes=3
240.04 566.05 246.24 120.78 302.15 121.56 295.96 566.83 harbor 0 0.982130 votes=3
504.41 316.97 532.84 316.55 532.98 326.27 504.55 326.69 ship 0 0.982114 votes=3
578.91 485.03 608.76 484.57 608.93 495.52 579.08 495.98 ship 0 0.982016 votes=3
582.10 316.35 612.04 315.60 612.30 326.06 582.36 326.81 ship 0 0.981629 votes=3
389.02 199.39 415.83 199.36 415.84 209.12 389.03 209.15 ship 0 0.981158 votes=2
694.09 427.53 725.03 430.03 724.11 441.47 693.17 438.97 ship 0 0.979793 votes=3
237.46 397.43 265.13 397.04 265.29 407.75 237.61 408.15 ship 0 0.979462 votes=3
576.81 622.94 582.95 105.59 651.11 106.40 644.97 623.75 harbor 0 0.978588 votes=3
140.18 221.65 164.37 223.43 163.75 231.91 139.56 230.14 ship 0 0.978565 votes=3
582.95 283.00 610.85 284.56 610.25 295.26 582.35 293.70 ship 0 0.978143 votes=3
466.47 330.01 495.56 329.82 495.62 339.36 466.53 339.54 ship 0 0.977778 votes=3
349.39 283.65 378.01 285.64 377.29 295.92 348.68 293.93 ship 0 0.976967 votes=3
463.81 177.88 496.40 177.29 496.59 187.76 464.00 188.35 ship 0 0.976948 votes=3
579.22 360.61 611.53 360.33 611.62 371.35 579.32 371.63 ship 0 0.976830 votes=3
691.00 678.02 700.19 91.87 769.15 92.95 759.96 679.10 harbor 0 0.976761 votes=3
699.47 163.68 727.79 163.73 727.77 175.13 699.45 175.08 ship 0 0.976732 votes=3
692.45 628.99 722.56 628.39 722.77 639.27 692.67 639.87 ship 0 0.975933 votes=3
120.30 446.26 146.67 447.36 146.25 457.42 119.88 456.32 ship 0 0.975826 votes=3
506.02 235.61 533.80 235.13 533.98 245.57 506.21 246.06 ship 0 0.975682 votes=3
114.24 489.57 141.66 489.60 141.65 500.58 114.23 500.55 ship 0 0.975446 votes=3
501.38 491.58 527.42 491.05 527.65 501.87 501.60 502.40 ship 0 0.975435 votes=3
464.03 513.21 492.77 513.01 492.85 523.57 464.10 523.77 ship 0 0.975168 votes=3
697.36 347.67 726.30 347.59 726.33 357.99 697.39 358.07 ship 0 0.975056 votes=2
137.37 277.56 161.48 284.03 159.20 292.49 135.10 286.03 ship 0 0.975034 votes=3
40.78 187.41 66.41 188.85 65.87 198.48 40.24 197.04 ship 0 0.974849 votes=3
581.65 424.02 609.86 423.47 610.06 433.88 581.85 434.43 ship 0 0.974610 votes=2
352.90 267.89 381.68 268.96 381.21 281.69 352.43 280.62 ship 0 0.974439 votes=3
119.28 460.69 145.17 461.55 144.85 470.99 118.97 470.13 ship 0 0.974196 votes=3
143.71 123.25 172.72 124.67 172.22 134.86 143.21 133.44 ship 0 0.974017 votes=3
690.82 457.56 726.26 459.87 725.50 471.50 690.06 469.18 ship 0 0.973888 votes=3
735.38 317.45 764.23 318.10 764.00 328.25 735.15 327.61 ship 0 0.973830 votes=3
62.37 333.24 87.01 333.48 86.92 342.80 62.28 342.56 ship 0 0.973645 votes=2
23.89 395.66 48.62 397.31 48.02 406.33 23.29 404.67 ship 0 0.973492 votes=3
40.73 201.64 66.37 202.82 65.94 212.11 40.30 210.93 ship 0 0.973181 votes=3
242.63 202.08 268.64 201.25 268.94 210.77 242.93 211.60 ship 0 0.973143 votes=3
143.61 150.81 172.27 151.81 171.89 162.72 143.23 161.72 ship 0 0.972979 votes=3
620.48 304.28 648.11 304.30 648.11 313.52 620.47 313.50 ship 0 0.971624 votes=3
348.64 388.87 376.13 388.65 376.22 399.13 348.73 399.36 ship 0 0.971550 votes=3
504.31 290.37 534.41 290.59 534.35 299.38 504.24 299.15 ship 0 0.971082 votes=3
350.42 237.83 380.82 239.35 380.26 250.62 349.85 249.11 ship 0 0.970896 votes=3
692.27 505.39 725.37 505.21 725.43 516.45 692.33 516.63 ship 0 0.970671 votes=3
735.96 332.35 761.68 331.76 761.90 341.57 736.18 342.15 ship 0 0.970339 votes=2
735.94 305.21 765.81 305.97 765.56 315.80 735.69 315.04 ship 0 0.970324 votes=2
574.54 453.11 610.76 452.98 610.80 465.77 574.58 465.90 ship 0 0.970182 votes=3
580.53 345.92 610.52 345.92 610.51 355.95 580.53 355.94 ship 0 0.970175 votes=2
694.91 551.94 721.98 551.42 722.19 562.32 695.12 562.84 ship 0 0.970120 votes=3
462.53 361.58 497.14 361.83 497.06 373.12 462.45 372.87 ship 0 0.968298 votes=3
466.20 270.41 494.11 270.07 494.24 280.41 466.33 280.76 ship 0 0.968113 votes=3
166.98 303.56 193.60 304.28 193.33 314.46 166.70 313.74 ship 0 0.968037 votes=3
12.67 557.04 46.78 84.60 106.65 88.93 72.54 561.37 harbor 0 0.967720 votes=3
54.77 419.37 79.92 419.61 79.83 429.28 54.67 429.03 ship 0 0.967476 votes=3
735.18 399.41 760.19 399.23 760.26 408.64 735.25 408.83 ship 0 0.967438 votes=3
15.94 509.46 39.68 510.90 39.14 519.74 15.40 518.30 ship 0 0.967385 votes=3
123.63 419.09 148.39 418.95 148.44 428.38 123.68 428.52 ship 0 0.966665 votes=2
137.01 262.90 162.47 267.89 160.45 278.22 134.99 273.23 ship 0 0.966104 votes=3
243.01 129.17 269.41 129.25 269.38 137.79 242.98 137.71 ship 0 0.964308 votes=3
582.30 437.19 611.54 437.31 611.50 448.08 582.25 447.96 ship 0 0.964235 votes=2
349.58 403.05 377.39 402.83 377.47 413.53 349.66 413.75 ship 0 0.964176 votes=2
239.44 314.38 266.70 315.49 266.28 325.75 239.02 324.64 ship 0 0.963871 votes=3
76.00 186.72 100.04 187.48 99.73 197.17 75.69 196.41 ship 0 0.963536 votes=3
19.37 466.97 42.97 468.01 42.54 477.83 18.94 476.79 ship 0 0.963523 votes=3
464.10 375.87 494.68 375.78 494.72 386.89 464.14 386.99 ship 0 0.963361 votes=2
579.84 470.34 608.60 468.30 609.36 478.99 580.60 481.02 ship 0 0.963005 votes=3
34.31 299.33 57.85 302.11 56.83 310.71 33.30 307.93 ship 0 0.962904 votes=3
132.56 307.15 158.07 309.90 157.09 319.03 131.58 316.28 ship 0 0.962706 votes=3
140.60 235.81 163.20 238.26 162.27 246.83 139.67 244.38 ship 0 0.962310 votes=3
620.63 150.14 653.10 149.47 653.42 164.80 620.94 165.47 ship 0 0.962134 votes=3
737.03 170.83 767.90 171.53 767.63 183.27 736.76 182.56 ship 0 0.961988 votes=3
60.63 382.56 83.47 383.19 83.23 392.25 60.38 391.62 ship 0 0.961066 votes=3
618.58 479.35 648.97 479.25 649.01 489.31 618.62 489.42 ship 0 0.960337 votes=3
138.91 248.76 163.86 252.68 162.34 262.35 137.40 258.43 ship 0 0.959677 votes=3
696.38 376.48 726.88 376.65 726.82 387.70 696.32 387.53 ship 0 0.959572 votes=3
171.95 255.05 195.10 257.59 194.09 266.72 170.95 264.18 ship 0 0.956886 votes=3
582.72 331.54 615.03 331.28 615.12 341.95 582.81 342.21 ship 0 0.956831 votes=3
143.68 180.34 168.46 181.35 168.06 190.97 143.29 189.96 ship 0 0.955065 votes=3
759.33 644.80 759.50 685.94 743.79 686.00 743.62 644.87 ship 0 0.954647 votes=3
389.61 252.89 415.06 252.93 415.05 262.82 389.59 262.78 ship 0 0.952753 votes=2
387.88 386.85 418.90 386.97 418.87 397.04 387.84 396.92 ship 0 0.951972 votes=3
21.40 423.43 47.04 425.44 46.23 435.84 20.59 433.83 ship 0 0.951344 votes=3
31.68 313.93 56.09 315.66 55.36 325.91 30.95 324.18 ship 0 0.948386 votes=2
115.16 543.89 139.22 548.11 137.66 557.04 113.60 552.82 ship 0 0.946052 votes=3
80.97 116.86 104.48 116.28 104.72 126.39 81.22 126.96 ship 0 0.943564 votes=3
120.70 403.65 148.84 404.83 148.46 413.84 120.32 412.65 ship 0 0.939522 votes=2
18.42 481.81 41.64 483.26 41.04 492.91 17.82 491.46 ship 0 0.939315 votes=3
170.50 270.02 191.83 271.11 191.44 278.77 170.11 277.68 ship 0 0.930952 votes=3
78.83 163.87 103.14 164.33 102.96 173.84 78.65 173.38 ship 0 0.929982 votes=2
272.20 554.88 296.82 554.67 296.89 564.15 272.28 564.36 ship 0 0.921254 votes=3
12.44 522.85 37.29 524.17 36.75 534.23 11.91 532.91 ship 0 0.920978 votes=3
132.35 348.23 153.59 352.20 152.03 360.52 130.79 356.56 ship 0 0.915536 votes=3
466.53 344.00 497.13 345.33 496.66 356.14 466.06 354.82 ship 0 0.910714 votes=3
24.47 408.69 49.52 411.95 48.35 420.90 23.30 417.64 ship 0 0.906808 votes=3
183.14 124.73 202.74 125.61 202.35 134.18 182.76 133.30 ship 0 0.887586 votes=3
386.39 550.60 415.99 549.96 416.32 565.69 386.73 566.32 ship 0 0.881412 votes=3
57.23 406.14 82.50 406.45 82.38 416.48 57.11 416.17 ship 0 0.859380 votes=3
22.43 438.50 44.65 439.86 44.14 448.15 21.93 446.79 ship 0 0.849081 votes=3
242.00 381.56 264.86 382.84 264.33 392.15 241.47 390.87 ship 0 0.839725 votes=3
621.73 383.62 644.96 383.15 645.15 392.29 621.92 392.77 ship 0 0.801369 votes=3
156.20 437.65 181.42 440.46 180.40 449.64 155.17 446.82 ship 0 0.726090 votes=2
