442.28 471.29 543.70 519.61 536.84 534.01 435.42 485.68 ship 0 0.997291 votes=3
59.18 333.82 172.49 423.20 129.13 478.18 15.82 388.80 trainstation 0 0.987599 votes=3
635.44 18.15 659.36 38.73 649.36 50.36 625.43 29.79 bridge 0 0.978439 votes=3
318.72 129.17 335.40 134.28 332.40 144.09 315.72 138.98 bridge 0 0.969000 votes=3
141.43 543.56 161.88 518.07 170.21 524.75 149.75 550.24 bridge 0 0.967626 votes=3
507.25 132.72 515.60 149.05 507.78 153.05 499.43 136.72 bridge 0 0.956498 votes=3
33.45 493.50 43.82 508.86 34.17 515.38 23.80 500.02 bridge 0 0.943776 votes=3
235.64 697.52 252.99 684.15 258.16 690.85 240.81 704.23 harbor 0 0.941574 votes=3
308.58 691.12 344.80 726.19 337.55 733.67 301.33 698.60 harbor 0 0.926974 votes=3
608.28 686.95 617.11 662.86 623.50 665.20 614.68 689.29 bridge 0 0.919253 votes=3
347.08 516.77 366.67 524.43 362.53 534.99 342.95 527.33 bridge 0 0.900738 votes=3
241.38 712.62 251.82 727.53 242.05 734.37 231.62 719.45 bridge 0 0.891022 votes=3
130.96 520.39 140.76 542.43 131.23 546.66 121.43 524.62 bridge 0 0.890070 votes=3
35.01 468.52 51.90 456.51 58.71 466.08 41.81 478.09 bridge 0 0.884637 votes=3
9.40 420.68 22.08 407.43 29.69 414.71 17.01 427.96 bridge 0 0.877412 votes=3
650.60 591.75 687.47 513.91 696.33 518.10 659.45 595.95 bridge 0 0.858794 votes=3
115.11 507.18 123.99 495.32 133.51 502.46 124.63 514.31 bridge 0 0.820230 votes=3
297.29 699.77 335.57 736.61 329.85 742.56 291.56 705.72 harbor 0 0.816678 votes=2
256.40 443.71 292.26 462.13 288.21 470.01 252.35 451.59 ship 0 0.799104 votes=3
316.08 684.12 349.04 712.56 345.22 716.99 312.26 688.55 harbor 0 0.789146 votes=3
342.69 549.50 366.67 550.51 366.07 564.71 342.10 563.70 bridge 0 0.759651 votes=3
664.46 36.31 696.74 60.71 685.40 75.72 653.12 51.31 bridge 0 0.725058 votes=3
180.81 625.55 197.13 605.72 201.34 609.19 185.02 629.02 harbor 0 0.720007 votes=3
190.77 643.12 208.21 625.95 214.23 632.07 196.79 649.24 harbor 0 0.698310 votes=3
210.05 657.48 231.64 647.59 236.23 657.60 214.63 667.49 harbor 0 0.697808 votes=2
290.31 708.66 328.24 743.44 320.05 752.38 282.11 717.60 harbor 0 0.686746 votes=3
224.86 672.89 245.96 656.92 251.86 664.72 230.76 680.69 harbor 0 0.673296 votes=3
411.95 483.71 530.72 534.07 518.26 563.46 399.49 513.11 ship 0 0.667091 votes=3
