323.30 703.48 440.82 623.01 466.27 660.18 348.75 740.65 ship 0 0.999409 votes=3
441.66 566.46 538.19 503.12 558.65 534.31 462.12 597.64 ship 0 0.999387 votes=3
288.84 594.11 381.40 537.47 400.39 568.50 307.83 625.14 ship 0 0.999335 votes=3
319.97 644.74 408.80 580.51 432.59 613.41 343.76 677.64 ship 0 0.999333 votes=3
386.46 477.20 472.25 423.27 490.95 453.02 405.16 506.95 ship 0 0.999241 votes=3
362.87 441.32 433.50 394.68 446.83 414.86 376.20 461.50 ship 0 0.999156 votes=3
471.53 607.18 579.75 539.43 601.37 573.96 493.15 641.71 ship 0 0.999141 votes=3
415.23 511.30 509.73 456.46 528.57 488.94 434.08 543.77 ship 0 0.999112 votes=3
280.10 548.98 363.26 497.69 377.18 520.25 294.01 571.54 ship 0 0.997901 votes=3
204.93 -33.47 588.99 572.94 368.74 712.43 -15.33 106.03 harbor 0 0.954592 votes=3
