561.35 390.66 563.58 300.33 589.72 300.98 587.49 391.30 ship 0 0.999649 votes=3
692.23 355.32 710.15 287.87 736.88 294.97 718.96 362.42 ship 0 0.999615 votes=3
327.51 406.95 328.99 320.39 355.15 320.83 353.68 407.40 ship 0 0.999555 votes=3
488.36 367.02 489.66 290.30 512.16 290.68 510.86 367.40 ship 0 0.999489 votes=3
656.01 350.93 670.42 272.05 696.96 276.90 682.55 355.77 ship 0 0.999469 votes=3
173.31 269.83 198.62 345.10 176.69 352.47 151.38 277.20 ship 0 0.999309 votes=3
238.90 364.47 244.08 438.10 220.05 439.79 214.86 366.16 ship 0 0.999163 votes=3
69.37 350.45 92.70 422.99 69.61 430.42 46.28 357.87 ship 0 0.999144 votes=3
89.42 283.73 114.93 359.77 88.63 368.59 63.13 292.55 ship 0 0.999132 votes=3
160.88 345.25 178.35 450.03 147.42 455.19 129.95 350.41 ship 0 0.998911 votes=3
33.85 255.06 64.43 345.50 39.10 354.07 8.51 263.63 ship 0 0.998875 votes=3
392.50 360.16 392.61 443.31 367.84 443.34 367.73 360.19 ship 0 0.998694 votes=3
194.64 377.92 211.92 420.62 192.42 428.51 175.14 385.82 ship 0 0.994815 votes=3
228.51 300.57 232.61 334.53 218.19 336.27 214.09 302.31 ship 0 0.986754 votes=3
272.54 424.86 275.78 346.32 314.34 347.91 311.10 426.45 ship 0 0.974312 votes=3
372.94 425.21 374.44 255.60 452.97 256.30 451.46 425.91 harbor 0 0.969773 votes=3
515.01 390.40 515.28 196.03 552.45 196.08 552.18 390.46 harbor 0 0.955637 votes=3
104.56 242.82 111.16 278.98 94.45 282.03 87.85 245.87 ship 0 0.946281 votes=3
522.19 355.05 522.37 321.06 534.12 321.12 533.94 355.11 ship 0 0.922989 votes=3
1.76 596.12 23.99 635.58 7.68 644.76 -14.55 605.30 ship 0 0.913162 votes=3
681.35 353.93 732.24 127.13 755.89 132.43 704.99 359.23 harbor 0 0.908102 votes=3
270.42 430.19 272.04 306.02 314.96 306.58 313.34 430.75 harbor 0 0.795801 votes=2
140.00 212.32 196.72 456.32 179.00 460.44 122.28 216.44 harbor 0 0.723467 votes=2
427.54 410.61 453.34 411.23 453.00 425.41 427.20 424.79 ship 0 0.679278 votes=2
