241.31 583.83 453.57 599.56 439.27 792.63 227.00 776.90 storagetank 0 0.998618 votes=3
198.95 350.32 409.01 337.67 420.44 527.53 210.39 540.18 storagetank 0 0.997190 votes=3
86.37 432.33 106.17 431.56 106.72 445.76 86.92 446.53 storagetank 0 0.958770 votes=3
93.42 736.97 127.99 741.70 125.95 756.67 91.38 751.95 storagetank 0 0.938435 votes=3
108.72 422.29 142.72 420.74 143.19 431.14 109.20 432.68 storagetank 0 0.923742 votes=3
113.80 402.81 135.37 401.96 135.85 414.33 114.29 415.17 storagetank 0 0.911482 votes=3
22.37 497.68 45.22 495.88 46.39 510.66 23.54 512.46 storagetank 0 0.884704 votes=3
642.90 561.86 659.34 568.91 656.65 575.17 640.22 568.12 vehicle 0 0.864036 votes=3
611.61 563.88 626.34 569.77 623.60 576.61 608.87 570.72 vehicle 0 0.861619 votes=3
86.14 402.94 104.85 402.48 105.16 414.97 86.45 415.42 storagetank 0 0.848460 votes=3
