406.44 387.14 414.10 460.14 385.03 463.19 377.37 390.19 vehicle 0 0.999784 votes=3
600.60 443.54 667.64 443.08 667.81 467.90 600.77 468.36 vehicle 0 0.999748 votes=3
107.29 518.66 179.01 517.69 179.38 544.80 107.66 545.77 vehicle 0 0.999695 votes=3
388.42 286.10 389.79 142.38 426.03 142.72 424.66 286.44 vehicle 0 0.999687 votes=3
109.26 447.77 167.27 446.24 167.87 469.06 109.86 470.59 vehicle 0 0.999654 votes=3
592.84 354.79 665.01 350.96 666.55 379.99 594.38 383.81 vehicle 0 0.999638 votes=3
613.40 125.79 706.06 125.86 706.04 162.16 613.37 162.10 vehicle 0 0.999626 votes=3
114.64 377.23 174.72 378.18 174.30 404.78 114.22 403.83 vehicle 0 0.999432 votes=3
595.63 399.71 668.17 399.45 668.27 426.96 595.73 427.23 vehicle 0 0.999413 votes=3
474.92 447.78 475.39 309.84 513.66 309.97 513.19 447.91 vehicle 0 0.999007 votes=3
605.39 76.82 682.74 74.80 683.67 110.36 606.32 112.38 vehicle 0 0.998434 votes=3
