758.05 628.24 781.41 628.63 781.24 638.94 757.88 638.56 vehicle 0 0.999373 votes=3
223.89 63.63 224.65 39.34 234.26 39.65 233.50 63.93 vehicle 0 0.998655 votes=3
544.38 68.89 552.32 47.31 562.45 51.04 554.50 72.61 vehicle 0 0.998524 votes=3
433.30 265.47 463.35 265.69 463.28 276.45 433.22 276.23 vehicle 0 0.997888 votes=3
752.12 653.57 777.64 654.69 777.22 664.40 751.69 663.28 vehicle 0 0.997517 votes=3
237.71 63.40 237.89 38.78 247.60 38.85 247.42 63.47 vehicle 0 0.997321 votes=3
292.16 400.10 333.41 401.16 333.10 413.38 291.84 412.32 vehicle 0 0.996967 votes=3
44.09 409.63 70.28 411.83 69.58 420.15 43.39 417.95 vehicle 0 0.992720 votes=3
48.80 -0.24 73.58 0.54 73.29 9.98 48.51 9.20 vehicle 0 0.988374 votes=3
180.74 256.89 205.43 256.83 205.45 266.18 180.76 266.23 vehicle 0 0.984348 votes=3
444.34 340.43 671.22 346.75 668.37 449.03 441.49 442.71 bridge 0 0.978550 votes=3
88.24 526.61 88.43 546.70 79.12 546.79 78.93 526.70 vehicle 0 0.975181 votes=3
436.99 116.95 463.61 117.65 463.35 127.86 436.72 127.16 vehicle 0 0.970806 votes=3
378.71 143.46 400.34 146.64 398.98 155.85 377.36 152.67 vehicle 0 0.967024 votes=3
94.31 548.71 94.66 526.99 103.78 527.13 103.43 548.86 vehicle 0 0.962123 votes=3
675.06 759.22 703.27 760.47 702.77 771.69 674.56 770.44 vehicle 0 0.961787 votes=3
129.76 475.09 129.77 452.56 139.55 452.57 139.54 475.09 vehicle 0 0.961484 votes=3
657.11 677.26 679.80 677.34 679.77 686.34 657.08 686.26 vehicle 0 0.956210 votes=3
716.69 640.54 744.23 641.44 743.93 650.75 716.38 649.86 vehicle 0 0.954076 votes=3
66.41 546.55 66.60 527.01 74.55 527.08 74.37 546.63 vehicle 0 0.952413 votes=3
678.59 775.47 701.89 775.47 701.89 784.83 678.59 784.83 vehicle 0 0.944716 votes=3
482.46 307.45 679.16 317.09 678.55 329.54 481.85 319.90 bridge 0 0.922660 votes=3
415.23 456.96 622.60 463.08 622.17 477.53 414.80 471.41 bridge 0 0.919718 votes=3
185.88 110.13 207.96 111.14 207.59 119.16 185.51 118.15 vehicle 0 0.908004 votes=3
676.36 789.96 698.07 789.74 698.16 798.38 676.45 798.60 vehicle 0 0.899538 votes=3
631.64 666.08 631.90 685.09 622.80 685.22 622.54 666.21 vehicle 0 0.870477 votes=3
776.84 776.82 797.12 776.68 797.19 786.65 776.91 786.79 vehicle 0 0.847297 votes=3
747.90 668.09 774.66 669.64 774.12 678.97 747.36 677.43 vehicle 0 0.835843 votes=3
197.72 451.95 197.97 474.73 189.17 474.82 188.92 452.05 vehicle 0 0.777854 votes=3
