271.77 363.16 289.52 430.28 270.99 435.18 253.24 368.06 ship 0 0.998574 votes=3
51.05 59.70 97.82 66.30 95.94 79.67 49.17 73.07 ship 0 0.998523 votes=3
339.00 381.50 347.47 419.83 335.42 422.49 326.96 384.16 ship 0 0.998394 votes=3
230.57 265.29 250.49 308.89 237.70 314.73 217.77 271.14 ship 0 0.998380 votes=3
277.01 503.04 364.30 481.06 369.37 501.19 282.08 523.17 ship 0 0.998243 votes=3
45.59 75.42 88.51 82.57 86.44 94.98 43.52 87.83 ship 0 0.998159 votes=3
182.01 606.16 185.10 657.21 170.00 658.12 166.91 607.07 ship 0 0.998156 votes=3
216.73 591.87 216.79 543.32 229.83 543.34 229.77 591.88 ship 0 0.997595 votes=3
129.71 110.43 160.83 149.66 150.55 157.81 119.44 118.57 ship 0 0.997277 votes=3
206.13 542.12 210.27 591.20 196.26 592.38 192.12 543.30 ship 0 0.997023 votes=3
56.76 264.55 74.18 315.67 60.21 320.43 42.79 269.31 ship 0 0.996905 votes=3
31.60 191.77 72.83 198.60 70.84 210.61 29.62 203.77 ship 0 0.996879 votes=3
153.69 254.99 179.14 322.03 164.25 327.69 138.79 260.65 ship 0 0.996797 votes=3
287.25 239.84 305.88 279.46 294.70 284.72 276.07 245.10 ship 0 0.996552 votes=3
142.70 447.76 148.46 486.83 137.55 488.44 131.79 449.37 ship 0 0.996482 votes=3
159.52 548.65 164.83 595.98 151.03 597.53 145.72 550.20 ship 0 0.996110 votes=3
121.78 399.35 126.70 437.88 113.86 439.52 108.95 400.99 ship 0 0.996077 votes=3
370.20 375.11 385.14 436.54 371.49 439.85 356.55 378.43 ship 0 0.995961 votes=3
172.65 444.32 174.93 474.86 164.31 475.65 162.04 445.11 ship 0 0.995942 votes=3
324.27 384.24 333.17 420.17 321.84 422.98 312.94 387.05 ship 0 0.995896 votes=3
113.05 258.24 128.29 295.35 117.45 299.80 102.21 262.69 ship 0 0.995842 votes=3
36.76 162.30 70.49 168.00 68.58 179.33 34.85 173.62 ship 0 0.995757 votes=3
297.75 392.39 306.24 425.04 294.75 428.03 286.26 395.37 ship 0 0.995672 votes=3
299.07 232.92 313.14 263.20 303.90 267.49 289.83 237.21 ship 0 0.995633 votes=3
137.25 616.38 139.82 672.24 124.39 672.95 121.83 617.09 ship 0 0.995386 votes=3
325.58 331.59 332.92 369.58 321.47 371.79 314.13 333.81 ship 0 0.995353 votes=3
281.69 164.44 307.42 215.12 294.90 221.47 269.18 170.79 ship 0 0.995110 votes=3
97.62 258.62 113.46 299.93 101.93 304.35 86.09 263.04 ship 0 0.995058 votes=3
149.75 608.96 153.74 658.89 139.88 660.00 135.89 610.07 ship 0 0.994999 votes=3
48.34 92.71 87.27 99.16 85.17 111.87 46.23 105.41 ship 0 0.994820 votes=3
186.79 84.38 205.87 111.62 196.84 117.94 177.77 90.69 ship 0 0.994767 votes=3
212.37 601.70 216.74 652.40 203.35 653.56 198.98 602.85 ship 0 0.994745 votes=3
216.12 117.37 234.68 150.48 224.34 156.28 205.78 123.17 ship 0 0.994490 votes=3
205.09 129.96 219.41 154.71 211.04 159.55 196.73 134.80 ship 0 0.994209 votes=3
179.17 561.27 179.28 595.93 166.16 595.97 166.05 561.31 ship 0 0.994074 votes=3
182.95 146.12 202.30 174.54 192.56 181.17 173.22 152.75 ship 0 0.994047 votes=3
38.42 133.84 77.75 140.05 75.89 151.81 36.56 145.59 ship 0 0.993761 votes=3
195.61 53.41 231.80 91.39 222.48 100.28 186.29 62.29 ship 0 0.993720 votes=3
147.93 103.98 173.13 136.57 165.12 142.77 139.92 110.18 ship 0 0.993441 votes=3
300.54 349.14 305.81 377.00 295.81 378.89 290.54 351.03 ship 0 0.993385 votes=3
227.25 214.57 242.40 246.72 232.04 251.60 216.89 219.46 ship 0 0.993382 votes=3
134.65 309.25 142.90 343.13 132.19 345.74 123.94 311.86 ship 0 0.993250 votes=3
158.22 446.58 159.88 475.16 149.53 475.76 147.87 447.18 ship 0 0.993091 votes=3
106.91 317.85 119.11 352.94 107.70 356.91 95.51 321.82 ship 0 0.992626 votes=3
283.69 345.70 294.18 381.49 283.71 384.55 273.23 348.76 ship 0 0.992197 votes=3
273.62 245.41 290.86 280.14 280.10 285.48 262.86 250.75 ship 0 0.991841 votes=3
248.60 257.59 266.29 293.67 256.08 298.68 238.39 262.59 ship 0 0.991190 votes=3
52.66 42.04 101.65 50.19 99.06 65.74 50.08 57.59 ship 0 0.991123 votes=3
197.97 604.85 201.96 649.02 189.22 650.17 185.24 606.00 ship 0 0.990534 votes=3
144.84 553.83 146.24 597.11 132.56 597.55 131.16 554.27 ship 0 0.990510 votes=3
150.46 409.59 153.19 435.57 143.45 436.59 140.72 410.61 ship 0 0.990495 votes=3
113.44 455.68 123.15 504.48 110.35 507.03 100.64 458.23 ship 0 0.989891 votes=3
30.42 216.20 38.16 238.97 29.61 241.88 21.86 219.12 ship 0 0.988975 votes=3
129.28 553.73 130.86 595.94 118.85 596.39 117.26 554.18 ship 0 0.988045 votes=3
253.00 200.96 267.87 233.15 256.27 238.51 241.40 206.32 ship 0 0.987974 votes=3
118.49 311.54 127.90 340.76 118.16 343.90 108.75 314.67 ship 0 0.987944 votes=3
199.29 78.66 217.52 102.04 209.47 108.32 191.24 84.94 ship 0 0.987444 votes=3
238.63 102.69 257.86 132.19 248.79 138.10 229.57 108.60 ship 0 0.987435 votes=3
349.57 307.05 367.48 362.26 352.42 367.15 334.51 311.94 ship 0 0.987188 votes=3
208.87 224.60 225.92 259.57 214.69 265.05 197.63 230.08 ship 0 0.985563 votes=3
128.84 253.84 138.80 290.90 126.74 294.14 116.78 257.08 ship 0 0.984687 votes=3
178.67 389.06 183.95 431.67 170.85 433.29 165.58 390.68 ship 0 0.980453 votes=3
271.88 205.65 280.73 228.43 272.30 231.71 263.45 208.93 ship 0 0.980130 votes=3
146.13 301.25 158.95 340.05 146.85 344.05 134.02 305.25 ship 0 0.979680 votes=3
165.11 408.76 167.08 432.88 157.61 433.65 155.65 409.53 ship 0 0.979178 votes=3
341.91 339.51 348.37 367.05 337.31 369.64 330.85 342.10 ship 0 0.978482 votes=3
237.34 206.43 255.25 241.66 244.95 246.89 227.04 211.66 ship 0 0.978384 votes=3
297.81 523.03 338.98 512.03 342.25 524.27 301.08 535.27 ship 0 0.977933 votes=3
117.91 550.46 221.45 552.12 219.87 651.05 116.33 649.39 harbor 0 0.977915 votes=3
77.06 284.78 86.30 310.62 76.46 314.14 67.22 288.30 ship 0 0.974551 votes=3
128.61 450.91 131.69 479.03 120.83 480.22 117.74 452.11 ship 0 0.974510 votes=3
315.01 225.63 333.07 269.63 321.29 274.47 303.23 230.47 ship 0 0.971077 votes=3
186.08 442.94 186.27 474.05 176.80 474.11 176.62 442.99 ship 0 0.964845 votes=3
259.62 251.62 279.15 293.08 270.19 297.29 250.67 255.84 ship 0 0.963835 votes=3
261.59 357.12 359.88 333.94 377.90 410.39 279.61 433.57 harbor 0 0.962951 votes=3
35.80 148.26 66.74 152.09 65.42 162.77 34.48 158.94 ship 0 0.961523 votes=3
96.60 408.05 188.44 401.60 193.60 475.08 101.75 481.53 harbor 0 0.960201 votes=3
277.55 604.53 277.62 538.43 291.87 538.45 291.80 604.54 ship 0 0.958741 votes=3
42.35 275.85 142.67 249.26 165.52 335.47 65.20 362.06 harbor 0 0.956936 votes=3
137.61 126.15 215.86 63.82 259.71 118.86 181.46 181.19 harbor 0 0.954340 votes=3
136.89 415.24 138.54 437.68 130.67 438.26 129.03 415.82 ship 0 0.953377 votes=3
128.77 723.75 129.00 703.05 137.21 703.14 136.98 723.84 ship 0 0.938940 votes=3
31.40 177.08 59.32 179.30 58.48 189.76 30.57 187.54 ship 0 0.938134 votes=3
273.64 652.08 273.82 607.40 288.43 607.46 288.25 652.14 ship 0 0.932180 votes=3
44.50 108.32 73.65 112.65 72.18 122.59 43.02 118.26 ship 0 0.921040 votes=3
341.70 473.45 360.49 466.63 363.57 475.11 344.78 481.94 ship 0 0.914490 votes=2
39.81 121.62 66.52 124.49 65.48 134.14 38.77 131.27 ship 0 0.911577 votes=3
162.66 153.76 183.56 187.58 165.44 198.78 144.54 164.97 ship 0 0.900909 votes=3
203.41 238.49 305.95 194.21 334.55 260.44 232.02 304.72 harbor 0 0.896443 votes=3
191.96 137.86 206.11 155.96 199.65 161.01 185.50 142.92 ship 0 0.874579 votes=3
385.82 446.10 388.81 465.29 382.12 466.33 379.13 447.14 ship 0 0.847167 votes=3
19.99 203.52 39.62 45.44 88.48 51.50 68.84 209.59 harbor 0 0.696601 votes=2
88.35 281.75 96.13 299.34 88.16 302.87 80.38 285.27 ship 0 0.658153 votes=3
