488.48 445.79 507.82 309.59 571.93 318.70 552.59 454.90 tenniscourt 0 0.999194 votes=3
135.81 379.72 154.33 242.27 218.61 250.93 200.09 388.38 tenniscourt 0 0.999038 votes=3
217.63 390.46 236.63 253.56 301.75 262.60 282.74 399.50 tenniscourt 0 0.998976 votes=3
406.72 434.39 425.95 297.73 489.42 306.66 470.19 443.32 tenniscourt 0 0.998971 votes=3
285.62 781.63 288.95 758.42 299.89 759.99 296.55 783.20 vehicle 0 0.998940 votes=3
571.03 456.69 590.68 320.41 655.41 329.74 635.76 466.02 tenniscourt 0 0.998903 votes=3
323.35 423.34 341.98 286.42 407.38 295.32 388.75 432.24 tenniscourt 0 0.998793 votes=3
723.55 562.89 748.52 563.60 748.24 573.41 723.27 572.69 vehicle 0 0.998064 votes=3
275.66 502.20 307.57 507.19 305.52 520.34 273.60 515.35 vehicle 0 0.992681 votes=3
1.61 605.71 32.85 610.52 30.97 622.77 -0.27 617.96 vehicle 0 0.982476 votes=3
