229.77 545.82 229.92 517.27 240.32 517.33 240.16 545.88 ship 0 0.997667 votes=3
341.98 583.91 344.98 552.79 355.33 553.78 352.33 584.91 ship 0 0.997551 votes=3
129.05 633.57 159.38 633.66 159.35 643.80 129.02 643.70 ship 0 0.997415 votes=3
271.50 583.12 271.55 554.39 281.73 554.41 281.68 583.14 ship 0 0.996978 votes=3
296.42 554.54 296.88 583.15 286.56 583.31 286.10 554.70 ship 0 0.996830 votes=3
217.15 251.90 217.24 278.84 206.71 278.88 206.61 251.94 ship 0 0.995908 votes=3
119.07 243.56 119.31 212.64 129.83 212.72 129.60 243.65 ship 0 0.995265 votes=3
311.12 582.82 311.28 552.88 323.66 552.95 323.50 582.89 ship 0 0.994249 votes=3
368.47 359.39 394.31 360.55 393.87 370.35 368.03 369.19 ship 0 0.994200 votes=3
238.18 555.26 238.25 580.36 229.09 580.39 229.01 555.29 ship 0 0.992694 votes=3
254.52 517.22 254.71 545.33 244.22 545.40 244.03 517.29 ship 0 0.992362 votes=3
116.25 332.85 117.11 304.41 127.15 304.72 126.29 333.15 ship 0 0.991021 votes=3
275.73 85.99 275.88 108.91 266.88 108.97 266.73 86.05 ship 0 0.990969 votes=3
214.66 583.83 214.77 555.03 225.55 555.07 225.44 583.87 ship 0 0.990932 votes=3
255.32 551.82 255.54 579.58 245.73 579.66 245.50 551.90 ship 0 0.989457 votes=3
362.58 524.82 387.83 525.36 387.64 533.99 362.40 533.46 ship 0 0.988044 votes=3
190.10 277.87 190.15 252.54 201.16 252.57 201.10 277.90 ship 0 0.987722 votes=3
271.01 548.13 271.19 516.24 284.63 516.32 284.45 548.21 ship 0 0.987028 votes=3
330.29 165.77 330.81 142.54 340.31 142.75 339.79 165.98 ship 0 0.985851 votes=3
117.40 276.26 117.53 248.41 127.54 248.46 127.41 276.31 ship 0 0.985511 votes=3
261.57 251.61 262.02 276.35 252.70 276.52 252.25 251.78 ship 0 0.981118 votes=3
259.46 427.57 259.49 408.31 266.58 408.32 266.56 427.59 ship 0 0.980863 votes=3
143.35 244.53 143.73 223.86 152.92 224.02 152.54 244.69 ship 0 0.979697 votes=3
373.67 89.45 373.93 113.68 366.30 113.77 366.04 89.53 ship 0 0.979429 votes=3
313.10 544.55 313.55 516.86 323.23 517.02 322.78 544.71 ship 0 0.978836 votes=3
160.90 423.63 160.94 398.11 170.58 398.12 170.55 423.65 ship 0 0.975246 votes=3
190.84 424.46 190.99 400.82 201.76 400.89 201.60 424.53 ship 0 0.974377 votes=3
370.85 427.05 392.87 427.29 392.77 436.94 370.75 436.70 ship 0 0.973858 votes=3
201.19 580.05 201.31 553.12 210.55 553.17 210.42 580.09 ship 0 0.972727 votes=3
148.86 549.09 149.20 574.70 139.56 574.83 139.21 549.22 ship 0 0.972696 votes=3
156.39 313.53 156.87 333.23 149.46 333.41 148.98 313.71 ship 0 0.970069 votes=3
211.92 518.30 212.35 546.16 202.12 546.32 201.69 518.46 ship 0 0.969744 votes=3
332.71 239.35 333.68 280.32 322.50 280.59 321.52 239.62 ship 0 0.961937 votes=3
278.81 249.53 278.82 228.03 288.96 228.03 288.96 249.53 ship 0 0.961915 votes=3
129.88 397.98 129.98 421.73 120.87 421.77 120.78 398.02 ship 0 0.960855 votes=3
110.63 514.36 329.28 516.08 328.76 582.98 110.11 581.27 harbor 0 0.960653 votes=3
149.04 86.75 149.41 108.52 141.74 108.64 141.37 86.88 ship 0 0.960244 votes=3
125.10 402.88 318.45 409.11 316.94 455.89 123.59 449.66 harbor 0 0.949696 votes=3
368.37 555.98 389.36 555.97 389.37 564.45 368.38 564.46 ship 0 0.945580 votes=3
297.89 548.98 298.00 516.53 310.35 516.57 310.25 549.02 ship 0 0.943579 votes=3
266.96 517.58 267.12 543.97 258.79 544.02 258.62 517.63 ship 0 0.940514 votes=3
178.36 428.59 178.53 449.04 170.60 449.10 170.42 428.65 ship 0 0.937789 votes=3
199.32 86.25 199.40 104.85 190.90 104.89 190.82 86.29 ship 0 0.937430 votes=3
157.70 398.91 158.04 423.69 150.30 423.79 149.95 399.01 ship 0 0.935708 votes=3
363.25 514.01 388.01 513.61 388.15 521.92 363.38 522.33 ship 0 0.934639 votes=3
180.70 312.99 180.75 331.92 173.68 331.94 173.63 313.01 ship 0 0.934411 votes=3
379.66 242.78 399.87 243.40 399.59 252.46 379.39 251.84 ship 0 0.932876 votes=3
378.62 216.85 400.72 217.79 400.38 225.85 378.28 224.91 ship 0 0.932854 votes=3
171.28 163.60 171.34 143.44 180.74 143.47 180.68 163.63 ship 0 0.926911 votes=3
190.63 427.46 190.79 450.15 181.31 450.22 181.16 427.53 ship 0 0.926579 votes=3
185.51 669.34 187.38 652.18 194.26 652.93 192.39 670.09 ship 0 0.925463 votes=3
167.91 518.73 168.86 544.80 159.17 545.15 158.22 519.08 ship 0 0.923231 votes=3
218.84 671.51 220.04 653.13 228.72 653.69 227.52 672.07 ship 0 0.917217 votes=3
220.12 246.93 220.31 223.92 229.86 224.00 229.67 247.00 ship 0 0.914874 votes=3
167.67 551.83 167.81 578.06 159.68 578.10 159.54 551.88 ship 0 0.906726 votes=3
112.28 141.48 356.46 146.61 355.49 192.72 111.31 187.60 harbor 0 0.906536 votes=3
324.13 148.91 324.40 167.99 315.82 168.11 315.56 149.03 ship 0 0.905234 votes=3
351.10 88.90 351.23 111.50 341.17 111.56 341.04 88.96 ship 0 0.904561 votes=3
257.08 315.32 257.24 336.00 249.63 336.06 249.47 315.38 ship 0 0.899648 votes=3
99.02 313.05 323.38 317.44 322.51 361.68 98.16 357.29 harbor 0 0.892282 votes=3
113.45 222.35 334.67 223.90 334.31 275.10 113.10 273.56 harbor 0 0.889909 votes=3
277.93 228.85 278.19 247.74 269.60 247.86 269.34 228.97 ship 0 0.882803 votes=3
140.07 314.83 140.27 332.33 131.88 332.42 131.68 314.93 ship 0 0.876532 votes=3
257.04 141.17 257.65 163.51 247.82 163.78 247.20 141.44 ship 0 0.860249 votes=2
198.79 551.00 199.20 578.89 190.52 579.02 190.12 551.13 ship 0 0.859439 votes=3
381.36 226.50 400.28 226.84 400.13 235.25 381.22 234.91 ship 0 0.858017 votes=3
136.73 360.21 137.16 338.16 147.03 338.35 146.59 360.41 ship 0 0.857288 votes=3
201.71 670.03 204.66 652.40 214.46 654.03 211.51 671.67 ship 0 0.848195 votes=3
342.29 192.20 342.51 171.37 349.95 171.45 349.73 192.28 ship 0 0.846911 votes=3
250.08 407.11 250.12 428.06 242.32 428.08 242.27 407.13 ship 0 0.845755 votes=2
368.71 586.65 388.12 586.69 388.11 594.20 368.69 594.16 ship 0 0.842554 votes=3
180.32 422.88 180.32 397.20 188.95 397.20 188.95 422.88 ship 0 0.837850 votes=3
223.51 451.90 224.67 431.57 233.36 432.06 232.20 452.39 ship 0 0.837822 votes=3
294.13 646.03 312.49 645.88 312.55 652.89 294.19 653.05 ship 0 0.836926 votes=3
374.14 416.06 392.86 416.45 392.69 424.60 373.97 424.21 ship 0 0.833742 votes=3
384.99 181.70 400.31 181.74 400.28 190.18 384.96 190.14 ship 0 0.833616 votes=2
179.38 517.45 179.38 546.18 170.03 546.18 170.02 517.46 ship 0 0.833531 votes=3
214.06 426.89 214.43 449.91 205.39 450.05 205.02 427.04 ship 0 0.831126 votes=2
376.30 312.89 396.55 315.45 395.68 322.36 375.42 319.80 ship 0 0.829964 votes=3
225.66 317.42 225.76 335.39 210.85 335.47 210.75 317.50 ship 0 0.822352 votes=3
188.47 551.47 189.23 577.34 179.52 577.63 178.75 551.76 ship 0 0.813058 votes=3
294.67 316.31 295.14 337.87 285.74 338.08 285.28 316.51 ship 0 0.810963 votes=3
235.76 246.40 235.96 228.67 244.86 228.77 244.65 246.50 ship 0 0.809095 votes=3
141.37 166.36 141.66 184.70 131.64 184.86 131.35 166.51 ship 0 0.807107 votes=3
158.72 356.59 158.88 338.00 171.93 338.12 171.77 356.70 ship 0 0.805057 votes=3
232.51 361.33 233.17 338.71 243.87 339.02 243.21 361.64 ship 0 0.802009 votes=3
367.59 607.04 389.08 607.48 388.92 615.30 367.43 614.86 ship 0 0.791740 votes=2
376.13 294.92 397.38 296.01 396.99 303.69 375.74 302.60 ship 0 0.790923 votes=3
118.07 551.58 119.11 576.17 110.44 576.53 109.41 551.94 ship 0 0.789369 votes=3
214.80 82.52 215.40 105.57 207.03 105.79 206.43 82.74 ship 0 0.785324 votes=3
149.34 162.02 149.54 144.33 166.67 144.52 166.47 162.21 ship 0 0.784763 votes=3
367.70 626.77 379.65 59.95 422.78 60.86 410.83 627.68 harbor 0 0.758663 votes=3
114.06 641.15 322.43 649.20 321.32 678.17 112.94 670.12 harbor 0 0.756140 votes=3
118.13 578.47 118.42 547.39 129.71 547.50 129.42 578.57 ship 0 0.755496 votes=3
368.30 616.62 392.47 618.83 391.67 627.50 367.51 625.28 ship 0 0.753351 votes=3
172.45 166.71 172.85 185.88 164.09 186.06 163.69 166.90 ship 0 0.746823 votes=3
331.35 192.34 331.48 170.31 339.43 170.36 339.30 192.39 ship 0 0.738080 votes=2
365.29 595.73 388.53 596.95 388.07 605.60 364.83 604.38 ship 0 0.737826 votes=3
177.67 551.20 178.34 575.36 170.85 575.57 170.18 551.41 ship 0 0.734257 votes=3
108.42 326.50 108.52 342.10 96.93 342.17 96.84 326.57 ship 0 0.726051 votes=2
368.97 546.34 389.15 545.94 389.29 552.99 369.11 553.39 ship 0 0.707571 votes=3
376.63 388.84 395.33 390.72 394.50 398.92 375.81 397.04 ship 0 0.705240 votes=3
310.14 435.19 310.18 455.64 300.34 455.66 300.31 435.20 ship 0 0.695108 votes=3
210.86 247.29 211.14 224.91 221.26 225.03 220.98 247.42 ship 0 0.664835 votes=2
200.56 517.97 201.40 547.98 191.75 548.25 190.91 518.24 ship 0 0.641209 votes=3
275.38 251.90 276.31 275.11 266.45 275.50 265.53 252.29 ship 0 0.621200 votes=2
