478.72 227.96 520.56 227.72 520.64 242.00 478.81 242.24 ship 0 0.999532 votes=3
470.70 128.28 527.55 123.65 529.12 142.89 472.27 147.52 ship 0 0.999516 votes=3
475.42 248.61 524.93 247.61 525.23 262.36 475.72 263.36 ship 0 0.999438 votes=3
478.98 471.89 528.72 472.14 528.63 489.70 478.89 489.45 ship 0 0.999383 votes=3
473.83 447.06 530.24 447.51 530.09 465.81 473.68 465.35 ship 0 0.999339 votes=3
694.15 658.01 738.67 656.45 739.25 672.79 694.72 674.36 ship 0 0.999311 votes=3
465.91 422.61 527.67 419.23 528.77 439.39 467.01 442.78 ship 0 0.999149 votes=3
457.83 535.81 503.02 535.73 503.04 552.22 457.86 552.29 ship 0 0.999007 votes=3
485.32 178.54 523.81 178.43 523.85 191.82 485.36 191.93 ship 0 0.998961 votes=3
470.95 373.82 527.94 373.57 528.02 391.49 471.03 391.74 ship 0 0.998927 votes=3
474.26 151.81 524.30 149.81 524.96 166.44 474.93 168.45 ship 0 0.998914 votes=3
677.83 639.87 735.25 638.82 735.56 655.69 678.14 656.75 ship 0 0.998870 votes=3
465.39 520.26 498.16 519.59 498.40 531.57 465.64 532.24 ship 0 0.998803 votes=3
477.08 347.20 527.36 347.05 527.42 367.34 477.14 367.49 ship 0 0.998793 votes=3
457.72 595.13 504.06 594.37 504.32 609.96 457.97 610.73 ship 0 0.998672 votes=3
478.86 296.79 524.38 297.40 524.15 314.73 478.63 314.12 ship 0 0.998430 votes=3
457.34 558.19 503.04 556.87 503.48 572.06 457.77 573.38 ship 0 0.998346 votes=3
484.35 398.30 528.60 397.24 528.97 412.84 484.72 413.90 ship 0 0.998305 votes=3
466.68 275.41 528.08 273.14 528.76 291.68 467.36 293.95 ship 0 0.998159 votes=3
540.09 422.58 571.58 408.69 576.49 419.81 544.99 433.70 ship 0 0.997963 votes=3
482.06 198.49 526.07 198.56 526.04 213.13 482.03 213.06 ship 0 0.997954 votes=3
469.96 499.68 499.56 499.83 499.50 512.40 469.90 512.24 ship 0 0.997377 votes=3
547.48 475.76 589.20 475.51 589.28 489.37 547.56 489.62 ship 0 0.997319 votes=3
513.45 517.03 553.62 517.45 553.46 532.47 513.29 532.05 ship 0 0.997279 votes=3
539.80 392.31 564.73 377.29 570.40 386.70 545.48 401.72 ship 0 0.996866 votes=3
534.24 209.69 560.64 197.25 565.57 207.70 539.17 220.15 ship 0 0.996313 votes=3
774.70 727.75 786.06 767.01 769.60 771.77 758.24 732.52 ship 0 0.996033 votes=3
475.18 325.59 525.76 324.47 526.12 340.75 475.54 341.87 ship 0 0.996010 votes=3
543.20 458.74 573.43 441.72 578.78 451.21 548.55 468.23 ship 0 0.994967 votes=3
514.96 498.84 552.16 497.80 552.54 511.50 515.34 512.54 ship 0 0.994796 votes=3
537.66 294.87 567.95 276.17 573.63 285.36 543.33 304.06 ship 0 0.994640 votes=3
539.01 371.98 567.72 359.78 572.35 370.69 543.65 382.89 ship 0 0.994387 votes=3
537.02 308.96 568.39 292.00 574.36 303.02 542.98 319.98 ship 0 0.992942 votes=3
537.34 258.43 566.29 245.99 571.01 256.99 542.07 269.43 ship 0 0.992877 votes=3
537.44 154.81 567.95 139.72 573.16 150.25 542.65 165.34 ship 0 0.991708 votes=3
536.92 241.33 564.57 228.10 569.80 239.04 542.16 252.27 ship 0 0.990852 votes=3
534.60 228.05 563.42 214.74 568.23 225.16 539.42 238.47 ship 0 0.990223 votes=3
539.88 441.85 563.98 432.03 567.91 441.68 543.81 451.50 ship 0 0.990117 votes=3
540.70 189.25 564.19 182.41 566.90 191.72 543.42 198.56 ship 0 0.989193 votes=3
537.74 406.87 568.79 392.00 573.73 402.33 542.68 417.19 ship 0 0.988135 votes=3
536.84 325.25 565.29 314.16 569.72 325.53 541.27 336.62 ship 0 0.984313 votes=3
536.40 276.15 559.56 265.70 564.35 276.33 541.20 286.78 ship 0 0.982364 votes=3
535.54 340.63 569.41 325.35 574.58 336.80 540.70 352.08 ship 0 0.974331 votes=3
518.24 537.08 554.37 535.76 554.82 548.05 518.69 549.37 ship 0 0.972824 votes=3
774.69 588.73 801.67 580.96 805.43 594.00 778.45 601.77 ship 0 0.959026 votes=3
778.37 610.10 800.00 603.09 803.57 614.06 781.93 621.08 ship 0 0.943415 votes=3
571.12 135.62 577.20 581.30 476.65 582.67 470.56 136.99 harbor 0 0.935355 votes=3
639.44 393.89 662.21 393.30 662.40 400.59 639.63 401.17 vehicle 0 0.877555 votes=3
