120.14 606.44 643.75 382.27 733.45 591.77 209.83 815.95 Expressway-Service-area 0 0.999132 votes=3
90.09 247.97 593.69 32.13 686.43 248.50 182.83 464.35 Expressway-Service-area 0 0.999114 votes=3
470.39 347.76 505.35 428.86 497.89 432.08 462.93 350.98 overpass 0 0.989342 votes=3
503.03 226.88 533.84 236.14 531.36 244.41 500.54 235.15 vehicle 0 0.988515 votes=3
395.05 570.10 413.85 583.03 410.17 588.38 391.37 575.45 vehicle 0 0.985455 votes=3
425.11 539.91 452.24 560.58 447.88 566.31 420.75 545.65 vehicle 0 0.981975 votes=3
482.57 234.55 523.11 244.48 520.93 253.40 480.39 243.47 vehicle 0 0.977545 votes=3
437.87 532.21 467.13 554.56 462.75 560.29 433.49 537.94 vehicle 0 0.957817 votes=3
402.84 218.23 423.88 231.51 420.53 236.81 399.49 223.54 vehicle 0 0.859278 votes=3
344.05 243.97 362.06 258.56 358.16 263.38 340.14 248.79 vehicle 0 0.857700 votes=3
369.68 232.16 388.73 247.10 384.52 252.47 365.47 237.54 vehicle 0 0.833512 votes=3
