169.99 214.44 194.70 401.59 32.77 422.97 8.06 235.82 airplane 0 0.999713 votes=3
559.32 162.63 583.18 348.63 418.58 369.75 394.72 183.75 airplane 0 0.999699 votes=3
362.93 175.84 387.56 364.02 225.11 385.28 200.47 197.11 airplane 0 0.999697 votes=3
754.62 123.97 780.54 307.97 612.89 331.58 586.98 147.59 airplane 0 0.999691 votes=3
607.03 571.55 609.60 550.72 629.95 553.24 627.37 574.07 storagetank 0 0.960304 votes=3
612.62 587.96 633.47 588.38 633.08 607.64 612.23 607.22 storagetank 0 0.956851 votes=3
628.46 568.22 649.57 568.84 648.96 589.22 627.85 588.60 storagetank 0 0.954970 votes=3
589.61 535.36 609.72 537.29 607.82 557.17 587.70 555.24 storagetank 0 0.954742 votes=3
572.56 555.35 592.81 555.50 592.67 574.90 572.41 574.75 storagetank 0 0.949685 votes=3
590.51 590.01 594.11 569.44 614.51 573.02 610.91 593.59 storagetank 0 0.943591 votes=3
