522.08 650.28 522.21 599.78 545.65 599.84 545.52 650.34 tenniscourt 0 0.999555 votes=3
466.61 684.46 466.63 740.76 441.42 740.77 441.40 684.47 tenniscourt 0 0.999552 votes=3
638.17 650.58 638.51 597.20 664.47 597.36 664.14 650.74 tenniscourt 0 0.999528 votes=3
428.49 686.87 429.86 740.20 402.86 740.89 401.49 687.56 tenniscourt 0 0.999487 votes=3
681.07 689.11 681.59 744.70 654.63 744.95 654.10 689.37 tenniscourt 0 0.999466 votes=3
504.11 598.82 504.17 650.16 479.28 650.19 479.21 598.86 tenniscourt 0 0.999431 votes=3
586.70 595.77 586.87 650.79 559.49 650.88 559.32 595.85 tenniscourt 0 0.999416 votes=3
702.11 597.40 702.71 651.14 678.07 651.42 677.47 597.67 tenniscourt 0 0.999347 votes=3
464.25 597.12 465.35 650.55 439.84 651.07 438.74 597.64 tenniscourt 0 0.999314 votes=3
424.33 600.02 425.61 652.05 400.43 652.67 399.15 600.64 tenniscourt 0 0.999226 votes=3
168.88 185.35 500.22 186.93 499.02 439.32 167.67 437.74 stadium 0 0.999204 votes=3
612.04 683.24 613.52 737.50 586.83 738.23 585.35 683.97 tenniscourt 0 0.999034 votes=3
724.89 548.25 746.10 548.07 746.16 554.85 724.95 555.03 vehicle 0 0.752286 votes=3
