32.91 449.30 200.13 448.25 200.78 550.88 33.56 551.94 basketballcourt 0 0.999626 votes=3
241.81 447.49 409.22 446.35 409.91 547.65 242.50 548.78 basketballcourt 0 0.999582 votes=3
55.64 317.22 215.06 316.29 215.49 390.01 56.07 390.94 tenniscourt 0 0.999510 votes=3
298.94 315.28 457.64 313.82 458.33 388.14 299.62 389.60 tenniscourt 0 0.999499 votes=3
55.79 219.64 214.48 217.95 215.29 293.78 56.60 295.47 tenniscourt 0 0.999470 votes=3
297.90 218.58 456.31 217.21 456.96 292.43 298.55 293.80 tenniscourt 0 0.999425 votes=3
540.83 216.84 700.50 216.05 700.87 290.66 541.19 291.44 tenniscourt 0 0.999382 votes=3
541.32 313.24 701.41 311.88 702.04 386.55 541.95 387.90 tenniscourt 0 0.999371 votes=3
490.94 155.69 508.72 118.58 522.11 125.00 504.33 162.11 vehicle 0 0.998960 votes=3
723.31 674.44 744.75 654.79 753.95 664.83 732.50 684.48 vehicle 0 0.998443 votes=3
659.21 736.29 681.83 715.73 690.88 725.69 668.26 746.25 vehicle 0 0.997854 votes=3
510.67 154.65 527.15 117.86 540.77 123.97 524.29 160.75 vehicle 0 0.996216 votes=3
626.83 696.95 647.86 675.02 658.65 685.37 637.62 707.30 vehicle 0 0.964039 votes=3
