530.36 327.43 564.89 286.53 576.28 296.14 541.75 337.05 ship 0 0.999177 votes=3
366.49 661.35 382.21 623.09 394.65 628.20 378.93 666.47 ship 0 0.998961 votes=3
260.75 609.86 275.63 578.37 287.67 584.06 272.79 615.55 ship 0 0.998948 votes=3
610.77 245.10 666.40 152.87 684.30 163.67 628.67 255.89 ship 0 0.998848 votes=3
503.26 310.50 517.56 283.51 527.04 288.54 512.74 315.52 ship 0 0.997501 votes=3
331.93 640.55 346.38 605.25 359.62 610.67 345.17 645.97 ship 0 0.996945 votes=3
276.55 623.03 289.36 591.69 300.81 596.37 288.00 627.70 ship 0 0.996766 votes=3
211.51 419.28 225.12 392.60 235.57 397.93 221.96 424.61 ship 0 0.996438 votes=3
350.46 648.60 364.11 619.88 375.03 625.07 361.38 653.79 ship 0 0.995717 votes=3
314.96 250.33 324.40 226.92 332.91 230.35 323.47 253.76 ship 0 0.994974 votes=3
337.40 262.40 348.95 238.24 356.69 241.94 345.14 266.11 ship 0 0.994404 votes=3
165.68 494.38 188.07 467.43 196.83 474.71 174.44 501.66 ship 0 0.991022 votes=3
516.07 318.97 538.81 287.27 548.47 294.20 525.73 325.90 ship 0 0.990387 votes=3
295.56 625.05 310.01 586.06 324.43 591.40 309.98 630.40 ship 0 0.989330 votes=3
241.12 607.83 254.78 573.03 265.27 577.15 251.61 611.95 ship 0 0.984863 votes=3
312.48 637.29 328.23 605.48 339.98 611.30 324.23 643.11 ship 0 0.973129 votes=3
255.71 474.88 298.15 497.60 292.57 508.02 250.13 485.30 ship 0 0.943945 votes=3
141.34 511.51 399.46 618.56 372.90 682.62 114.77 575.57 harbor 0 0.931320 votes=3
219.87 471.04 241.52 472.82 240.83 481.11 219.19 479.32 ship 0 0.899065 votes=3
406.11 -34.09 678.12 163.15 511.43 393.02 239.43 195.78 harbor 0 0.881428 votes=3
174.62 349.56 469.66 455.16 430.32 565.09 135.27 459.49 harbor 0 0.778943 votes=3
137.74 553.39 147.36 531.67 158.05 536.40 148.42 558.12 ship 0 0.716290 votes=3
126.58 635.29 342.83 718.23 314.12 793.09 97.87 710.14 harbor 0 0.700119 votes=3
