-29.29 679.04 134.69 23.64 357.99 79.51 194.01 734.90 Expressway-Service-area 0 0.998888 votes=3
294.79 686.43 449.88 31.85 821.44 119.89 666.35 774.46 Expressway-Service-area 0 0.998447 votes=3
605.29 402.30 631.22 416.97 627.99 422.68 602.06 408.00 vehicle 0 0.996421 votes=3
179.00 276.81 195.15 253.30 200.98 257.30 184.83 280.81 vehicle 0 0.996273 votes=3
609.88 310.15 632.71 328.84 628.88 333.52 606.06 314.82 vehicle 0 0.995124 votes=3
275.57 233.95 293.02 210.87 298.77 215.23 281.33 238.30 vehicle 0 0.989359 votes=3
254.49 129.50 294.29 129.65 294.25 139.30 254.45 139.15 vehicle 0 0.983436 votes=3
395.50 352.59 400.69 332.62 407.10 334.28 401.91 354.25 vehicle 0 0.969950 votes=3
414.57 292.55 430.31 221.66 435.30 222.76 419.57 293.66 vehicle 0 0.965526 votes=3
342.47 510.85 361.16 449.17 370.91 452.13 352.23 513.80 vehicle 0 0.952342 votes=3
158.97 270.01 176.72 245.88 183.12 250.59 165.37 274.72 vehicle 0 0.852918 votes=3
