642.51 60.68 642.69 140.50 615.31 140.56 615.14 60.74 ship 0 0.999724 votes=3
641.09 665.61 642.19 595.83 668.00 596.24 666.90 666.02 ship 0 0.999657 votes=3
695.94 688.35 696.02 740.77 676.02 740.80 675.94 688.38 ship 0 0.999635 votes=3
670.75 420.64 673.23 486.61 648.58 487.53 646.10 421.56 ship 0 0.999539 votes=3
426.52 597.07 427.21 705.49 393.99 705.70 393.29 597.28 ship 0 0.999408 votes=3
695.61 241.94 696.30 159.92 725.84 160.17 725.16 242.19 ship 0 0.998978 votes=3
419.59 66.69 765.66 64.29 766.80 228.77 420.73 231.17 harbor 0 0.998391 votes=3
432.21 345.56 778.93 348.87 777.62 485.66 430.90 482.35 harbor 0 0.998285 votes=3
419.38 604.42 778.98 605.28 778.64 745.43 419.05 744.57 harbor 0 0.997526 votes=3
649.92 732.19 650.28 685.19 670.69 685.34 670.33 732.35 ship 0 0.997499 votes=3
731.81 438.48 731.94 477.71 718.14 477.75 718.01 438.52 ship 0 0.913853 votes=3
