260.49 522.00 260.53 442.88 286.95 442.90 286.91 522.02 ship 0 0.999724 votes=3
304.11 56.06 304.93 132.14 277.73 132.43 276.91 56.35 ship 0 0.999687 votes=3
414.46 412.63 414.93 324.17 441.97 324.31 441.51 412.77 ship 0 0.999681 votes=3
182.57 515.41 182.97 441.71 206.73 441.84 206.32 515.54 ship 0 0.999664 votes=3
128.10 56.18 128.90 152.71 99.62 152.95 98.82 56.42 ship 0 0.999664 votes=3
385.30 50.77 385.64 149.54 357.43 149.63 357.10 50.87 ship 0 0.999650 votes=3
410.97 433.34 411.80 506.12 388.52 506.39 387.69 433.61 ship 0 0.999648 votes=3
167.38 442.23 168.00 528.56 141.10 528.76 140.48 442.42 ship 0 0.999627 votes=3
129.62 442.02 129.96 532.27 102.29 532.37 101.95 442.13 ship 0 0.999615 votes=3
306.12 309.07 306.62 412.98 277.71 413.12 277.21 309.21 ship 0 0.999559 votes=3
606.43 327.09 613.09 403.75 587.44 405.98 580.78 329.32 ship 0 0.999545 votes=3
529.32 112.31 530.10 44.79 554.80 45.07 554.01 112.60 ship 0 0.999510 votes=3
625.75 404.92 625.83 306.84 655.00 306.86 654.93 404.94 ship 0 0.999498 votes=3
651.39 42.99 651.56 134.98 622.80 135.03 622.63 43.04 ship 0 0.999485 votes=3
429.60 50.93 431.08 132.60 405.37 133.07 403.89 51.40 ship 0 0.999472 votes=3
415.58 665.26 415.72 747.20 389.05 747.25 388.90 665.30 ship 0 0.999468 votes=3
508.18 742.75 508.28 655.30 534.91 655.34 534.80 742.78 ship 0 0.999463 votes=3
174.48 314.47 175.99 414.96 144.93 415.43 143.42 314.93 ship 0 0.999411 votes=3
187.06 421.93 187.52 304.88 217.83 304.99 217.37 422.05 ship 0 0.999402 votes=3
480.40 44.09 480.74 141.28 452.05 141.38 451.71 44.19 ship 0 0.999395 votes=3
494.31 404.45 494.72 316.41 522.14 316.54 521.73 404.58 ship 0 0.999393 votes=3
148.96 746.26 150.43 662.69 174.15 663.11 172.68 746.68 ship 0 0.999389 votes=3
334.81 441.27 335.77 529.25 307.99 529.55 307.03 441.57 ship 0 0.999387 votes=3
169.57 54.42 171.54 151.02 144.41 151.57 142.44 54.97 ship 0 0.999378 votes=3
572.13 144.73 575.50 42.84 604.27 43.80 600.90 145.68 ship 0 0.999367 votes=3
127.29 333.94 128.18 413.00 101.14 413.30 100.25 334.24 ship 0 0.999231 votes=3
262.33 52.20 265.39 151.59 236.73 152.48 233.67 53.09 ship 0 0.999184 votes=3
493.98 665.76 494.58 747.42 470.38 747.60 469.78 665.93 ship 0 0.999153 votes=3
424.62 738.82 426.11 664.93 447.82 665.36 446.33 739.26 ship 0 0.999117 votes=3
609.31 437.05 609.64 522.22 584.20 522.32 583.88 437.15 ship 0 0.999114 votes=3
569.54 654.73 570.27 743.22 547.48 743.41 546.75 654.92 ship 0 0.999103 votes=3
374.36 661.44 374.58 747.13 345.33 747.20 345.11 661.51 ship 0 0.999100 votes=3
388.16 320.19 390.53 414.23 364.08 414.90 361.72 320.86 ship 0 0.999093 votes=3
224.37 746.72 224.84 667.39 246.84 667.52 246.37 746.85 ship 0 0.999003 votes=3
541.70 521.46 543.88 435.13 571.58 435.83 569.40 522.16 ship 0 0.998880 votes=3
246.95 440.47 247.81 518.88 223.70 519.15 222.83 440.73 ship 0 0.998841 votes=3
370.58 439.32 370.83 526.30 344.68 526.37 344.42 439.40 ship 0 0.998792 votes=3
258.52 348.10 259.17 416.90 232.35 417.16 231.70 348.35 ship 0 0.998707 votes=3
130.27 676.89 132.20 755.89 108.07 756.48 106.14 677.48 ship 0 0.998648 votes=3
658.97 118.55 659.82 40.29 702.54 40.76 701.70 119.01 ship 0 0.998604 votes=3
627.44 740.35 627.86 665.27 651.65 665.41 651.23 740.48 ship 0 0.998547 votes=3
316.86 128.60 318.68 49.28 345.69 49.90 343.87 129.22 ship 0 0.998540 votes=3
87.87 79.91 90.31 137.38 70.50 138.22 68.06 80.75 ship 0 0.998521 votes=3
519.58 36.06 529.93 160.63 495.60 163.49 485.25 38.92 ship 0 0.998317 votes=3
205.93 666.54 206.84 744.24 185.24 744.49 184.33 666.79 ship 0 0.997958 votes=3
684.66 437.04 685.07 473.44 671.76 473.59 671.35 437.19 ship 0 0.997917 votes=3
459.71 524.25 461.09 437.79 486.09 438.19 484.71 524.65 ship 0 0.996323 votes=3
329.18 671.05 332.67 752.61 308.09 753.66 304.60 672.10 ship 0 0.994228 votes=3
70.40 422.06 70.56 319.24 92.83 319.27 92.67 422.09 ship 0 0.991517 votes=3
40.18 306.56 667.73 302.13 669.33 528.30 41.78 532.73 harbor 0 0.989919 votes=3
661.76 438.77 663.31 517.60 619.93 518.45 618.39 439.62 ship 0 0.976916 votes=3
49.04 657.12 722.23 646.96 723.92 759.13 50.73 769.29 harbor 0 0.974426 votes=3
93.65 665.57 93.70 688.02 82.29 688.04 82.24 665.60 ship 0 0.971682 votes=3
59.27 24.26 702.88 21.60 703.46 160.90 59.85 163.56 harbor 0 0.963962 votes=3
52.77 86.98 53.02 66.29 63.58 66.41 63.34 87.11 ship 0 0.960773 votes=3
