491.30 640.64 525.72 620.19 532.37 631.37 497.95 651.82 ship 0 0.998624 votes=3
445.83 596.34 476.33 577.85 482.37 587.80 451.87 606.29 ship 0 0.997791 votes=3
405.09 494.55 442.54 470.47 450.25 482.48 412.80 506.55 ship 0 0.997501 votes=3
351.96 386.27 381.99 366.07 389.43 377.14 359.40 397.34 ship 0 0.997416 votes=3
394.14 479.12 433.22 455.07 441.00 467.71 401.92 491.77 ship 0 0.997157 votes=3
281.53 262.67 308.26 246.05 313.41 254.35 286.68 270.96 ship 0 0.997128 votes=3
534.66 716.49 565.85 699.27 571.42 709.36 540.23 726.58 ship 0 0.996379 votes=3
364.15 635.98 386.08 670.31 376.25 676.59 354.32 642.26 ship 0 0.996172 votes=3
238.31 312.40 266.77 354.61 253.84 363.32 225.39 321.11 ship 0 0.996088 votes=3
268.61 233.39 293.23 220.74 298.24 230.50 273.62 243.15 ship 0 0.995666 votes=3
274.53 249.34 299.94 233.80 305.66 243.15 280.25 258.69 ship 0 0.995432 votes=3
496.23 665.12 537.14 642.53 543.00 653.15 502.09 675.74 ship 0 0.995044 votes=3
432.74 526.63 466.33 506.96 472.69 517.82 439.10 537.49 ship 0 0.994754 votes=3
171.27 320.53 189.05 349.40 178.55 355.87 160.77 327.00 ship 0 0.994676 votes=3
347.01 609.94 358.88 636.45 350.69 640.12 338.81 613.61 ship 0 0.994675 votes=3
390.31 456.90 426.70 437.99 433.37 450.83 396.98 469.74 ship 0 0.994253 votes=3
368.09 416.97 398.88 397.07 405.18 406.81 374.38 426.71 ship 0 0.993784 votes=3
474.81 628.14 517.64 602.64 524.74 614.56 481.91 640.06 ship 0 0.992275 votes=3
316.19 332.81 348.99 310.93 355.56 320.78 322.76 342.66 ship 0 0.990097 votes=3
227.06 417.95 240.05 441.04 232.53 445.27 219.54 422.18 ship 0 0.989785 votes=3
308.75 311.55 342.64 296.19 348.00 308.01 314.10 323.37 ship 0 0.988512 votes=3
362.58 300.79 374.63 320.60 368.26 324.48 356.20 304.67 ship 0 0.987205 votes=3
207.80 380.76 226.45 412.45 216.77 418.14 198.13 386.45 ship 0 0.987163 votes=3
199.57 253.31 213.75 273.07 207.11 277.83 192.93 258.08 ship 0 0.986725 votes=3
411.67 382.80 425.86 403.47 419.34 407.95 405.14 387.28 ship 0 0.986600 votes=3
340.67 375.26 371.84 352.97 378.58 362.40 347.42 384.69 ship 0 0.983843 votes=3
448.05 445.05 458.23 461.97 451.93 465.76 441.75 448.84 ship 0 0.976458 votes=3
126.30 287.02 141.78 306.59 134.91 312.03 119.43 292.46 ship 0 0.974994 votes=3
139.68 274.19 162.35 305.31 153.27 311.92 130.60 280.81 ship 0 0.974745 votes=3
174.30 365.15 185.39 384.02 179.13 387.70 168.04 368.83 ship 0 0.972937 votes=3
214.98 277.31 234.79 307.89 225.98 313.60 206.16 283.03 ship 0 0.967068 votes=3
379.48 327.12 389.09 348.14 382.69 351.07 373.08 330.05 ship 0 0.960268 votes=3
159.38 339.08 170.31 357.54 163.80 361.40 152.87 342.94 ship 0 0.957069 votes=3
247.63 440.07 273.11 483.76 260.78 490.95 235.29 447.26 ship 0 0.948893 votes=3
304.85 208.93 314.59 222.47 309.58 226.08 299.84 212.54 ship 0 0.944891 votes=3
217.10 435.03 228.79 454.11 223.39 457.41 211.71 438.33 ship 0 0.942412 votes=3
483.78 504.42 493.86 521.27 487.99 524.78 477.90 507.94 ship 0 0.942014 votes=3
199.82 222.33 210.08 239.80 203.81 243.48 193.55 226.01 ship 0 0.937719 votes=3
144.93 315.15 154.70 333.16 148.53 336.51 138.76 318.50 ship 0 0.921131 votes=3
240.07 289.70 253.40 308.43 247.43 312.69 234.09 293.95 ship 0 0.911206 votes=3
239.21 470.85 248.27 487.68 243.01 490.51 233.95 473.69 ship 0 0.900000 votes=3
534.82 590.02 547.38 609.15 541.77 612.83 529.21 593.69 ship 0 0.894866 votes=3
254.97 312.04 270.02 332.32 262.91 337.60 247.86 317.32 ship 0 0.874046 votes=3
471.25 487.90 594.04 689.32 526.58 730.44 403.80 529.02 harbor 0 0.868488 votes=3
476.72 521.26 484.81 534.67 478.40 538.54 470.31 525.13 ship 0 0.864354 votes=3
262.49 510.63 271.08 526.23 265.34 529.39 256.75 513.79 ship 0 0.863318 votes=3
318.00 232.88 328.28 247.20 323.66 250.52 313.38 236.20 ship 0 0.849902 votes=3
393.95 356.82 401.79 370.60 396.23 373.76 388.40 359.98 ship 0 0.828790 votes=3
218.01 241.86 232.10 260.26 225.63 265.21 211.54 246.82 ship 0 0.811151 votes=3
498.58 530.45 507.92 543.76 502.55 547.53 493.21 534.22 ship 0 0.797516 votes=3
267.83 362.12 276.68 376.91 271.31 380.12 262.46 365.34 ship 0 0.712766 votes=2
