628.02 103.32 628.48 161.96 601.96 162.17 601.50 103.53 tenniscourt 0 0.999616 votes=3
222.11 252.96 334.20 253.28 333.88 364.34 221.79 364.02 baseballfield 0 0.999608 votes=3
628.30 189.98 628.39 249.15 601.05 249.19 600.97 190.02 tenniscourt 0 0.999599 votes=3
253.95 222.03 254.56 138.53 336.63 139.12 336.03 222.63 baseballfield 0 0.999597 votes=3
515.52 247.05 515.83 190.13 542.74 190.28 542.43 247.20 tenniscourt 0 0.999505 votes=3
544.15 103.27 544.26 161.40 514.84 161.45 514.73 103.33 tenniscourt 0 0.999474 votes=3
557.65 247.21 558.45 190.13 585.65 190.51 584.86 247.59 tenniscourt 0 0.999419 votes=3
558.24 161.61 558.43 103.28 585.24 103.37 585.05 161.69 tenniscourt 0 0.999374 votes=3
45.46 544.44 473.23 543.57 473.62 731.51 45.85 732.39 groundtrackfield 0 0.998733 votes=3
582.69 627.24 610.80 626.62 610.92 632.21 582.81 632.83 vehicle 0 0.791481 votes=3
765.64 68.30 770.77 58.68 775.71 61.31 770.57 70.93 vehicle 0 0.777595 votes=3
660.96 606.13 661.19 631.52 654.25 631.59 654.02 606.20 vehicle 0 0.667923 votes=2
