229.91 184.16 587.39 187.69 585.56 373.48 228.08 369.96 Expressway-Service-area 0 0.996901 votes=3
224.28 465.39 590.60 462.63 592.02 650.98 225.70 653.74 Expressway-Service-area 0 0.996152 votes=3
462.30 308.01 491.49 310.50 490.84 318.03 461.66 315.54 vehicle 0 0.990055 votes=3
422.58 479.55 449.63 478.55 449.83 483.76 422.78 484.76 vehicle 0 0.965119 votes=3
339.59 534.84 369.68 534.77 369.69 540.82 339.61 540.89 vehicle 0 0.963216 votes=3
318.71 538.73 342.49 547.95 340.13 554.04 316.35 544.83 vehicle 0 0.959867 votes=3
348.66 558.51 378.88 559.40 378.69 565.59 348.48 564.70 vehicle 0 0.940207 votes=3
408.38 353.73 437.62 354.55 437.42 361.47 408.18 360.64 vehicle 0 0.937464 votes=3
423.39 253.84 452.59 254.21 452.50 261.43 423.30 261.06 vehicle 0 0.923932 votes=3
453.73 329.10 485.20 327.36 485.56 333.92 454.09 335.65 vehicle 0 0.914130 votes=3
538.96 513.86 549.74 489.67 555.67 492.31 544.89 516.50 vehicle 0 0.911172 votes=3
450.95 550.51 467.30 550.26 467.39 556.01 451.04 556.27 vehicle 0 0.906965 votes=3
416.82 402.68 447.40 402.93 447.34 410.50 416.76 410.26 vehicle 0 0.901086 votes=3
326.05 473.09 355.68 472.26 355.87 478.96 326.24 479.78 vehicle 0 0.713836 votes=2
420.44 499.16 450.40 499.55 450.30 507.59 420.33 507.20 vehicle 0 0.692805 votes=3
606.08 321.35 794.52 349.65 790.54 376.17 602.10 347.86 bridge 0 0.659744 votes=2
455.55 333.55 486.22 332.93 486.35 339.25 455.68 339.88 vehicle 0 0.627194 votes=2
