391.98 131.14 430.58 132.48 430.12 145.67 391.52 144.32 ship 0 0.999136 votes=3
238.46 238.93 288.01 238.50 288.14 254.08 238.59 254.51 ship 0 0.999130 votes=3
374.92 570.74 407.82 570.80 407.80 582.17 374.90 582.11 ship 0 0.999049 votes=3
385.77 204.59 429.10 204.94 429.00 218.23 385.66 217.88 ship 0 0.999028 votes=3
225.16 286.76 255.28 286.17 255.51 297.53 225.38 298.11 ship 0 0.998920 votes=3
390.98 95.55 432.77 95.93 432.64 109.87 390.85 109.48 ship 0 0.998910 votes=3
262.49 435.65 293.15 435.59 293.17 446.45 262.51 446.51 ship 0 0.998849 votes=3
338.43 166.59 373.26 165.74 373.59 179.52 338.76 180.37 ship 0 0.998839 votes=3
381.88 317.74 422.70 318.13 422.58 330.59 381.76 330.21 ship 0 0.998740 votes=3
335.72 430.04 365.59 428.84 366.04 439.88 336.17 441.09 ship 0 0.998681 votes=3
357.08 74.43 403.86 75.99 403.36 91.10 356.57 89.54 ship 0 0.998618 votes=3
391.37 114.11 430.66 115.23 430.32 127.18 391.03 126.05 ship 0 0.998537 votes=3
265.20 315.42 294.91 315.90 294.75 326.16 265.03 325.69 ship 0 0.998458 votes=3
224.17 429.06 251.72 429.28 251.64 438.92 224.09 438.69 ship 0 0.998313 votes=3
367.98 655.38 403.75 655.06 403.85 667.18 368.09 667.50 ship 0 0.998237 votes=3
149.92 287.54 180.57 286.92 180.77 297.27 150.12 297.89 ship 0 0.998060 votes=3
384.03 278.49 418.32 279.04 418.13 290.81 383.84 290.27 ship 0 0.998050 votes=3
330.70 576.26 361.07 575.81 361.23 587.05 330.87 587.50 ship 0 0.997997 votes=3
395.60 151.66 426.04 152.42 425.74 164.20 395.31 163.44 ship 0 0.997920 votes=3
339.60 222.23 373.59 222.64 373.44 235.16 339.45 234.75 ship 0 0.997772 votes=3
266.77 301.66 297.13 301.04 297.31 310.18 266.96 310.79 ship 0 0.997733 votes=3
384.19 186.20 420.89 188.21 420.18 201.13 383.48 199.12 ship 0 0.997618 votes=3
379.88 387.51 410.21 388.89 409.70 400.16 379.36 398.78 ship 0 0.997616 votes=3
383.77 300.70 420.03 300.78 420.00 312.70 383.74 312.62 ship 0 0.997564 votes=3
373.65 587.15 409.15 587.56 409.00 601.02 373.50 600.61 ship 0 0.997541 votes=3
329.40 604.97 358.79 604.32 359.01 614.57 329.63 615.22 ship 0 0.997196 votes=3
369.94 603.97 405.03 604.32 404.90 616.72 369.82 616.37 ship 0 0.997135 votes=3
226.80 300.95 254.29 300.79 254.35 310.78 226.86 310.94 ship 0 0.997110 votes=3
374.99 429.46 404.87 432.73 403.78 442.62 373.91 439.35 ship 0 0.997065 votes=3
371.31 553.36 408.56 553.32 408.57 566.80 371.32 566.84 ship 0 0.996784 votes=3
340.65 131.15 377.10 131.55 376.98 142.87 340.52 142.48 ship 0 0.996598 votes=3
340.16 114.83 374.48 114.51 374.58 125.21 340.26 125.52 ship 0 0.996365 votes=3
226.79 444.81 250.35 444.35 250.54 454.07 226.98 454.52 ship 0 0.996328 votes=3
381.43 335.34 407.64 335.28 407.66 345.89 381.45 345.95 ship 0 0.996205 votes=3
361.80 692.97 399.91 694.45 399.39 707.86 361.28 706.38 ship 0 0.995944 votes=3
263.12 464.81 290.83 464.82 290.82 474.59 263.12 474.58 ship 0 0.995918 votes=3
333.96 589.89 361.37 590.50 361.14 600.73 333.73 600.11 ship 0 0.995893 votes=3
341.89 278.25 374.04 278.66 373.91 289.60 341.75 289.20 ship 0 0.995680 votes=3
111.35 302.12 139.65 301.77 139.76 311.05 111.47 311.40 ship 0 0.995669 votes=3
381.06 350.15 407.02 349.93 407.10 359.96 381.14 360.18 ship 0 0.995664 votes=3
150.19 301.03 177.60 301.40 177.47 311.37 150.05 310.99 ship 0 0.995643 votes=3
112.23 329.47 137.36 329.27 137.43 338.68 112.31 338.89 ship 0 0.995599 votes=3
153.51 514.81 180.87 513.99 181.16 523.57 153.79 524.39 ship 0 0.995575 votes=3
370.08 672.41 406.00 672.18 406.09 685.20 370.16 685.43 ship 0 0.995319 votes=3
332.20 632.59 358.90 633.04 358.73 643.33 332.03 642.88 ship 0 0.995182 votes=3
378.75 417.08 403.89 416.88 403.96 425.57 378.82 425.76 ship 0 0.995120 votes=3
342.63 307.49 369.93 308.04 369.73 317.83 342.43 317.28 ship 0 0.995083 votes=3
264.09 352.89 288.48 352.65 288.57 361.48 264.17 361.72 ship 0 0.994915 votes=3
149.76 366.23 178.05 366.54 177.95 376.31 149.65 376.00 ship 0 0.994624 votes=3
262.13 449.96 290.32 450.78 290.05 460.13 261.86 459.31 ship 0 0.994454 votes=3
264.81 272.11 293.76 272.60 293.60 281.96 264.65 281.48 ship 0 0.993550 votes=3
262.29 492.63 289.76 492.57 289.78 502.20 262.31 502.26 ship 0 0.993505 votes=3
227.11 273.24 253.41 273.98 253.16 282.77 226.86 282.03 ship 0 0.993499 votes=3
342.89 334.50 368.86 334.17 368.98 343.52 343.01 343.85 ship 0 0.993042 votes=3
147.94 500.08 172.65 499.56 172.85 509.13 148.14 509.65 ship 0 0.992908 votes=3
379.16 403.35 403.13 404.17 402.79 414.03 378.83 413.21 ship 0 0.992628 votes=3
262.87 381.29 288.91 380.81 289.09 390.43 263.05 390.92 ship 0 0.992623 votes=3
337.32 148.74 376.08 147.71 376.43 160.83 337.67 161.87 ship 0 0.992580 votes=3
342.25 294.58 369.04 294.38 369.11 304.21 342.32 304.41 ship 0 0.992430 votes=3
152.80 329.65 177.67 329.32 177.78 338.05 152.91 338.38 ship 0 0.992398 votes=3
150.61 460.78 174.68 460.32 174.85 469.50 150.79 469.96 ship 0 0.992259 votes=3
150.70 408.36 177.69 407.95 177.83 417.14 150.84 417.55 ship 0 0.992072 votes=3
111.80 407.81 138.89 407.34 139.07 417.27 111.97 417.73 ship 0 0.992049 votes=3
151.22 434.20 178.11 433.97 178.19 442.92 151.29 443.15 ship 0 0.991935 votes=3
111.79 354.11 137.17 354.39 137.07 362.88 111.70 362.60 ship 0 0.991913 votes=3
224.20 471.54 248.69 471.25 248.81 481.17 224.32 481.47 ship 0 0.991123 votes=3
332.06 660.46 359.13 661.70 358.62 672.84 331.55 671.60 ship 0 0.990921 votes=3
336.75 549.40 362.83 548.67 363.10 558.37 337.02 559.10 ship 0 0.990860 votes=3
341.73 201.98 372.77 203.32 372.27 214.89 341.23 213.55 ship 0 0.990632 votes=3
330.85 677.80 359.10 678.28 358.91 689.52 330.66 689.04 ship 0 0.990446 votes=3
114.46 471.56 138.54 474.38 137.49 483.39 113.41 480.57 ship 0 0.990369 votes=3
333.29 618.89 359.13 619.33 358.97 628.25 333.14 627.80 ship 0 0.990288 votes=3
329.86 184.28 368.94 184.98 368.71 197.64 329.63 196.95 ship 0 0.990246 votes=3
151.98 381.76 176.81 381.28 176.98 389.95 152.15 390.43 ship 0 0.989736 votes=3
386.90 229.11 414.63 227.22 415.29 236.86 387.55 238.75 ship 0 0.989313 votes=3
229.44 373.35 252.32 372.47 252.65 380.85 229.76 381.73 ship 0 0.989100 votes=3
331.32 560.93 360.76 563.23 360.02 572.64 330.59 570.34 ship 0 0.988972 votes=3
226.14 485.09 250.04 484.83 250.14 494.15 226.24 494.41 ship 0 0.988819 votes=3
115.09 366.35 139.19 367.35 138.76 377.80 114.66 376.80 ship 0 0.988636 votes=3
372.49 621.50 405.36 622.39 405.02 634.81 372.15 633.92 ship 0 0.988348 votes=3
370.92 637.77 402.97 637.18 403.16 647.67 371.11 648.25 ship 0 0.988252 votes=3
227.35 415.81 250.22 416.01 250.13 425.82 227.26 425.62 ship 0 0.988174 votes=3
225.63 329.19 254.15 328.88 254.27 339.28 225.74 339.60 ship 0 0.987775 votes=3
268.59 285.66 291.62 286.62 291.23 295.91 268.20 294.95 ship 0 0.987515 votes=3
448.60 742.14 449.73 720.46 458.70 720.93 457.57 742.60 ship 0 0.987494 votes=3
116.41 445.48 139.35 447.47 138.48 457.48 115.54 455.48 ship 0 0.987107 votes=3
341.60 375.92 366.87 375.43 367.05 384.46 341.77 384.94 ship 0 0.986713 votes=3
374.96 513.79 400.78 513.62 400.84 522.98 375.02 523.15 ship 0 0.985772 votes=3
339.15 89.19 375.93 92.94 374.71 104.87 337.94 101.12 ship 0 0.985352 votes=3
263.90 411.21 290.45 409.09 291.11 417.38 264.56 419.49 ship 0 0.985336 votes=3
149.90 353.37 178.03 352.50 178.32 361.95 150.19 362.82 ship 0 0.985264 votes=3
228.69 257.31 253.90 257.15 253.96 266.48 228.75 266.64 ship 0 0.985207 votes=3
113.98 393.27 140.38 392.98 140.50 403.62 114.10 403.91 ship 0 0.984915 votes=3
340.01 389.72 366.87 389.75 366.86 398.80 340.00 398.77 ship 0 0.984589 votes=3
344.24 239.70 370.85 239.24 371.02 249.61 344.42 250.07 ship 0 0.983541 votes=3
150.92 473.22 175.86 473.79 175.65 482.71 150.71 482.14 ship 0 0.983257 votes=3
381.51 363.74 406.43 362.92 406.76 372.86 381.84 373.68 ship 0 0.982546 votes=3
226.56 521.31 227.06 252.17 291.86 252.29 291.36 521.43 harbor 0 0.982174 votes=3
263.75 477.44 286.45 478.61 286.03 486.85 263.33 485.68 ship 0 0.981796 votes=3
115.34 421.85 138.71 421.58 138.81 430.81 115.44 431.07 ship 0 0.981789 votes=3
330.92 692.67 358.40 692.20 358.57 701.91 331.09 702.39 ship 0 0.981710 votes=3
375.12 457.37 403.45 458.76 403.02 467.66 374.69 466.27 ship 0 0.981450 votes=3
151.16 394.07 178.56 395.12 178.23 403.62 150.84 402.57 ship 0 0.980585 votes=3
264.30 365.19 288.17 366.45 287.69 375.42 263.83 374.15 ship 0 0.980432 votes=3
375.42 485.47 403.59 485.06 403.73 494.95 375.56 495.36 ship 0 0.977287 votes=3
174.75 278.58 174.80 524.46 113.58 524.48 113.53 278.59 harbor 0 0.976653 votes=3
222.75 512.39 249.47 513.63 249.01 523.62 222.28 522.38 ship 0 0.973569 votes=3
342.01 361.78 368.05 362.22 367.90 371.20 341.86 370.77 ship 0 0.973019 votes=3
379.14 376.03 405.55 376.95 405.24 385.83 378.83 384.91 ship 0 0.972042 votes=3
374.46 496.43 401.66 497.56 401.20 508.58 374.00 507.44 ship 0 0.972035 votes=3
151.09 314.91 175.76 315.17 175.67 323.57 151.00 323.31 ship 0 0.971885 votes=3
151.68 486.47 174.83 485.40 175.24 494.29 152.09 495.36 ship 0 0.971465 votes=3
151.10 447.35 176.01 447.11 176.11 456.60 151.20 456.85 ship 0 0.968746 votes=3
265.31 393.05 289.25 395.34 288.49 403.17 264.56 400.88 ship 0 0.968067 votes=3
345.33 348.35 367.99 349.04 367.76 356.54 345.10 355.84 ship 0 0.968011 votes=3
230.16 359.77 251.68 360.46 251.39 369.38 229.87 368.68 ship 0 0.967848 votes=3
340.38 482.47 363.80 485.13 362.85 493.51 339.43 490.85 ship 0 0.965302 votes=3
115.09 285.42 138.14 285.21 138.24 295.85 115.19 296.05 ship 0 0.964164 votes=3
336.80 473.71 361.30 469.46 362.73 477.69 338.23 481.94 ship 0 0.963221 votes=3
113.97 262.61 143.30 263.03 143.07 278.67 113.74 278.24 ship 0 0.963019 votes=3
378.30 471.79 401.32 471.62 401.39 480.67 378.37 480.84 ship 0 0.961854 votes=3
373.80 535.28 397.84 537.22 397.09 546.38 373.06 544.44 ship 0 0.960459 votes=3
114.52 460.97 137.73 461.06 137.70 469.82 114.48 469.72 ship 0 0.952148 votes=3
226.58 458.01 249.16 457.04 249.52 465.48 226.94 466.44 ship 0 0.951650 votes=3
262.14 422.06 289.63 421.48 289.83 430.52 262.33 431.11 ship 0 0.948975 votes=3
339.89 497.96 364.68 498.61 364.43 508.44 339.63 507.78 ship 0 0.948841 votes=3
340.31 443.73 362.56 444.18 362.37 453.61 340.12 453.16 ship 0 0.937319 votes=3
528.57 743.77 528.85 718.31 542.82 718.46 542.54 743.93 ship 0 0.934888 votes=3
334.82 561.30 344.89 86.62 421.57 88.25 411.49 562.92 harbor 0 0.933968 votes=3
343.25 321.85 367.90 321.93 367.87 329.99 343.23 329.90 ship 0 0.916052 votes=2
225.82 400.35 251.07 399.93 251.23 409.36 225.98 409.79 ship 0 0.887489 votes=3
230.12 344.44 252.46 344.35 252.49 353.09 230.16 353.18 ship 0 0.868825 votes=3
440.52 722.78 747.11 725.55 746.75 766.35 440.16 763.58 harbor 0 0.847566 votes=3
475.81 742.45 476.87 717.33 486.78 717.75 485.72 742.87 ship 0 0.797368 votes=3
114.72 315.17 136.40 315.07 136.44 323.05 114.76 323.15 ship 0 0.768544 votes=3
