418.51 193.86 473.16 181.42 477.21 199.22 422.56 211.66 ship 0 0.999547 votes=3
455.93 617.13 551.07 605.99 553.83 629.56 458.69 640.70 ship 0 0.999501 votes=3
458.90 398.61 520.83 390.03 523.26 407.56 461.33 416.14 ship 0 0.999470 votes=3
314.10 553.69 367.47 544.64 370.12 560.30 316.76 569.35 ship 0 0.999442 votes=3
234.47 198.81 251.29 298.87 213.84 305.17 197.02 205.11 ship 0 0.999400 votes=3
452.97 374.70 507.35 365.57 510.45 384.03 456.07 393.17 ship 0 0.999307 votes=3
549.19 71.62 600.57 64.97 602.52 80.03 551.14 86.68 ship 0 0.999296 votes=3
375.89 291.01 420.38 280.94 423.85 296.28 379.37 306.35 ship 0 0.999248 votes=3
469.05 445.73 531.83 434.41 535.07 452.38 472.29 463.70 ship 0 0.999246 votes=3
570.96 182.26 622.88 171.03 626.98 189.97 575.05 201.21 ship 0 0.999141 votes=3
381.52 310.81 422.62 302.75 425.54 317.64 384.44 325.71 ship 0 0.999132 votes=3
290.85 411.28 329.00 406.90 330.62 421.00 292.46 425.38 ship 0 0.999126 votes=3
489.47 514.15 543.35 505.69 545.90 521.90 492.02 530.37 ship 0 0.999110 votes=3
352.50 226.75 408.27 215.01 412.02 232.81 356.25 244.55 ship 0 0.999069 votes=3
661.19 579.73 711.18 572.52 713.79 590.63 663.80 597.84 ship 0 0.999021 votes=3
274.95 338.75 317.51 333.16 319.60 349.07 277.04 354.66 ship 0 0.999011 votes=3
355.90 181.20 398.31 173.37 401.07 188.32 358.66 196.15 ship 0 0.998981 votes=3
343.65 139.37 392.69 127.82 396.59 144.38 347.55 155.93 ship 0 0.998962 votes=3
370.80 268.06 415.81 258.81 419.08 274.74 374.06 283.98 ship 0 0.998955 votes=3
271.52 319.97 320.13 313.05 322.51 329.76 273.91 336.69 ship 0 0.998927 votes=3
620.27 388.31 666.97 379.31 670.35 396.82 623.65 405.83 ship 0 0.998881 votes=3
310.23 529.09 365.94 516.78 370.09 535.55 314.37 547.86 ship 0 0.998859 votes=3
385.45 333.63 427.61 325.56 430.55 340.96 388.39 349.03 ship 0 0.998855 votes=3
491.68 542.78 545.91 528.99 550.50 547.04 496.27 560.83 ship 0 0.998848 votes=3
263.52 278.10 306.91 273.25 308.63 288.68 265.25 293.53 ship 0 0.998712 votes=3
280.27 445.29 291.57 510.08 267.32 514.31 256.02 449.53 ship 0 0.998701 votes=3
425.45 217.10 480.27 207.00 483.36 223.76 428.54 233.86 ship 0 0.998679 votes=3
628.52 512.63 693.46 500.18 697.61 521.80 632.66 534.25 ship 0 0.998606 votes=3
636.86 463.55 682.44 455.67 685.37 472.58 639.79 480.47 ship 0 0.998603 votes=3
631.34 439.93 676.71 429.34 680.33 444.86 634.96 455.45 ship 0 0.998528 votes=3
655.81 560.85 700.92 551.11 704.10 565.84 659.00 575.59 ship 0 0.998443 votes=3
477.56 466.71 517.77 463.19 518.93 476.36 478.71 479.88 ship 0 0.998293 votes=3
297.74 455.36 347.29 451.75 348.41 467.04 298.85 470.65 ship 0 0.998181 votes=3
465.12 423.35 517.53 413.19 520.73 429.70 468.33 439.87 ship 0 0.998032 votes=3
562.21 135.86 611.49 124.10 615.37 140.37 566.10 152.13 ship 0 0.998002 votes=3
415.35 169.42 463.61 163.13 465.76 179.62 417.50 185.91 ship 0 0.997674 votes=3
405.80 125.20 453.12 115.41 456.20 130.30 408.88 140.10 ship 0 0.997353 votes=3
652.51 535.52 697.48 525.65 701.40 543.52 656.43 553.39 ship 0 0.997180 votes=3
582.29 208.95 627.67 200.23 630.43 214.58 585.05 223.31 ship 0 0.997017 votes=3
569.93 157.61 617.12 149.72 619.89 166.34 572.71 174.23 ship 0 0.996978 votes=3
447.02 327.84 479.54 322.33 481.46 333.62 448.94 339.13 ship 0 0.996805 votes=3
429.32 239.89 460.22 236.35 461.59 248.36 430.70 251.90 ship 0 0.996778 votes=3
611.31 365.55 656.81 358.12 659.93 377.22 614.42 384.65 ship 0 0.996473 votes=3
356.78 204.60 399.03 199.27 400.93 214.31 358.68 219.65 ship 0 0.996072 votes=3
624.42 417.22 672.87 409.32 675.26 424.03 626.81 431.93 ship 0 0.995916 votes=3
642.58 486.22 683.60 479.03 686.22 493.98 645.20 501.17 ship 0 0.995266 votes=3
285.04 380.12 334.81 370.81 337.54 385.38 287.77 394.69 ship 0 0.995234 votes=3
282.93 358.44 312.22 354.03 313.87 365.04 284.58 369.45 ship 0 0.995003 votes=3
452.01 345.45 485.26 340.37 487.11 352.49 453.86 357.57 ship 0 0.994022 votes=3
257.32 221.95 288.81 215.05 291.54 227.50 260.05 234.40 ship 0 0.994005 votes=3
585.78 228.77 632.17 218.65 635.25 232.77 588.86 242.88 ship 0 0.991854 votes=3
762.88 621.16 801.18 625.52 799.59 639.48 761.29 635.11 ship 0 0.991800 votes=3
306.21 489.38 350.59 476.34 354.69 490.32 310.31 503.36 ship 0 0.991506 votes=3
393.54 355.96 432.51 350.14 434.46 363.20 395.49 369.02 ship 0 0.990654 votes=3
584.93 254.91 637.62 241.97 641.58 258.08 588.89 271.02 ship 0 0.990493 votes=3
484.42 497.82 534.56 484.35 538.70 499.76 488.56 513.23 ship 0 0.990212 votes=3
720.52 701.44 751.82 694.66 754.26 705.93 722.96 712.71 ship 0 0.984789 votes=3
442.05 311.92 478.31 306.84 479.92 318.38 443.67 323.47 ship 0 0.984605 votes=3
656.71 679.03 705.67 684.42 703.30 705.92 654.34 700.53 ship 0 0.984231 votes=3
323.65 578.67 371.34 570.31 373.90 584.91 326.21 593.26 ship 0 0.982954 votes=3
686.86 394.27 694.04 373.23 703.57 376.49 696.39 397.52 ship 0 0.972447 votes=3
267.84 303.00 299.43 295.36 302.30 307.23 270.71 314.87 ship 0 0.946354 votes=3
449.67 604.68 483.03 599.19 484.97 610.95 451.61 616.44 ship 0 0.941499 votes=3
452.40 120.79 492.94 370.31 392.32 386.66 351.79 137.14 harbor 0 0.908233 votes=3
688.73 352.90 733.21 580.11 660.58 594.33 616.09 367.12 harbor 0 0.883019 votes=3
505.24 350.35 552.70 603.33 459.79 620.76 412.34 367.78 harbor 0 0.755766 votes=3
307.68 183.43 388.67 652.64 244.14 677.59 163.15 208.38 harbor 0 0.732589 votes=3
