201.75 431.92 348.60 433.07 347.45 579.05 200.60 577.89 baseballfield 0 0.999640 votes=3
428.65 124.72 429.92 202.57 381.68 203.36 380.41 125.51 basketballcourt 0 0.999594 votes=3
426.79 31.45 428.32 109.56 380.01 110.50 378.48 32.40 basketballcourt 0 0.999583 votes=3
302.16 31.89 302.82 110.88 254.57 111.28 253.91 32.29 basketballcourt 0 0.999570 votes=3
303.21 125.30 304.27 205.23 255.66 205.87 254.60 125.94 basketballcourt 0 0.999560 votes=3
240.79 127.56 241.14 205.83 192.27 206.05 191.92 127.78 basketballcourt 0 0.999560 votes=3
239.47 33.65 239.95 111.23 191.61 111.52 191.13 33.95 basketballcourt 0 0.999535 votes=3
365.56 32.44 365.88 110.55 317.58 110.74 317.26 32.64 basketballcourt 0 0.999529 votes=3
365.57 125.41 366.37 204.57 319.05 205.05 318.25 125.89 basketballcourt 0 0.999514 votes=3
128.16 125.24 128.99 195.66 95.92 196.05 95.09 125.63 tenniscourt 0 0.999482 votes=3
137.50 195.03 137.86 123.82 173.26 124.00 172.91 195.21 tenniscourt 0 0.999412 votes=3
678.93 -0.02 768.57 520.14 541.13 559.33 451.49 39.18 groundtrackfield 0 0.999291 votes=3
115.53 541.00 131.87 548.87 129.01 554.79 112.68 546.91 vehicle 0 0.862696 votes=3
113.32 500.24 128.86 507.50 126.61 512.32 111.06 505.06 vehicle 0 0.792193 votes=3
101.91 57.13 168.76 56.40 169.14 91.68 102.30 92.41 tenniscourt 0 0.786211 votes=2
