304.10 98.14 304.79 211.77 267.95 211.99 267.26 98.36 ship 0 0.999709 votes=3
538.15 272.26 606.82 268.59 608.25 295.30 539.58 298.97 ship 0 0.999705 votes=3
670.77 673.81 756.40 665.69 758.98 692.87 673.34 701.00 ship 0 0.999704 votes=3
652.00 412.90 730.03 411.12 730.67 439.05 652.63 440.83 ship 0 0.999653 votes=3
548.86 482.61 624.47 473.34 627.64 499.18 552.03 508.46 ship 0 0.999641 votes=3
361.89 212.87 369.09 70.64 413.48 72.89 406.28 215.12 ship 0 0.999621 votes=3
534.67 239.64 606.79 231.77 609.50 256.68 537.39 264.54 ship 0 0.999586 votes=3
662.76 562.15 739.96 557.15 741.66 583.39 664.46 588.39 ship 0 0.999564 votes=3
648.43 377.56 729.86 375.85 730.47 404.84 649.04 406.55 ship 0 0.999522 votes=3
545.64 545.61 630.01 540.29 631.93 570.79 547.56 576.11 ship 0 0.999521 votes=3
643.18 340.26 728.17 336.75 729.49 368.79 644.50 372.29 ship 0 0.999518 votes=3
550.52 415.84 620.09 408.84 622.58 433.60 553.01 440.60 ship 0 0.999487 votes=3
316.90 217.08 320.06 51.36 359.46 52.11 356.29 217.83 ship 0 0.999459 votes=3
560.70 722.40 638.96 714.33 641.55 739.50 563.29 747.57 ship 0 0.999458 votes=3
542.59 349.12 612.98 339.79 616.11 363.35 545.71 372.68 ship 0 0.999441 votes=3
544.08 307.84 615.46 305.53 616.33 332.27 544.95 334.58 ship 0 0.999412 votes=3
547.13 450.22 617.50 439.64 620.97 462.74 550.60 473.32 ship 0 0.999404 votes=3
326.51 703.32 327.42 556.08 364.33 556.31 363.42 703.55 ship 0 0.999380 votes=3
655.80 489.18 730.05 480.92 732.63 504.07 658.38 512.33 ship 0 0.999363 votes=3
642.44 268.02 719.06 267.71 719.17 295.14 642.56 295.45 ship 0 0.999316 votes=3
393.48 457.36 454.85 458.06 454.62 477.85 393.26 477.15 ship 0 0.999273 votes=3
563.48 656.43 637.55 648.90 639.96 672.52 565.88 680.05 ship 0 0.999203 votes=3
394.30 396.08 450.35 398.23 449.54 419.17 393.50 417.03 ship 0 0.999188 votes=3
562.01 617.51 634.05 613.32 635.60 639.97 563.56 644.15 ship 0 0.999141 votes=3
399.74 274.76 462.41 276.52 461.77 299.36 399.10 297.60 ship 0 0.999084 votes=3
396.00 425.58 453.89 430.09 452.28 450.84 394.39 446.33 ship 0 0.999017 votes=3
389.50 603.45 453.60 605.60 452.81 628.90 388.71 626.75 ship 0 0.999015 votes=3
294.22 241.95 367.37 240.91 367.71 264.87 294.57 265.92 ship 0 0.998804 votes=3
550.18 379.39 620.41 375.79 621.66 400.13 551.43 403.73 ship 0 0.998798 votes=3
414.85 213.85 419.33 82.04 457.50 83.34 453.01 215.15 ship 0 0.998713 votes=3
395.86 483.53 463.55 488.46 461.91 510.96 394.22 506.03 ship 0 0.998650 votes=3
285.97 274.95 367.55 273.92 367.89 301.18 286.31 302.21 ship 0 0.998210 votes=3
557.68 687.49 641.01 683.30 642.51 713.19 559.18 717.38 ship 0 0.998141 votes=3
388.41 682.26 449.95 687.89 448.24 706.62 386.70 700.99 ship 0 0.997923 votes=3
493.31 36.58 498.42 99.70 476.99 101.43 471.87 38.32 ship 0 0.997843 votes=3
385.00 739.78 448.19 739.47 448.31 763.56 385.12 763.87 ship 0 0.997802 votes=3
285.32 305.06 366.36 307.62 365.45 336.67 284.40 334.11 ship 0 0.997799 votes=3
389.59 655.89 462.07 661.91 460.28 683.50 387.80 677.49 ship 0 0.997270 votes=3
689.69 65.70 735.56 787.87 578.58 797.84 532.71 75.67 harbor 0 0.942138 votes=3
455.05 165.02 469.84 773.47 333.31 776.79 318.52 168.34 harbor 0 0.739331 votes=3
