163.12 587.75 189.82 532.65 208.08 541.49 181.38 596.59 ship 0 0.999451 votes=3
250.43 624.66 294.43 651.91 284.68 667.65 240.69 640.40 ship 0 0.999203 votes=3
135.15 650.43 154.22 603.89 171.78 611.09 152.71 657.63 ship 0 0.999128 votes=3
398.22 407.05 435.83 434.24 425.79 448.12 388.18 420.93 ship 0 0.999108 votes=3
386.24 429.44 426.77 456.01 417.15 470.68 376.63 444.11 ship 0 0.999049 votes=3
353.32 587.14 393.74 529.33 413.50 543.14 373.08 600.95 ship 0 0.998688 votes=3
632.42 102.19 650.94 80.05 659.75 87.41 641.23 109.56 vehicle 0 0.998521 votes=3
458.59 431.42 488.80 392.70 502.65 403.51 472.45 442.23 ship 0 0.998450 votes=3
269.16 605.38 306.14 631.52 297.03 644.42 260.04 618.27 ship 0 0.998119 votes=3
592.45 723.90 611.34 734.82 606.34 743.47 587.45 732.55 vehicle 0 0.997964 votes=3
462.74 324.14 498.37 344.88 491.65 356.43 456.02 335.70 ship 0 0.997499 votes=3
438.00 354.68 475.36 378.95 467.44 391.13 430.08 366.85 ship 0 0.997020 votes=3
522.88 261.30 543.75 278.44 536.26 287.57 515.39 270.43 ship 0 0.996438 votes=3
352.57 493.45 383.73 512.36 376.57 524.15 345.41 505.25 ship 0 0.996207 votes=3
256.79 435.70 290.80 382.86 307.54 393.63 273.53 446.47 ship 0 0.994617 votes=3
671.01 603.99 693.60 619.97 687.27 628.91 664.69 612.94 vehicle 0 0.994202 votes=3
170.38 414.76 237.75 452.03 205.56 510.22 138.19 472.95 harbor 0 0.993145 votes=3
375.92 453.56 412.43 475.51 404.78 488.22 368.28 466.26 ship 0 0.991277 votes=3
35.28 731.47 120.94 733.94 119.35 789.01 33.70 786.54 harbor 0 0.990380 votes=3
508.66 277.17 534.55 292.38 528.78 302.21 502.89 286.99 ship 0 0.990266 votes=3
325.01 347.15 349.68 311.81 361.49 320.06 336.83 355.40 ship 0 0.985199 votes=3
51.39 655.75 133.35 670.03 123.99 723.76 42.03 709.48 harbor 0 0.978293 votes=3
228.81 335.44 293.24 380.02 258.08 430.83 193.65 386.25 harbor 0 0.976764 votes=3
254.31 292.19 313.73 211.21 390.06 267.22 330.63 348.21 harbor 0 0.972318 votes=3
640.44 659.52 659.26 674.47 653.09 682.24 634.27 667.29 vehicle 0 0.958566 votes=3
91.03 580.01 153.38 605.22 134.87 650.99 72.52 625.77 harbor 0 0.958216 votes=3
677.68 629.75 699.83 645.48 693.69 654.13 671.54 638.39 vehicle 0 0.956494 votes=3
122.22 504.93 184.94 541.93 157.44 588.54 94.73 551.55 harbor 0 0.905370 votes=3
503.35 313.19 517.74 319.80 514.60 326.63 500.21 320.02 ship 0 0.726418 votes=3
327.20 206.37 373.99 126.65 445.51 168.64 398.72 248.35 harbor 0 0.710800 votes=3
641.40 695.99 660.24 709.00 654.56 717.23 635.72 704.22 vehicle 0 0.644872 votes=2
