193.62 701.51 203.31 650.28 220.92 653.60 211.23 704.84 ship 0 0.999591 votes=3
432.31 333.76 434.22 289.12 448.99 289.75 447.08 334.39 ship 0 0.999582 votes=3
346.88 327.50 349.08 277.56 366.14 278.31 363.94 328.25 ship 0 0.999572 votes=3
162.71 701.81 168.88 643.05 186.73 644.92 180.56 703.69 ship 0 0.999545 votes=3
426.31 396.99 428.42 349.17 445.40 349.92 443.29 397.74 ship 0 0.999466 votes=3
434.20 553.65 439.31 460.76 462.35 462.02 457.24 554.92 ship 0 0.999459 votes=3
523.25 591.08 541.37 535.34 558.97 541.06 540.85 596.80 ship 0 0.999431 votes=3
660.67 270.72 686.77 203.25 703.51 209.73 677.41 277.19 ship 0 0.999420 votes=3
190.12 481.54 192.50 438.99 206.85 439.80 204.47 482.34 ship 0 0.999357 votes=3
115.00 475.39 116.26 433.29 130.63 433.73 129.37 475.82 ship 0 0.999350 votes=3
152.39 478.74 152.88 437.80 167.68 437.97 167.19 478.92 ship 0 0.999347 votes=3
258.07 378.18 260.52 335.61 277.09 336.57 274.64 379.13 ship 0 0.999344 votes=3
383.96 394.73 385.64 346.80 402.24 347.38 400.57 395.31 ship 0 0.999323 votes=3
502.21 213.06 504.98 158.71 522.36 159.60 519.59 213.95 ship 0 0.999287 votes=3
496.75 340.38 497.93 288.16 513.92 288.52 512.75 340.74 ship 0 0.999268 votes=3
228.03 485.60 228.28 444.24 241.96 444.32 241.71 485.68 ship 0 0.999243 votes=3
359.04 496.08 361.13 450.90 377.27 451.65 375.18 496.83 ship 0 0.999229 votes=3
717.77 300.29 741.50 227.02 761.70 233.56 737.97 306.83 ship 0 0.999198 votes=3
435.92 204.43 438.26 153.78 455.60 154.58 453.27 205.23 ship 0 0.999194 votes=3
370.85 330.30 373.06 284.55 389.21 285.32 387.01 331.08 ship 0 0.999178 votes=3
406.91 208.31 412.33 150.19 430.03 151.84 424.61 209.96 ship 0 0.999131 votes=3
411.79 333.16 415.46 287.86 431.58 289.17 427.90 334.46 ship 0 0.999093 votes=3
514.86 337.68 515.35 286.15 532.51 286.32 532.02 337.84 ship 0 0.999093 votes=3
300.01 490.75 304.21 447.44 319.24 448.90 315.04 492.21 ship 0 0.999088 votes=3
202.37 316.87 203.46 263.42 220.91 263.78 219.81 317.23 ship 0 0.999085 votes=3
173.83 478.76 174.88 440.83 188.53 441.21 187.47 479.14 ship 0 0.999080 votes=3
210.26 482.45 212.72 443.93 225.51 444.75 223.05 483.27 ship 0 0.999014 votes=3
324.35 388.88 326.03 339.01 342.81 339.58 341.13 389.44 ship 0 0.999011 votes=3
36.76 782.47 104.00 760.46 109.90 778.46 42.65 800.47 ship 0 0.998997 votes=3
448.10 397.30 451.06 355.53 467.18 356.67 464.22 398.44 ship 0 0.998995 votes=3
345.06 386.21 345.98 343.76 361.17 344.09 360.26 386.54 ship 0 0.998994 votes=3
492.27 665.20 518.24 606.06 535.68 613.72 509.71 672.86 ship 0 0.998975 votes=3
480.85 223.10 483.37 155.84 502.04 156.54 499.53 223.80 ship 0 0.998965 votes=3
389.97 330.79 391.12 284.93 406.87 285.32 405.72 331.19 ship 0 0.998946 votes=3
642.02 245.94 661.11 199.75 676.55 206.13 657.45 252.32 ship 0 0.998853 votes=3
406.69 393.55 409.01 350.77 424.64 351.62 422.32 394.39 ship 0 0.998838 votes=3
338.04 760.64 392.94 736.23 400.80 753.92 345.90 778.33 ship 0 0.998812 votes=3
286.68 323.13 287.44 278.44 302.52 278.70 301.76 323.39 ship 0 0.998715 votes=3
526.44 209.14 528.23 160.62 545.73 161.27 543.94 209.79 ship 0 0.998705 votes=3
389.94 207.43 391.83 148.91 409.06 149.47 407.16 207.98 ship 0 0.998669 votes=3
239.52 376.44 242.15 332.11 257.29 333.01 254.66 377.34 ship 0 0.998660 votes=3
256.60 502.19 256.73 545.17 242.16 545.21 242.03 502.23 ship 0 0.998646 votes=3
247.69 486.50 249.63 438.76 265.01 439.38 263.07 487.12 ship 0 0.998595 votes=3
111.52 525.37 112.98 489.34 125.04 489.83 123.59 525.86 ship 0 0.998575 votes=3
208.68 600.01 208.70 632.76 196.78 632.77 196.75 600.01 ship 0 0.998552 votes=3
307.43 322.49 309.66 282.50 324.95 283.35 322.72 323.34 ship 0 0.998532 votes=3
216.71 383.70 218.60 330.58 236.59 331.22 234.69 384.34 ship 0 0.998525 votes=3
284.05 379.24 284.63 339.19 299.97 339.41 299.38 379.46 ship 0 0.998501 votes=3
313.71 200.81 320.19 140.70 337.97 142.62 331.49 202.73 ship 0 0.998480 votes=3
494.41 402.46 496.18 360.21 510.27 360.79 508.50 403.04 ship 0 0.998478 votes=3
573.00 218.54 580.77 164.01 596.77 166.29 589.00 220.81 ship 0 0.998462 votes=3
313.76 547.79 317.82 508.50 332.27 510.00 328.21 549.28 ship 0 0.998436 votes=3
71.68 528.27 74.04 485.04 87.97 485.80 85.61 529.04 ship 0 0.998414 votes=3
198.50 378.39 200.97 329.37 217.61 330.21 215.14 379.23 ship 0 0.998407 votes=3
457.88 207.47 459.04 154.36 476.53 154.74 475.37 207.85 ship 0 0.998397 votes=3
335.81 492.40 340.81 448.09 356.43 449.86 351.42 494.16 ship 0 0.998396 votes=3
283.52 488.23 287.00 452.60 300.37 453.91 296.90 489.53 ship 0 0.998213 votes=3
308.42 641.43 309.22 606.06 321.56 606.34 320.76 641.71 ship 0 0.998122 votes=3
452.97 336.80 456.32 294.58 471.92 295.82 468.57 338.04 ship 0 0.998105 votes=3
698.71 596.58 710.66 643.28 694.93 647.30 682.98 600.61 ship 0 0.998074 votes=3
166.08 530.07 169.64 495.08 183.18 496.46 179.63 531.45 ship 0 0.998027 votes=3
470.22 399.27 473.71 350.40 488.72 351.47 485.23 400.34 ship 0 0.997979 votes=3
304.82 377.80 304.85 339.15 318.99 339.16 318.96 377.81 ship 0 0.997969 votes=3
335.88 693.06 338.87 658.33 351.12 659.38 348.12 694.12 ship 0 0.997902 votes=3
408.33 552.12 410.78 512.81 424.30 513.66 421.84 552.96 ship 0 0.997788 votes=3
264.52 310.31 265.18 270.53 281.93 270.81 281.27 310.59 ship 0 0.997732 votes=3
289.36 684.98 290.01 651.25 302.83 651.49 302.18 685.23 ship 0 0.997647 votes=3
266.28 486.64 267.49 451.34 280.43 451.78 279.21 487.08 ship 0 0.997518 votes=3
233.97 501.05 233.99 535.53 220.28 535.54 220.26 501.06 ship 0 0.997375 votes=3
277.36 540.67 279.81 504.38 292.66 505.25 290.21 541.53 ship 0 0.997310 votes=3
598.09 222.60 616.07 173.05 631.31 178.58 613.33 228.13 ship 0 0.997231 votes=3
331.80 551.39 333.42 510.68 348.02 511.27 346.39 551.98 ship 0 0.997122 votes=3
177.26 373.11 179.26 326.77 193.75 327.40 191.75 373.74 ship 0 0.996971 votes=3
398.76 497.68 399.10 462.06 411.08 462.17 410.74 497.80 ship 0 0.996900 votes=3
409.35 734.24 468.17 690.35 480.08 706.30 421.26 750.20 ship 0 0.996879 votes=3
351.87 544.68 352.42 509.93 366.69 510.16 366.14 544.91 ship 0 0.996832 votes=3
258.50 699.56 259.16 654.37 282.62 654.71 281.96 699.90 ship 0 0.996688 votes=3
415.03 498.52 416.96 463.43 429.64 464.13 427.71 499.22 ship 0 0.996643 votes=3
62.52 664.08 63.58 634.29 75.27 634.70 74.21 664.49 ship 0 0.996292 votes=3
203.88 529.15 204.63 498.51 216.62 498.80 215.87 529.44 ship 0 0.995878 votes=3
255.28 604.60 255.30 634.89 243.35 634.90 243.33 604.60 ship 0 0.995656 votes=3
128.39 688.17 128.78 642.06 151.84 642.26 151.46 688.37 ship 0 0.995551 votes=3
329.12 325.30 330.11 288.86 343.09 289.21 342.10 325.65 ship 0 0.995460 votes=3
516.27 230.19 520.37 278.91 503.88 280.30 499.77 231.58 ship 0 0.995311 votes=3
66.25 618.28 67.74 589.76 79.07 590.35 77.57 618.87 ship 0 0.995170 votes=3
245.07 318.31 245.10 289.93 257.94 289.95 257.91 318.33 ship 0 0.994963 votes=3
57.03 531.13 58.14 485.04 71.93 485.37 70.82 531.47 ship 0 0.994918 votes=3
261.02 531.25 261.15 500.78 274.10 500.84 273.96 531.31 ship 0 0.994765 votes=3
98.16 622.61 99.49 589.12 112.50 589.64 111.17 623.13 ship 0 0.994701 votes=3
77.99 663.29 79.07 634.67 91.49 635.14 90.41 663.76 ship 0 0.994515 votes=3
29.79 660.84 31.10 632.34 43.06 632.89 41.75 661.39 ship 0 0.994246 votes=3
323.70 685.23 324.44 658.20 335.54 658.51 334.79 685.54 ship 0 0.993973 votes=3
294.68 541.55 295.52 509.08 309.52 509.44 308.69 541.91 ship 0 0.993870 votes=3
245.40 169.95 259.44 144.78 270.58 150.99 256.54 176.16 ship 0 0.993423 votes=3
680.40 549.69 684.16 577.25 673.38 578.73 669.61 551.17 ship 0 0.993341 votes=3
154.76 364.50 156.35 337.74 169.58 338.53 167.99 365.28 ship 0 0.990821 votes=3
294.24 640.98 294.95 612.33 305.86 612.60 305.15 641.25 ship 0 0.990653 votes=3
392.00 547.11 394.11 512.13 406.37 512.87 404.26 547.85 ship 0 0.990509 votes=3
178.43 628.80 180.88 605.46 191.96 606.62 189.51 629.96 ship 0 0.990239 votes=3
322.49 491.67 322.70 461.11 335.61 461.20 335.40 491.76 ship 0 0.989817 votes=3
276.43 637.13 279.69 611.47 290.83 612.88 287.58 638.54 ship 0 0.989646 votes=3
513.97 398.97 514.34 352.05 529.17 352.16 528.80 399.09 ship 0 0.988866 votes=3
228.32 698.50 233.29 649.86 253.24 651.90 248.26 700.54 ship 0 0.982325 votes=3
49.26 433.88 446.67 468.76 439.37 551.95 41.96 517.06 harbor 0 0.982288 votes=3
148.63 272.20 535.71 303.85 527.92 399.05 140.84 367.40 harbor 0 0.981966 votes=3
714.24 695.37 747.52 681.71 752.53 693.91 719.25 707.57 ship 0 0.977094 votes=3
11.39 657.38 12.28 632.36 24.12 632.79 23.23 657.81 ship 0 0.973755 votes=3
3.12 583.31 369.92 615.82 362.88 695.28 -3.93 662.77 harbor 0 0.972402 votes=3
144.45 598.75 144.52 626.19 132.91 626.22 132.84 598.78 ship 0 0.963311 votes=2
112.98 625.64 116.06 594.24 128.00 595.41 124.92 626.81 ship 0 0.957401 votes=3
306.49 684.86 306.49 654.82 318.26 654.82 318.26 684.87 ship 0 0.938250 votes=3
14.90 618.47 15.51 579.70 28.10 579.90 27.48 618.67 ship 0 0.936825 votes=3
293.98 798.02 317.74 773.94 326.50 782.58 302.75 806.66 ship 0 0.931038 votes=3
750.10 781.71 779.60 768.65 784.63 780.01 755.14 793.07 ship 0 0.915516 votes=3
369.27 675.42 373.59 623.97 393.35 625.63 389.02 677.08 ship 0 0.915378 votes=3
580.36 664.51 589.29 678.76 584.40 681.82 575.48 667.57 vehicle 0 0.912634 votes=3
743.35 766.69 769.26 755.31 773.78 765.61 747.87 776.99 ship 0 0.912211 votes=3
258.25 104.90 793.82 186.78 782.23 262.64 246.66 180.76 harbor 0 0.865562 votes=3
273.61 609.57 273.66 638.47 261.41 638.49 261.36 609.59 ship 0 0.852839 votes=3
730.73 728.60 758.46 717.12 763.24 728.68 735.52 740.15 ship 0 0.788497 votes=3
