507.95 506.49 508.13 538.13 494.14 538.21 493.95 506.57 vehicle 0 0.999714 votes=3
471.55 500.54 472.14 537.46 457.61 537.69 457.02 500.77 vehicle 0 0.999674 votes=3
602.25 704.80 632.95 704.46 633.09 717.49 602.39 717.82 vehicle 0 0.999656 votes=3
93.70 679.40 98.02 639.27 113.65 640.95 109.34 681.08 vehicle 0 0.999652 votes=3
617.32 489.92 622.34 520.18 609.29 522.35 604.27 492.08 vehicle 0 0.999645 votes=3
412.94 534.97 414.15 505.93 426.82 506.45 425.62 535.49 vehicle 0 0.999629 votes=3
738.85 448.67 753.63 478.38 741.08 484.62 726.31 454.91 vehicle 0 0.999589 votes=3
444.67 705.89 472.88 704.38 473.54 716.82 445.34 718.33 vehicle 0 0.999435 votes=3
687.62 469.07 697.82 497.55 685.15 502.08 674.96 473.61 vehicle 0 0.999362 votes=3
172.53 161.41 399.94 162.31 399.05 386.81 171.64 385.91 baseballfield 0 0.999338 votes=3
540.26 510.60 540.48 537.00 529.93 537.08 529.71 510.68 vehicle 0 0.998045 votes=3
388.31 624.74 391.34 592.80 404.89 594.09 401.86 626.03 vehicle 0 0.998014 votes=3
757.22 434.93 770.33 462.83 759.39 467.97 746.28 440.07 vehicle 0 0.995493 votes=3
