650.73 288.03 741.17 282.10 742.70 305.47 652.26 311.39 ship 0 0.999446 votes=3
654.13 525.09 733.85 515.63 736.48 537.75 656.75 547.21 ship 0 0.999376 votes=3
580.95 407.72 631.59 407.46 631.67 424.88 581.04 425.14 ship 0 0.999192 votes=3
388.49 463.95 435.15 464.10 435.10 479.85 388.44 479.69 ship 0 0.999134 votes=3
379.52 667.30 415.86 667.58 415.75 681.30 379.42 681.02 ship 0 0.999051 votes=3
375.05 337.11 421.00 335.23 421.62 350.43 375.67 352.31 ship 0 0.998907 votes=3
196.15 632.83 233.61 632.24 233.81 645.48 196.36 646.06 ship 0 0.998786 votes=3
612.85 629.83 646.30 628.45 646.80 640.45 613.34 641.83 ship 0 0.998764 votes=3
439.04 378.73 487.10 375.44 488.25 392.24 440.19 395.53 ship 0 0.998747 votes=3
581.31 380.98 631.50 380.12 631.77 395.86 581.58 396.71 ship 0 0.998746 votes=3
118.07 395.60 158.10 393.56 158.77 406.75 118.74 408.78 ship 0 0.998670 votes=3
269.62 343.93 310.89 344.31 310.76 357.79 269.50 357.42 ship 0 0.998643 votes=3
120.43 434.40 159.11 432.53 159.73 445.48 121.05 447.35 ship 0 0.998643 votes=3
91.95 597.61 130.05 597.32 130.15 609.82 92.04 610.11 ship 0 0.998598 votes=3
604.22 573.42 643.77 570.10 644.83 582.86 605.28 586.17 ship 0 0.998531 votes=3
78.00 476.06 106.46 476.55 106.29 486.57 77.83 486.08 ship 0 0.998487 votes=3
578.78 333.52 626.64 332.57 626.94 347.68 579.08 348.63 ship 0 0.998485 votes=3
606.49 553.81 644.69 551.63 645.49 565.63 607.29 567.81 ship 0 0.998389 votes=3
674.20 591.40 728.54 584.43 730.70 601.32 676.36 608.28 ship 0 0.998364 votes=3
122.88 492.50 159.16 490.26 159.90 502.19 123.62 504.44 ship 0 0.998339 votes=3
376.26 630.55 410.70 630.10 410.86 642.69 376.43 643.15 ship 0 0.998301 votes=3
122.31 471.86 162.11 468.31 163.33 481.93 123.52 485.47 ship 0 0.998278 votes=3
270.90 406.79 315.39 408.68 314.79 422.69 270.30 420.81 ship 0 0.998256 votes=3
649.98 457.76 710.30 451.02 712.47 470.47 652.15 477.20 ship 0 0.998210 votes=3
380.99 648.10 416.69 647.10 417.03 659.16 381.33 660.16 ship 0 0.998140 votes=3
93.55 636.08 132.17 635.83 132.26 649.37 93.64 649.63 ship 0 0.998137 votes=3
519.53 599.12 552.24 598.99 552.28 609.62 519.57 609.75 ship 0 0.998123 votes=3
272.19 427.64 314.15 427.27 314.26 439.91 272.30 440.28 ship 0 0.998107 votes=3
224.01 454.49 262.74 454.59 262.70 468.18 223.98 468.08 ship 0 0.998097 votes=3
120.14 453.22 161.67 449.43 162.99 463.83 121.46 467.61 ship 0 0.998067 votes=3
449.59 450.92 498.43 449.17 498.99 465.01 450.16 466.76 ship 0 0.998030 votes=3
388.13 442.00 429.68 440.77 430.09 454.44 388.53 455.67 ship 0 0.997999 votes=3
264.69 320.42 310.22 321.61 309.78 338.41 264.25 337.22 ship 0 0.997996 votes=3
272.00 387.44 315.58 386.19 315.98 400.38 272.41 401.63 ship 0 0.997923 votes=3
430.75 307.97 480.48 305.43 481.39 323.38 431.66 325.91 ship 0 0.997895 votes=3
114.17 357.48 150.80 355.20 151.58 367.76 114.95 370.04 ship 0 0.997824 votes=3
612.14 594.08 646.20 593.28 646.49 605.38 612.43 606.19 ship 0 0.997772 votes=3
373.89 595.44 411.60 591.68 412.85 604.18 375.13 607.93 ship 0 0.997722 votes=3
97.03 655.48 135.55 656.20 135.30 669.69 96.78 668.97 ship 0 0.997652 votes=3
194.66 650.94 235.59 650.69 235.67 663.26 194.74 663.50 ship 0 0.997652 votes=3
646.16 319.34 735.55 312.99 737.45 339.74 648.06 346.10 ship 0 0.997623 votes=3
520.87 656.04 559.18 655.26 559.48 669.81 521.16 670.59 ship 0 0.997614 votes=3
218.51 391.31 255.07 389.54 255.69 402.32 219.13 404.09 ship 0 0.997609 votes=3
272.30 472.98 315.42 470.87 316.09 484.44 272.96 486.54 ship 0 0.997395 votes=3
94.14 616.80 130.57 615.05 131.22 628.53 94.79 630.28 ship 0 0.997392 votes=3
117.03 378.85 153.23 377.97 153.51 389.37 117.30 390.25 ship 0 0.997389 votes=3
578.78 359.93 626.03 357.09 626.95 372.44 579.70 375.27 ship 0 0.997386 votes=3
437.02 355.97 485.73 354.40 486.24 370.20 437.53 371.77 ship 0 0.997373 votes=3
577.53 285.82 645.73 279.09 648.74 309.62 580.55 316.35 ship 0 0.997370 votes=3
434.44 332.64 484.61 328.60 485.93 345.06 435.76 349.10 ship 0 0.997344 votes=3
601.47 516.67 635.73 513.48 636.87 525.67 602.61 528.86 ship 0 0.997301 votes=3
525.62 675.92 558.51 673.40 559.39 684.84 526.50 687.35 ship 0 0.997246 votes=3
375.14 611.04 408.07 610.73 408.18 622.00 375.24 622.31 ship 0 0.997221 votes=3
204.46 732.91 243.01 731.27 243.58 744.67 205.03 746.32 ship 0 0.997121 votes=3
241.56 603.65 276.24 600.81 277.26 613.27 242.58 616.11 ship 0 0.997039 votes=3
381.66 381.82 423.35 377.98 424.64 391.99 382.95 395.83 ship 0 0.997036 votes=3
513.80 580.38 551.70 578.38 552.42 591.98 514.51 593.98 ship 0 0.997035 votes=3
438.58 407.38 486.80 402.79 488.10 416.44 439.88 421.03 ship 0 0.996960 votes=3
463.84 548.28 499.77 547.45 500.07 560.28 464.14 561.12 ship 0 0.996905 votes=3
372.78 574.17 408.54 572.94 408.96 585.16 373.20 586.39 ship 0 0.996864 votes=3
17.59 489.02 21.66 527.74 8.25 529.15 4.18 490.43 ship 0 0.996846 votes=3
613.16 653.84 650.60 652.04 651.17 663.71 613.72 665.51 ship 0 0.996787 votes=3
248.52 677.05 279.40 675.45 279.98 686.50 249.09 688.10 ship 0 0.996663 votes=3
31.42 85.75 43.13 116.33 31.75 120.69 20.04 90.10 ship 0 0.996637 votes=3
249.30 656.80 280.70 656.07 280.94 666.39 249.53 667.11 ship 0 0.996391 votes=3
650.85 357.58 718.77 351.42 720.70 372.66 652.77 378.82 ship 0 0.996389 votes=3
240.82 566.10 276.14 565.49 276.35 577.73 241.03 578.34 ship 0 0.996385 votes=3
72.72 401.02 105.21 398.90 105.96 410.46 73.48 412.58 ship 0 0.996220 votes=3
180.65 550.78 217.65 547.31 218.84 559.95 181.84 563.42 ship 0 0.996218 votes=3
577.15 486.86 633.42 486.20 633.62 503.48 577.35 504.13 ship 0 0.996209 votes=3
57.19 636.13 82.17 631.36 84.01 640.98 59.02 645.74 ship 0 0.996161 votes=3
217.73 411.06 257.42 411.64 257.21 425.67 217.52 425.09 ship 0 0.996072 votes=3
244.95 619.09 275.17 618.48 275.39 629.16 245.17 629.77 ship 0 0.996066 votes=3
199.28 713.94 238.76 709.71 240.27 723.74 200.78 727.97 ship 0 0.995974 votes=3
120.17 415.53 157.83 414.29 158.25 426.98 120.59 428.23 ship 0 0.995724 votes=3
369.12 535.03 404.74 534.77 404.82 546.49 369.20 546.75 ship 0 0.995691 votes=3
101.32 696.64 138.47 694.85 139.07 707.44 101.92 709.22 ship 0 0.995678 votes=3
75.94 439.80 106.60 439.01 106.89 450.09 76.22 450.88 ship 0 0.995619 votes=3
74.05 379.02 101.86 378.93 101.89 388.97 74.08 389.06 ship 0 0.995569 votes=3
275.38 451.82 316.17 451.47 316.28 464.18 275.49 464.53 ship 0 0.995535 votes=3
129.21 530.26 168.05 525.71 169.52 538.26 130.68 542.80 ship 0 0.995534 votes=3
76.08 416.60 105.55 414.85 106.20 425.75 76.73 427.50 ship 0 0.995421 votes=3
511.28 522.09 550.63 521.63 550.79 535.05 511.44 535.52 ship 0 0.995330 votes=3
198.20 674.91 235.15 670.78 236.54 683.22 199.59 687.36 ship 0 0.995247 votes=3
92.92 578.32 131.61 577.78 131.79 590.65 93.10 591.20 ship 0 0.995208 votes=3
382.96 709.89 420.41 705.02 422.06 717.70 384.61 722.57 ship 0 0.995120 votes=3
452.66 500.30 499.98 498.13 500.72 514.28 453.41 516.45 ship 0 0.994900 votes=3
191.40 590.10 230.99 588.79 231.44 602.40 191.86 603.71 ship 0 0.994850 votes=3
513.68 562.36 549.25 561.13 549.66 572.87 514.09 574.10 ship 0 0.994732 votes=3
282.74 514.31 323.23 510.95 324.40 524.94 283.90 528.30 ship 0 0.994464 votes=3
98.74 675.58 138.06 673.93 138.66 688.13 99.33 689.78 ship 0 0.994444 votes=3
221.72 435.85 261.57 435.20 261.80 449.37 221.96 450.03 ship 0 0.994404 votes=3
251.36 712.43 282.15 712.10 282.26 722.79 251.48 723.12 ship 0 0.993850 votes=3
606.81 531.46 642.27 531.12 642.39 543.97 606.93 544.32 ship 0 0.993805 votes=3
62.21 700.91 88.44 701.30 88.29 711.49 62.06 711.11 ship 0 0.993557 votes=3
240.94 545.55 271.67 544.69 272.02 557.11 241.28 557.97 ship 0 0.993321 votes=3
473.57 644.46 510.58 640.43 511.89 652.53 474.89 656.56 ship 0 0.993282 votes=3
58.63 686.57 85.42 686.37 85.49 696.42 58.71 696.63 ship 0 0.993238 votes=3
110.72 340.06 148.42 332.86 151.31 347.99 113.61 355.19 ship 0 0.993127 votes=3
529.18 713.96 561.44 713.53 561.58 723.72 529.32 724.16 ship 0 0.993032 votes=3
383.49 687.93 422.31 685.50 423.11 698.34 384.29 700.77 ship 0 0.992706 votes=3
197.71 692.20 236.47 692.14 236.49 705.58 197.73 705.64 ship 0 0.992164 votes=3
391.77 486.78 436.38 485.52 436.80 500.33 392.19 501.60 ship 0 0.992156 votes=3
246.61 639.47 278.55 639.43 278.56 650.78 246.63 650.82 ship 0 0.991965 votes=3
465.40 568.90 502.00 564.76 503.36 576.73 466.76 580.87 ship 0 0.991964 votes=3
444.72 475.81 499.89 472.67 500.87 489.81 445.69 492.95 ship 0 0.991316 votes=3
58.86 669.17 88.40 669.53 88.27 680.01 58.73 679.65 ship 0 0.991174 votes=3
268.49 368.13 311.48 368.30 311.43 381.27 268.44 381.10 ship 0 0.990568 votes=3
377.72 359.43 423.82 357.69 424.38 372.42 378.28 374.16 ship 0 0.990258 votes=3
276.90 496.52 314.83 494.07 315.66 506.90 277.73 509.36 ship 0 0.989798 votes=3
385.60 725.05 418.15 725.05 418.15 736.04 385.60 736.04 ship 0 0.989428 votes=3
69.89 342.83 101.49 342.60 101.56 353.33 69.97 353.56 ship 0 0.988985 votes=3
470.88 585.20 502.27 583.30 502.91 593.94 471.53 595.84 ship 0 0.988981 votes=3
60.21 649.24 82.84 647.88 83.41 657.40 60.79 658.76 ship 0 0.988932 votes=3
338.90 713.42 373.10 710.21 374.25 722.40 340.04 725.61 ship 0 0.988828 votes=3
247.66 692.79 281.30 690.83 281.95 702.15 248.32 704.11 ship 0 0.988578 votes=3
335.16 618.09 367.93 617.50 368.14 629.22 335.38 629.82 ship 0 0.988523 votes=3
64.21 720.65 89.17 718.37 90.16 729.25 65.20 731.54 ship 0 0.988366 votes=3
54.85 612.31 82.49 612.40 82.46 621.54 54.82 621.46 ship 0 0.988217 votes=3
345.60 728.82 377.66 728.77 377.68 739.87 345.61 739.92 ship 0 0.987129 votes=3
460.13 528.51 498.54 527.45 498.94 541.88 460.52 542.94 ship 0 0.986931 votes=3
473.63 660.89 509.79 660.14 510.04 672.62 473.89 673.37 ship 0 0.986777 votes=3
482.47 326.76 492.36 512.58 387.03 518.18 377.15 332.37 harbor 0 0.986532 votes=3
480.10 702.45 514.50 698.75 515.78 710.63 481.38 714.33 ship 0 0.985882 votes=3
700.18 688.91 735.26 681.09 738.10 693.83 703.03 701.65 ship 0 0.985569 votes=3
309.05 336.36 312.44 526.91 222.63 528.51 219.24 337.95 harbor 0 0.984897 votes=3
215.21 331.40 248.37 329.75 248.97 341.82 215.81 343.47 ship 0 0.983940 votes=3
478.69 718.81 521.21 715.49 522.18 727.96 479.66 731.27 ship 0 0.983400 votes=3
473.15 621.81 508.68 621.30 508.85 633.16 473.32 633.67 ship 0 0.981114 votes=3
155.13 350.32 157.00 544.47 77.82 545.23 75.95 351.08 harbor 0 0.981028 votes=3
217.74 373.57 255.25 371.55 255.92 384.02 218.41 386.04 ship 0 0.980531 votes=3
726.94 307.30 748.70 696.49 602.77 704.65 581.01 315.46 harbor 0 0.980133 votes=3
549.42 523.51 559.37 717.41 474.79 721.75 464.84 527.85 harbor 0 0.979802 votes=3
89.03 556.91 127.98 555.17 128.64 569.98 89.69 571.72 ship 0 0.977678 votes=3
100.56 714.45 139.20 712.91 139.78 727.61 101.15 729.14 ship 0 0.977491 votes=3
127.60 559.99 137.39 734.72 59.71 739.07 49.92 564.34 harbor 0 0.977228 votes=3
404.94 535.72 417.64 731.05 339.00 736.17 326.30 540.84 harbor 0 0.976430 votes=3
85.07 514.43 113.90 513.70 114.16 523.95 85.33 524.68 ship 0 0.974528 votes=3
273.45 548.65 280.75 732.86 200.03 736.06 192.73 551.85 harbor 0 0.968575 votes=3
77.08 454.52 108.34 454.10 108.47 463.67 77.21 464.09 ship 0 0.968319 votes=3
69.56 737.27 97.68 736.30 98.04 746.72 69.92 747.68 ship 0 0.964581 votes=3
52.06 578.32 78.35 577.71 78.61 589.07 52.32 589.68 ship 0 0.948697 votes=3
105.10 733.97 138.02 733.70 138.12 745.59 105.20 745.86 ship 0 0.943332 votes=3
79.72 493.75 110.39 493.53 110.47 504.70 79.80 504.93 ship 0 0.929075 votes=3
476.21 679.73 513.52 679.34 513.66 692.48 476.35 692.88 ship 0 0.925253 votes=3
250.81 732.26 279.87 731.56 280.29 748.90 251.23 749.60 ship 0 0.807810 votes=3
