260.43 350.09 302.96 294.79 325.50 312.13 282.98 367.43 vehicle 0 0.999710 votes=3
258.84 419.64 319.54 452.45 306.04 477.44 245.33 444.62 vehicle 0 0.999699 votes=3
681.18 647.20 737.68 688.15 721.76 710.12 665.26 669.16 vehicle 0 0.999690 votes=3
510.72 141.99 563.24 176.22 548.69 198.56 496.16 164.33 vehicle 0 0.999689 votes=3
645.12 228.51 708.27 266.75 693.20 291.64 630.05 253.39 vehicle 0 0.999656 votes=3
726.12 569.01 790.75 613.14 772.86 639.35 708.22 595.22 vehicle 0 0.999644 votes=3
170.31 641.10 228.14 677.66 213.92 700.14 156.09 663.58 vehicle 0 0.999631 votes=3
236.67 545.02 299.37 583.59 284.40 607.93 221.70 569.35 vehicle 0 0.999611 votes=3
706.32 332.82 766.41 370.92 752.19 393.34 692.10 355.24 vehicle 0 0.999600 votes=3
584.56 186.34 634.76 221.23 619.99 242.48 569.79 207.59 vehicle 0 0.999554 votes=3
278.48 478.87 338.77 512.93 325.07 537.17 264.78 503.11 vehicle 0 0.999516 votes=3
613.01 744.08 667.64 775.60 654.03 799.19 599.40 767.68 vehicle 0 0.999495 votes=3
341.99 373.95 413.14 416.08 399.38 439.31 328.23 397.18 vehicle 0 0.999429 votes=3
320.24 406.59 381.43 445.99 365.32 471.01 304.13 431.62 vehicle 0 0.999389 votes=3
32.06 486.66 111.89 527.47 97.38 555.87 17.54 515.05 vehicle 0 0.999308 votes=3
190.86 243.04 256.43 282.06 241.94 306.39 176.37 267.37 vehicle 0 0.998650 votes=3
372.11 340.12 422.43 372.48 409.63 392.38 359.31 360.02 vehicle 0 0.998198 votes=3
