670.53 265.34 695.64 258.22 698.31 267.65 673.20 274.77 vehicle 0 0.998954 votes=3
539.99 286.26 562.82 280.06 565.32 289.27 542.49 295.47 vehicle 0 0.998633 votes=3
237.70 369.68 257.60 364.73 259.58 372.73 239.68 377.67 vehicle 0 0.998204 votes=3
674.49 168.91 694.54 165.55 695.97 174.04 675.91 177.40 vehicle 0 0.995228 votes=3
37.81 435.01 55.73 430.29 57.70 437.75 39.78 442.48 vehicle 0 0.990610 votes=3
768.25 141.24 787.65 137.22 789.32 145.27 769.92 149.29 vehicle 0 0.990331 votes=3
128.16 525.21 150.48 520.66 152.21 529.18 129.90 533.73 vehicle 0 0.987157 votes=3
455.78 324.36 477.57 317.35 480.64 326.88 458.84 333.89 vehicle 0 0.985175 votes=3
289.90 470.20 339.03 461.26 341.34 473.96 292.20 482.89 vehicle 0 0.981911 votes=3
368.59 42.57 512.56 704.46 453.62 717.28 309.66 55.39 overpass 0 0.969807 votes=3
495.96 205.62 512.69 201.79 514.35 209.06 497.63 212.89 vehicle 0 0.937496 votes=3
