343.33 349.48 353.65 433.24 311.69 438.41 301.36 354.66 tenniscourt 0 0.999454 votes=3
282.12 356.48 293.07 440.81 252.11 446.13 241.16 361.80 tenniscourt 0 0.999316 votes=3
358.24 488.49 369.42 574.96 330.54 579.98 319.37 493.51 tenniscourt 0 0.999294 votes=3
300.85 496.67 311.23 581.80 270.19 586.81 259.81 501.67 tenniscourt 0 0.999118 votes=3
165.39 391.97 222.07 384.13 228.46 430.39 171.79 438.22 basketballcourt 0 0.998408 votes=3
27.90 290.96 39.16 305.50 33.05 310.22 21.80 295.68 vehicle 0 0.995913 votes=3
64.55 280.32 70.77 298.13 63.28 300.74 57.07 282.93 vehicle 0 0.994290 votes=3
410.55 55.24 436.28 34.08 443.28 42.59 417.55 63.75 ship 0 0.993758 votes=3
408.38 88.68 435.49 67.21 442.92 76.59 415.81 98.06 ship 0 0.992097 votes=3
249.06 546.42 259.13 601.62 219.35 608.88 209.28 553.67 basketballcourt 0 0.990098 votes=3
11.64 304.79 22.84 318.68 16.82 323.53 5.62 309.65 vehicle 0 0.987781 votes=3
194.86 259.20 196.99 279.13 188.29 280.06 186.16 260.14 vehicle 0 0.986905 votes=3
98.10 272.67 101.30 290.67 92.93 292.16 89.73 274.16 vehicle 0 0.985957 votes=3
164.77 263.26 165.86 280.09 158.05 280.59 156.97 263.76 vehicle 0 0.980699 votes=3
374.19 172.45 557.90 177.98 555.50 257.82 371.79 252.29 bridge 0 0.977150 votes=3
64.68 435.96 79.88 447.92 75.34 453.68 60.15 441.72 vehicle 0 0.971255 votes=3
290.24 303.27 290.40 322.71 282.34 322.77 282.18 303.33 vehicle 0 0.921450 votes=3
203.54 343.36 222.78 342.76 222.99 349.66 203.75 350.25 vehicle 0 0.898255 votes=3
154.57 354.54 172.37 352.42 173.28 360.09 155.48 362.20 vehicle 0 0.837052 votes=2
648.39 245.75 670.63 248.63 669.70 255.83 647.46 252.94 vehicle 0 0.787559 votes=3
177.39 264.18 178.32 280.46 167.64 281.06 166.72 264.79 vehicle 0 0.772354 votes=3
165.06 32.87 168.04 53.87 160.44 54.95 157.46 33.95 vehicle 0 0.735285 votes=3
62.92 40.51 78.31 36.87 79.94 43.76 64.55 47.40 vehicle 0 0.687864 votes=3
