679.17 164.54 739.87 156.38 742.80 178.22 682.10 186.37 ship 0 0.999655 votes=3
480.89 222.10 523.08 174.26 538.28 187.67 496.10 235.51 ship 0 0.999456 votes=3
205.79 316.76 217.51 233.74 243.28 237.37 231.56 320.40 ship 0 0.999442 votes=3
238.74 310.89 250.14 241.53 272.45 245.20 261.05 314.56 ship 0 0.999378 votes=3
152.39 299.03 157.75 225.57 182.32 227.37 176.96 300.82 ship 0 0.999240 votes=3
120.95 295.57 128.99 220.55 154.96 223.33 146.92 298.35 ship 0 0.999045 votes=3
275.30 312.35 283.44 246.40 302.92 248.81 294.78 314.75 ship 0 0.998642 votes=3
584.30 473.63 629.40 475.00 628.98 488.65 583.88 487.28 ship 0 0.998544 votes=3
341.48 312.27 349.06 254.86 367.36 257.28 359.78 314.69 ship 0 0.997218 votes=3
544.88 534.28 600.09 541.38 597.01 565.33 541.80 558.23 ship 0 0.993344 votes=3
368.29 327.26 372.11 258.77 394.11 260.00 390.29 328.48 ship 0 0.991351 votes=3
325.41 255.25 331.24 310.24 312.79 312.20 306.96 257.20 ship 0 0.989440 votes=3
534.69 679.84 549.10 494.98 723.41 508.56 709.01 693.42 harbor 0 0.970827 votes=3
637.84 355.07 792.77 329.56 803.59 395.25 648.66 420.76 harbor 0 0.833928 votes=3
0.64 270.66 39.82 270.75 39.77 294.79 0.59 294.70 harbor 0 0.773743 votes=2
100.66 207.76 396.68 244.47 386.01 330.49 89.99 293.78 harbor 0 0.765226 votes=3
1.28 277.93 37.20 278.34 37.01 295.23 1.09 294.82 ship 0 0.716552 votes=3
462.42 75.57 527.86 81.16 527.00 91.21 461.56 85.62 harbor 0 0.685199 votes=2
550.08 734.01 711.58 701.69 719.38 740.66 557.88 772.98 harbor 0 0.665092 votes=2
