683.92 401.82 684.12 447.50 669.31 447.57 669.11 401.88 ship 0 0.999469 votes=3
602.23 406.01 604.58 441.90 591.48 442.75 589.13 406.87 ship 0 0.999392 votes=3
79.90 513.60 80.03 550.20 67.08 550.25 66.95 513.65 ship 0 0.999329 votes=3
492.74 407.00 493.02 449.40 478.09 449.50 477.81 407.10 ship 0 0.999161 votes=3
676.78 502.47 677.02 538.48 663.21 538.57 662.97 502.57 ship 0 0.999146 votes=3
496.70 734.38 503.39 682.60 521.62 684.96 514.93 736.74 ship 0 0.999131 votes=3
283.08 449.81 283.74 410.19 297.37 410.41 296.72 450.04 ship 0 0.999117 votes=3
742.82 442.27 743.35 402.37 757.11 402.55 756.58 442.45 ship 0 0.999112 votes=3
218.98 410.02 219.02 454.29 205.27 454.30 205.23 410.03 ship 0 0.999087 votes=3
639.84 498.76 642.38 539.25 627.37 540.19 624.83 499.70 ship 0 0.999081 votes=3
155.21 519.19 155.31 552.57 142.01 552.61 141.91 519.23 ship 0 0.999047 votes=3
157.01 413.69 157.65 450.45 144.81 450.68 144.17 413.92 ship 0 0.999026 votes=3
572.08 405.54 572.40 444.39 559.44 444.50 559.11 405.65 ship 0 0.999023 votes=3
188.52 413.90 188.87 455.19 174.79 455.31 174.44 414.02 ship 0 0.998997 votes=3
524.72 501.29 528.33 546.19 511.74 547.53 508.13 502.62 ship 0 0.998947 votes=3
665.44 405.67 666.12 439.78 652.22 440.05 651.54 405.94 ship 0 0.998912 votes=3
555.90 405.78 556.31 447.06 542.38 447.20 541.97 405.92 ship 0 0.998811 votes=3
438.24 394.76 438.30 362.73 449.46 362.75 449.40 394.78 ship 0 0.998697 votes=3
265.36 408.68 265.36 452.87 250.66 452.87 250.66 408.68 ship 0 0.998658 votes=3
167.05 371.53 167.05 402.86 155.51 402.86 155.51 371.53 ship 0 0.998616 votes=3
640.50 359.53 640.57 393.07 628.03 393.10 627.96 359.56 ship 0 0.998577 votes=3
711.24 391.45 711.30 358.73 723.28 358.75 723.22 391.47 ship 0 0.998556 votes=3
415.56 410.96 415.73 447.08 401.26 447.14 401.08 411.03 ship 0 0.998309 votes=3
444.74 448.45 444.81 410.92 459.17 410.94 459.10 448.48 ship 0 0.998087 votes=3
744.94 390.92 745.00 358.87 756.74 358.89 756.68 390.94 ship 0 0.998062 votes=3
221.80 402.17 221.81 373.59 233.16 373.59 233.16 402.17 ship 0 0.997823 votes=3
176.63 587.81 176.76 559.48 188.34 559.53 188.21 587.86 ship 0 0.997784 votes=3
432.49 410.04 434.40 444.99 421.25 445.71 419.34 410.76 ship 0 0.997680 votes=3
600.34 361.86 600.56 394.75 588.53 394.83 588.31 361.94 ship 0 0.997212 votes=3
638.62 776.90 642.90 733.05 659.35 734.65 655.07 778.50 ship 0 0.997113 votes=3
54.17 423.05 54.23 387.17 66.74 387.19 66.69 423.07 ship 0 0.996977 votes=3
419.63 553.39 420.01 512.63 434.24 512.76 433.86 553.52 ship 0 0.996804 votes=3
395.48 371.50 395.58 397.77 385.16 397.81 385.05 371.54 ship 0 0.996716 votes=3
598.32 780.04 602.26 740.66 617.89 742.23 613.94 781.61 ship 0 0.996488 votes=3
233.41 411.29 233.46 446.70 221.83 446.71 221.78 411.31 ship 0 0.996177 votes=3
381.28 369.10 381.64 396.40 370.66 396.55 370.30 369.25 ship 0 0.995894 votes=3
409.19 396.87 409.36 364.44 422.46 364.51 422.28 396.94 ship 0 0.995705 votes=3
569.17 556.36 569.43 586.09 558.23 586.19 557.97 556.46 ship 0 0.995153 votes=3
495.03 559.91 496.07 588.52 484.87 588.93 483.83 560.32 ship 0 0.994306 votes=3
566.05 745.06 567.95 706.32 582.58 707.04 580.68 745.78 ship 0 0.994155 votes=3
270.38 564.39 270.63 591.13 259.84 591.23 259.59 564.49 ship 0 0.993519 votes=3
407.31 744.82 411.32 726.25 419.57 728.04 415.57 746.60 vehicle 0 0.991996 votes=3
212.26 564.12 212.48 589.92 201.58 590.01 201.36 564.21 ship 0 0.989516 votes=3
542.39 367.29 543.01 393.76 533.41 393.98 532.79 367.51 ship 0 0.986343 votes=3
224.76 564.36 224.89 590.38 214.33 590.43 214.20 564.41 ship 0 0.985614 votes=3
591.08 729.80 593.95 692.55 610.45 693.82 607.58 731.07 ship 0 0.984502 votes=3
55.38 536.84 58.04 573.73 46.06 574.59 43.40 537.71 ship 0 0.980770 votes=3
624.14 747.50 628.20 718.26 639.25 719.79 635.20 749.03 ship 0 0.980496 votes=3
143.73 585.64 144.54 565.08 153.49 565.43 152.68 585.99 ship 0 0.979565 votes=3
705.79 547.52 705.99 569.33 695.74 569.42 695.54 547.61 ship 0 0.978987 votes=3
609.66 738.67 614.86 692.62 629.08 694.23 623.88 740.28 ship 0 0.977823 votes=3
634.06 573.35 634.09 551.01 642.88 551.02 642.85 573.36 ship 0 0.966552 votes=3
356.63 565.37 356.63 587.06 347.22 587.06 347.22 565.37 ship 0 0.965044 votes=3
111.52 553.00 111.61 526.76 123.06 526.80 122.97 553.03 ship 0 0.960770 votes=3
164.97 565.54 166.00 587.20 156.41 587.66 155.37 566.00 ship 0 0.954344 votes=3
470.26 564.89 471.63 586.13 462.93 586.69 461.56 565.45 ship 0 0.954202 votes=3
655.05 551.10 655.26 572.63 646.06 572.72 645.85 551.19 ship 0 0.947240 votes=3
359.04 714.64 363.92 698.76 370.90 700.90 366.02 716.78 vehicle 0 0.921996 votes=3
246.41 563.73 246.56 585.83 235.52 585.91 235.38 563.81 ship 0 0.885496 votes=2
432.47 516.86 716.87 499.97 721.22 573.35 436.83 590.24 harbor 0 0.859885 votes=3
59.36 522.55 423.97 526.79 423.26 588.66 58.64 584.42 harbor 0 0.850504 votes=3
444.69 753.54 450.78 721.48 462.36 723.68 456.27 755.74 vehicle 0 0.843592 votes=2
75.94 402.05 76.41 373.48 86.95 373.66 86.47 402.23 ship 0 0.839871 votes=3
477.37 743.98 477.78 714.88 489.29 715.04 488.88 744.14 ship 0 0.795957 votes=3
66.39 369.77 764.65 354.72 766.42 437.05 68.16 452.09 harbor 0 0.752895 votes=3
529.57 369.81 530.04 395.55 518.93 395.75 518.46 370.01 ship 0 0.746070 votes=3
572.07 768.41 573.36 751.01 581.91 751.64 580.62 769.04 vehicle 0 0.745181 votes=2
255.51 564.06 255.97 584.45 244.66 584.71 244.19 564.32 ship 0 0.695869 votes=3
