165.19 647.93 201.80 654.46 199.36 668.13 162.75 661.60 ship 0 0.997867 votes=3
522.22 426.43 559.71 435.83 556.28 449.52 518.79 440.12 ship 0 0.997567 votes=3
329.16 409.36 335.81 378.08 349.06 380.89 342.41 412.18 ship 0 0.996678 votes=3
455.19 493.27 462.77 460.16 474.97 462.95 467.39 496.06 ship 0 0.996579 votes=3
501.17 513.86 534.22 522.72 531.07 534.50 498.01 525.64 ship 0 0.995770 votes=3
410.21 433.00 420.77 399.54 432.18 403.15 421.62 436.60 ship 0 0.995762 votes=3
481.09 453.87 489.30 428.71 500.67 432.42 492.47 457.58 ship 0 0.994915 votes=3
535.18 398.83 567.18 409.49 563.13 421.68 531.12 411.02 ship 0 0.994779 votes=3
441.24 488.14 449.47 459.20 460.88 462.45 452.64 491.38 ship 0 0.993983 votes=3
235.86 415.80 244.10 394.60 252.74 397.95 244.50 419.16 ship 0 0.993821 votes=3
248.89 332.15 261.80 303.35 272.82 308.29 259.92 337.09 ship 0 0.993130 votes=3
397.42 429.95 403.51 395.67 416.59 398.00 410.50 432.27 ship 0 0.993050 votes=3
437.91 442.42 447.14 414.23 458.96 418.09 449.74 446.29 ship 0 0.992964 votes=3
430.87 752.45 443.35 731.02 453.03 736.66 440.55 758.09 ship 0 0.991925 votes=3
397.21 473.12 407.07 444.05 418.28 447.85 408.42 476.92 ship 0 0.991004 votes=3
425.18 486.11 435.42 452.18 446.93 455.66 436.68 489.58 ship 0 0.989880 votes=3
271.83 324.68 295.63 332.47 292.15 343.12 268.34 335.32 ship 0 0.989848 votes=3
374.22 462.30 380.07 439.90 390.89 442.73 385.04 465.12 ship 0 0.989702 votes=3
238.02 376.98 246.42 347.24 257.51 350.38 249.11 380.12 ship 0 0.989459 votes=3
517.15 457.49 543.86 464.89 541.11 474.79 514.40 467.40 ship 0 0.989193 votes=3
263.60 425.26 270.19 401.10 280.12 403.81 273.53 427.97 ship 0 0.987800 votes=3
263.12 298.39 269.02 271.00 281.20 273.63 275.30 301.01 ship 0 0.987703 votes=3
485.26 495.74 493.11 468.84 503.23 471.79 495.38 498.69 ship 0 0.986547 votes=3
300.73 401.25 307.73 373.11 318.91 375.89 311.91 404.03 ship 0 0.986453 votes=3
422.94 438.11 432.71 412.28 443.17 416.23 433.41 442.07 ship 0 0.986103 votes=3
181.52 587.07 205.42 592.14 203.22 602.50 179.32 597.43 ship 0 0.984693 votes=3
300.56 232.53 327.40 241.92 323.93 251.85 297.09 242.46 ship 0 0.984410 votes=3
299.26 737.74 309.50 708.10 320.71 711.98 310.47 741.61 ship 0 0.984356 votes=3
418.19 214.71 430.57 191.18 440.56 196.44 428.19 219.97 ship 0 0.984310 votes=3
265.51 349.78 288.20 355.51 285.47 366.32 262.78 360.59 ship 0 0.982951 votes=3
538.67 386.95 567.94 392.24 565.86 403.72 536.59 398.42 ship 0 0.982093 votes=3
249.44 419.83 256.52 397.55 265.40 400.37 258.32 422.65 ship 0 0.978136 votes=3
345.58 449.33 354.72 427.20 363.69 430.91 354.55 453.03 ship 0 0.976408 votes=3
256.42 101.19 291.77 99.76 292.26 111.88 256.92 113.32 ship 0 0.975110 votes=3
38.76 356.56 64.00 367.75 59.38 378.17 34.14 366.98 ship 0 0.972099 votes=3
395.88 695.27 396.46 720.33 385.21 720.60 384.63 695.53 ship 0 0.971184 votes=3
293.43 244.75 322.60 254.64 319.17 264.73 290.01 254.84 ship 0 0.967061 votes=3
638.71 306.28 640.50 342.18 627.50 342.83 625.71 306.93 ship 0 0.965085 votes=3
278.43 428.95 284.68 407.73 294.20 410.54 287.95 431.76 ship 0 0.961034 votes=3
211.23 410.17 216.67 387.03 227.53 389.59 222.08 412.72 ship 0 0.960001 votes=3
97.41 328.82 106.59 297.35 117.71 300.60 108.54 332.06 ship 0 0.955931 votes=3
491.35 541.40 522.61 551.94 519.02 562.61 487.76 552.07 ship 0 0.949036 votes=3
504.97 499.98 533.90 506.14 531.03 519.63 502.10 513.47 ship 0 0.938042 votes=3
357.74 417.13 363.11 397.02 371.58 399.28 366.20 419.39 ship 0 0.937106 votes=3
53.39 595.55 58.66 575.98 65.84 577.91 60.56 597.48 vehicle 0 0.920240 votes=3
129.76 591.26 221.59 606.59 215.17 645.07 123.34 629.74 harbor 0 0.893750 votes=3
108.66 440.76 137.89 454.64 132.76 465.45 103.53 451.57 ship 0 0.884546 votes=3
199.54 326.56 556.25 438.82 529.91 522.51 173.20 410.24 harbor 0 0.849643 votes=3
7.59 298.83 34.52 307.77 31.09 318.11 4.16 309.18 ship 0 0.845932 votes=3
85.20 600.96 90.24 582.64 97.71 584.70 92.66 603.01 vehicle 0 0.827840 votes=3
64.52 598.04 68.08 581.70 75.12 583.24 71.56 599.57 vehicle 0 0.803162 votes=3
205.90 92.87 287.76 89.14 288.83 112.75 206.97 116.48 harbor 0 0.799849 votes=3
294.76 258.65 316.01 266.06 312.61 275.81 291.36 268.40 ship 0 0.796784 votes=3
252.97 385.61 261.01 362.97 271.07 366.54 263.03 389.18 ship 0 0.795879 votes=3
117.42 429.22 142.50 441.24 137.82 451.00 112.74 438.98 ship 0 0.779013 votes=2
34.27 299.14 35.10 281.41 42.86 281.78 42.03 299.50 vehicle 0 0.762494 votes=2
238.70 394.55 291.43 232.09 326.07 243.33 273.34 405.79 harbor 0 0.762464 votes=3
171.25 624.51 199.96 628.52 198.13 641.60 169.43 637.59 ship 0 0.753876 votes=3
314.08 404.32 318.91 382.28 328.87 384.46 324.05 406.50 ship 0 0.746701 votes=3
285.78 283.36 311.41 292.63 307.41 303.71 281.77 294.44 ship 0 0.735876 votes=3
-2.44 324.00 16.94 330.70 13.76 339.89 -5.62 333.19 ship 0 0.658885 votes=2
566.06 297.47 568.48 335.49 549.67 336.69 547.25 298.67 ship 0 0.640094 votes=2
