467.42 393.43 468.61 345.60 485.74 346.02 484.56 393.85 ship 0 0.999192 votes=3
491.47 387.00 498.14 347.80 514.67 350.62 508.01 389.81 ship 0 0.997630 votes=3
603.66 267.58 610.50 233.09 624.68 235.91 617.83 270.40 ship 0 0.996500 votes=3
508.86 236.30 516.79 203.92 529.76 207.10 521.83 239.47 ship 0 0.996009 votes=3
736.56 186.36 746.22 210.92 737.59 214.31 727.94 189.75 ship 0 0.991496 votes=3
433.14 349.77 434.17 401.29 414.12 401.69 413.10 350.17 ship 0 0.990484 votes=3
652.14 278.07 664.38 233.57 680.73 238.06 668.49 282.57 ship 0 0.989002 votes=3
529.51 243.47 541.77 209.42 556.87 214.86 544.61 248.91 ship 0 0.985123 votes=3
630.05 272.56 645.09 232.09 661.85 238.32 646.82 278.79 ship 0 0.967171 votes=3
579.94 478.19 638.02 418.92 654.47 435.03 596.39 494.30 ship 0 0.956586 votes=3
737.93 164.55 768.55 164.69 768.49 176.94 737.87 176.79 ship 0 0.923384 votes=3
388.66 181.88 645.84 209.75 622.63 423.92 365.46 396.05 harbor 0 0.900169 votes=2
579.07 257.98 593.81 223.57 607.75 229.54 593.01 263.95 ship 0 0.876301 votes=3
601.44 501.70 672.04 463.49 683.66 484.96 613.06 523.17 ship 0 0.794500 votes=2
553.03 250.34 565.22 218.63 580.30 224.43 568.10 256.13 ship 0 0.723780 votes=3
