31.57 545.19 105.84 36.28 411.95 80.96 337.68 589.87 Expressway-Service-area 0 0.999417 votes=3
422.65 602.28 489.43 86.48 774.16 123.35 707.39 639.14 Expressway-Service-area 0 0.999217 votes=3
515.11 214.59 544.98 261.68 538.17 266.00 508.30 218.91 vehicle 0 0.991880 votes=3
93.62 426.12 98.38 395.26 104.51 396.20 99.74 427.07 vehicle 0 0.988318 votes=3
284.66 337.08 308.99 325.16 311.70 330.68 287.37 342.60 vehicle 0 0.984283 votes=3
535.72 400.64 539.18 363.60 546.85 364.31 543.38 401.36 vehicle 0 0.936355 votes=3
528.95 444.50 530.22 411.23 537.25 411.50 535.99 444.77 vehicle 0 0.934882 votes=3
478.79 443.24 479.00 409.25 486.89 409.30 486.68 443.29 vehicle 0 0.929834 votes=3
279.71 329.80 300.47 312.56 305.19 318.25 284.44 335.49 vehicle 0 0.918251 votes=3
561.83 219.74 568.58 267.05 561.79 268.01 555.04 220.70 vehicle 0 0.897802 votes=3
241.60 206.11 257.10 188.20 263.88 194.07 248.38 211.98 vehicle 0 0.799134 votes=2
120.25 405.08 126.08 348.84 132.10 349.46 126.27 405.70 vehicle 0 0.797356 votes=3
