433.25 285.47 446.31 261.51 455.36 266.44 442.31 290.40 ship 0 0.994327 votes=3
507.91 320.58 518.94 300.37 526.20 304.33 515.17 324.54 ship 0 0.994268 votes=3
478.60 309.31 492.86 284.40 500.58 288.81 486.31 313.73 ship 0 0.992814 votes=3
447.73 291.63 461.26 267.82 469.75 272.64 456.22 296.45 ship 0 0.991595 votes=3
544.53 418.02 558.72 464.98 544.18 469.37 529.99 422.42 ship 0 0.990721 votes=3
246.79 175.94 260.31 154.24 267.35 158.63 253.84 180.33 ship 0 0.990358 votes=3
354.55 243.37 367.25 216.16 374.53 219.55 361.83 246.77 ship 0 0.990306 votes=3
569.10 443.77 576.75 464.04 569.71 466.69 562.07 446.42 ship 0 0.989001 votes=3
237.23 167.53 248.70 148.70 255.34 152.75 243.88 171.58 ship 0 0.988247 votes=3
613.56 383.46 634.70 375.79 637.74 384.15 616.60 391.83 ship 0 0.988138 votes=3
306.00 208.84 320.28 187.55 327.31 192.27 313.03 213.56 ship 0 0.988135 votes=3
420.54 279.47 435.62 255.79 443.88 261.05 428.80 284.73 ship 0 0.987906 votes=3
470.12 299.92 480.83 279.97 488.36 284.01 477.65 303.95 ship 0 0.987845 votes=3
470.56 471.27 489.18 462.15 492.47 468.87 473.85 477.99 ship 0 0.986377 votes=3
198.13 347.84 218.48 339.32 222.03 347.80 201.68 356.32 ship 0 0.985196 votes=3
225.53 163.42 238.23 142.86 246.21 147.78 233.51 168.34 ship 0 0.984908 votes=3
677.51 480.70 685.91 508.82 677.23 511.41 668.83 483.30 ship 0 0.983505 votes=3
440.59 476.34 463.86 470.40 466.04 478.94 442.77 484.88 ship 0 0.983110 votes=3
275.80 189.69 287.93 169.28 295.66 173.87 283.52 194.29 ship 0 0.982614 votes=3
466.49 543.85 482.87 535.74 485.95 541.95 469.56 550.06 ship 0 0.981909 votes=3
603.01 349.68 631.01 363.19 626.91 371.68 598.92 358.17 ship 0 0.981411 votes=3
365.22 435.38 381.51 428.36 384.60 435.53 368.31 442.54 ship 0 0.980821 votes=3
487.42 524.91 507.55 519.79 509.43 527.19 489.30 532.31 ship 0 0.980785 votes=3
395.97 254.99 407.67 236.21 414.73 240.62 403.03 259.39 ship 0 0.979990 votes=3
484.31 596.20 502.43 591.11 504.85 599.71 486.72 604.81 ship 0 0.979903 votes=3
494.25 543.38 511.63 537.75 513.78 544.37 496.40 550.01 ship 0 0.978854 votes=3
564.13 325.88 597.55 344.23 591.66 354.97 558.23 336.62 ship 0 0.977988 votes=3
373.43 253.41 386.19 226.47 394.87 230.59 382.11 257.52 ship 0 0.977318 votes=3
476.63 487.08 493.97 481.03 496.41 488.01 479.07 494.07 ship 0 0.977180 votes=3
534.18 341.66 547.41 319.37 553.80 323.16 540.58 345.46 ship 0 0.976330 votes=3
462.26 532.57 481.09 526.31 483.49 533.53 464.67 539.79 ship 0 0.975343 votes=3
632.88 431.92 651.86 422.69 655.23 429.62 636.26 438.85 ship 0 0.974117 votes=3
517.63 326.34 530.38 308.38 536.42 312.66 523.67 330.62 ship 0 0.971773 votes=3
401.78 268.06 416.52 245.13 425.30 250.77 410.57 273.71 ship 0 0.968606 votes=3
176.41 295.72 194.82 287.57 197.89 294.49 179.48 302.65 ship 0 0.967223 votes=3
327.63 221.06 339.98 199.78 347.55 204.18 335.19 225.45 ship 0 0.962971 votes=3
259.44 178.45 268.09 160.77 273.82 163.57 265.17 181.25 ship 0 0.962582 votes=3
458.87 431.50 476.43 426.64 478.59 434.42 461.02 439.29 ship 0 0.961816 votes=3
341.29 388.93 358.18 380.29 361.53 386.83 344.64 395.47 ship 0 0.961027 votes=3
437.96 383.71 451.99 371.53 456.81 377.08 442.78 389.27 ship 0 0.957474 votes=3
421.42 363.87 435.98 352.85 439.97 358.13 425.42 369.15 ship 0 0.954227 votes=3
316.26 217.24 330.16 192.80 338.00 197.26 324.10 221.69 ship 0 0.945061 votes=3
457.14 513.42 475.81 508.44 477.47 514.67 458.80 519.65 ship 0 0.941112 votes=3
375.51 470.28 392.64 464.56 394.90 471.32 377.77 477.04 ship 0 0.933597 votes=3
431.95 430.77 448.49 424.65 451.06 431.58 434.51 437.70 ship 0 0.930859 votes=3
500.39 563.46 519.03 554.74 521.68 560.40 503.04 569.12 ship 0 0.922792 votes=3
462.35 292.64 472.25 274.28 478.35 277.56 468.45 295.93 ship 0 0.918178 votes=3
204.22 359.45 220.98 350.55 224.75 357.64 207.99 366.54 ship 0 0.915064 votes=3
465.91 450.07 482.84 443.77 485.32 450.45 468.40 456.75 ship 0 0.908243 votes=3
505.09 570.33 520.92 564.40 523.31 570.78 507.48 576.71 ship 0 0.897101 votes=3
459.65 521.97 478.68 517.55 480.34 524.69 461.31 529.11 ship 0 0.893638 votes=3
240.92 435.85 258.21 429.87 260.92 437.70 243.63 443.68 ship 0 0.888328 votes=3
414.26 589.34 429.13 585.08 430.95 591.40 416.07 595.66 ship 0 0.883549 votes=3
454.34 415.07 471.25 409.83 473.05 415.65 456.13 420.88 ship 0 0.881337 votes=3
427.94 369.91 442.25 358.03 446.75 363.45 432.44 375.33 ship 0 0.875869 votes=3
287.54 195.88 299.77 174.60 307.62 179.11 295.38 200.39 ship 0 0.871577 votes=3
406.82 560.34 423.02 556.67 424.54 563.35 408.33 567.02 ship 0 0.869070 votes=3
426.43 411.73 443.29 405.91 445.32 411.77 428.45 417.59 ship 0 0.855971 votes=3
393.29 520.75 408.81 516.54 410.58 523.08 395.06 527.29 ship 0 0.847582 votes=3
449.45 395.42 465.20 389.87 467.51 396.44 451.76 401.99 ship 0 0.843298 votes=3
579.47 475.88 583.38 491.28 576.66 492.98 572.75 477.59 ship 0 0.842290 votes=3
563.94 474.57 568.59 491.31 561.54 493.28 556.88 476.54 ship 0 0.836485 votes=3
313.98 578.33 319.18 592.74 313.74 594.71 308.53 580.30 ship 0 0.834545 votes=2
511.01 586.22 526.41 582.03 527.92 587.59 512.53 591.78 ship 0 0.815234 votes=2
428.22 627.45 446.41 624.96 447.50 632.89 429.31 635.39 ship 0 0.812746 votes=3
351.74 400.38 365.49 394.07 368.37 400.37 354.63 406.67 ship 0 0.809997 votes=3
428.55 421.12 448.31 417.93 449.60 425.92 429.83 429.11 ship 0 0.803635 votes=3
425.17 400.76 441.69 397.76 442.84 404.07 426.32 407.07 ship 0 0.803195 votes=3
332.08 461.02 333.97 478.03 326.01 478.91 324.12 461.91 ship 0 0.800979 votes=3
441.30 239.06 466.47 254.51 460.77 263.80 435.60 248.35 ship 0 0.796073 votes=3
486.05 608.51 507.01 601.97 509.13 608.76 488.17 615.29 ship 0 0.764265 votes=3
437.47 317.41 539.68 617.53 499.08 631.36 396.87 331.23 harbor 0 0.763481 votes=3
494.87 555.88 515.70 545.69 518.76 551.92 497.92 562.12 ship 0 0.748550 votes=3
347.95 234.82 358.21 210.73 365.21 213.71 354.95 237.80 ship 0 0.700691 votes=3
328.83 374.05 335.96 389.80 329.06 392.92 321.93 377.17 ship 0 0.696583 votes=3
460.68 441.87 479.20 436.21 481.22 442.82 462.71 448.48 ship 0 0.689137 votes=3
479.00 496.12 496.23 492.36 497.50 498.15 480.26 501.91 ship 0 0.662730 votes=2
527.75 332.09 541.63 315.41 545.50 318.63 531.62 335.31 ship 0 0.645861 votes=2
