141.99 425.90 173.60 426.31 173.31 448.63 141.70 448.22 windmill 0 0.989617 votes=3
130.59 551.53 163.23 551.89 162.98 574.91 130.34 574.55 windmill 0 0.988022 votes=3
56.80 204.85 88.21 205.48 87.76 228.34 56.34 227.71 windmill 0 0.980449 votes=3
678.25 654.50 708.14 654.54 708.11 680.44 678.22 680.41 windmill 0 0.977700 votes=3
283.53 137.08 309.46 137.57 309.10 156.96 283.17 156.48 windmill 0 0.976566 votes=3
697.23 25.50 720.98 25.57 720.95 39.04 697.19 38.98 windmill 0 0.948007 votes=3
427.34 434.83 451.92 435.89 451.27 451.08 426.69 450.03 windmill 0 0.944516 votes=3
256.02 279.58 278.29 279.42 278.40 294.92 256.13 295.08 windmill 0 0.931457 votes=3
458.86 13.87 483.29 13.89 483.28 28.34 458.84 28.31 windmill 0 0.887094 votes=3
620.61 432.60 640.71 427.27 643.70 438.56 623.60 443.89 windmill 0 0.834509 votes=2
