20.98 306.76 64.39 306.99 64.31 321.57 20.90 321.34 ship 0 0.999391 votes=3
25.93 281.80 65.92 281.56 66.00 294.88 26.01 295.11 ship 0 0.999181 votes=3
357.06 286.88 392.98 286.43 393.13 298.93 357.22 299.38 ship 0 0.999032 votes=3
284.36 292.87 321.52 292.11 321.79 305.02 284.62 305.78 ship 0 0.998784 votes=3
20.42 330.13 65.42 328.96 65.74 341.31 20.74 342.48 ship 0 0.998737 votes=3
285.69 310.13 312.37 309.89 312.46 319.96 285.78 320.20 ship 0 0.998696 votes=3
25.13 236.82 65.29 235.93 65.58 249.03 25.42 249.92 ship 0 0.998682 votes=3
601.15 207.74 638.60 208.75 638.24 221.89 600.80 220.88 ship 0 0.998643 votes=3
286.37 354.21 323.26 354.91 323.02 367.34 286.13 366.65 ship 0 0.998547 votes=3
76.40 194.42 105.42 194.00 105.59 205.56 76.57 205.98 ship 0 0.998333 votes=3
399.57 328.26 428.63 327.65 428.84 337.80 399.78 338.41 ship 0 0.998200 votes=3
76.63 287.25 106.22 288.55 105.78 298.72 76.18 297.42 ship 0 0.998088 votes=3
496.99 250.67 525.79 250.34 525.90 260.55 497.11 260.88 ship 0 0.997961 votes=3
496.02 235.56 528.61 235.93 528.49 246.18 495.91 245.80 ship 0 0.997793 votes=3
599.56 323.87 636.69 324.07 636.63 336.69 599.49 336.49 ship 0 0.997727 votes=3
558.02 258.95 590.35 259.34 590.21 271.19 557.88 270.81 ship 0 0.997678 votes=3
601.69 187.56 641.21 187.31 641.29 200.53 601.77 200.78 ship 0 0.997547 votes=3
284.79 253.14 310.96 252.67 311.15 263.56 284.99 264.03 ship 0 0.997296 votes=3
4.91 193.99 66.02 193.45 66.15 207.96 5.03 208.50 ship 0 0.997236 votes=3
542.65 170.25 573.51 170.11 573.56 180.61 542.70 180.75 ship 0 0.997218 votes=3
600.36 225.10 648.31 225.98 648.06 239.60 600.11 238.73 ship 0 0.997128 votes=3
133.79 180.35 178.51 180.14 178.57 193.21 133.85 193.42 ship 0 0.997073 votes=3
189.10 325.44 221.62 326.99 220.98 340.29 188.47 338.74 ship 0 0.996895 votes=3
402.21 258.26 428.87 257.81 429.06 268.52 402.39 268.97 ship 0 0.996845 votes=3
557.75 318.71 589.61 318.75 589.60 329.69 557.73 329.65 ship 0 0.996831 votes=3
248.98 272.17 277.12 271.88 277.24 283.01 249.09 283.29 ship 0 0.996713 votes=3
556.70 186.92 591.50 186.90 591.51 198.35 556.70 198.37 ship 0 0.996646 votes=3
77.11 273.03 107.90 274.62 107.38 284.67 76.59 283.08 ship 0 0.996586 votes=3
22.69 350.21 65.90 351.41 65.51 365.59 22.30 364.39 ship 0 0.995947 votes=3
364.76 380.28 392.21 381.48 391.78 391.39 364.33 390.19 ship 0 0.995689 votes=3
403.34 306.19 429.35 305.68 429.53 315.03 403.52 315.54 ship 0 0.995616 votes=3
285.52 204.40 311.25 203.71 311.55 214.59 285.81 215.29 ship 0 0.995283 votes=3
402.41 293.67 425.53 293.31 425.67 302.76 402.56 303.12 ship 0 0.994381 votes=3
600.94 364.04 639.32 363.77 639.41 375.41 601.02 375.68 ship 0 0.994267 votes=3
401.02 380.37 427.60 379.99 427.75 390.88 401.17 391.25 ship 0 0.992411 votes=3
560.47 381.53 564.29 182.63 639.78 184.08 635.96 382.98 harbor 0 0.991412 votes=3
165.03 376.33 210.39 374.78 210.76 385.41 165.39 386.96 ship 0 0.991381 votes=3
559.36 363.66 590.11 364.31 589.91 373.92 559.15 373.27 ship 0 0.990566 votes=3
23.22 263.48 63.09 263.54 63.08 274.80 23.21 274.75 ship 0 0.990428 votes=3
186.13 278.24 209.01 278.41 208.93 288.20 186.06 288.03 ship 0 0.989491 votes=3
25.08 215.72 63.22 215.78 63.20 228.16 25.06 228.09 ship 0 0.989067 votes=3
148.39 380.31 151.38 174.52 218.61 175.49 215.63 381.29 harbor 0 0.988996 votes=3
254.56 357.53 279.44 357.25 279.55 367.32 254.67 367.60 ship 0 0.988547 votes=3
251.31 329.20 278.35 329.93 278.08 339.63 251.05 338.90 ship 0 0.986701 votes=3
185.81 207.85 210.95 208.38 210.75 217.67 185.61 217.14 ship 0 0.986162 votes=3
563.93 213.49 589.54 214.25 589.22 224.94 563.61 224.18 ship 0 0.986088 votes=3
498.11 209.09 522.06 209.89 521.76 218.86 497.80 218.05 ship 0 0.982668 votes=3
28.37 369.99 29.24 170.02 106.96 170.36 106.08 370.33 harbor 0 0.980101 votes=3
248.01 371.55 249.54 174.49 314.87 175.00 313.34 372.06 harbor 0 0.980001 votes=3
401.25 224.40 421.79 223.98 421.99 233.36 401.44 233.78 ship 0 0.976207 votes=3
151.14 328.96 178.23 329.36 178.08 338.99 151.00 338.59 ship 0 0.974166 votes=3
249.30 178.62 273.90 178.86 273.81 188.04 249.20 187.80 ship 0 0.973957 votes=3
183.50 262.37 212.42 262.39 212.41 273.35 183.49 273.33 ship 0 0.968016 votes=3
157.62 230.93 178.27 230.52 178.45 239.35 157.80 239.77 ship 0 0.966719 votes=3
361.01 385.94 364.31 180.85 427.81 181.87 424.51 386.96 harbor 0 0.963847 votes=3
469.51 366.24 490.28 370.23 488.71 378.39 467.94 374.41 ship 0 0.956393 votes=3
463.51 385.14 466.61 183.55 520.15 184.38 517.05 385.96 harbor 0 0.948332 votes=3
399.60 186.91 425.60 187.09 425.55 195.14 399.54 194.96 ship 0 0.901186 votes=3
497.54 197.79 523.24 197.85 523.22 205.40 497.52 205.34 ship 0 0.862149 votes=3
497.01 187.81 523.21 187.68 523.26 196.84 497.06 196.97 ship 0 0.851205 votes=3
468.52 327.97 489.43 328.10 489.37 338.21 468.45 338.09 ship 0 0.707251 votes=2
