672.44 583.49 717.67 506.01 735.72 516.55 690.50 594.02 ship 0 0.998846 votes=3
350.47 506.65 369.54 471.38 381.03 477.60 361.96 512.86 ship 0 0.998700 votes=3
694.37 600.30 747.37 500.22 767.86 511.07 714.86 611.15 ship 0 0.998465 votes=3
406.00 568.83 433.21 516.08 446.04 522.70 418.82 575.45 ship 0 0.998018 votes=3
299.21 476.03 318.88 441.88 329.10 447.76 309.43 481.91 ship 0 0.997467 votes=3
90.08 264.57 106.44 238.09 115.64 243.78 99.28 270.26 ship 0 0.997458 votes=3
166.88 262.76 178.39 239.73 186.15 243.61 174.65 266.64 ship 0 0.996643 votes=3
340.34 360.52 357.93 329.14 368.65 335.14 351.05 366.52 ship 0 0.996600 votes=3
389.89 530.57 408.18 500.50 419.46 507.36 401.17 537.43 ship 0 0.996051 votes=3
113.28 278.60 129.03 250.49 138.59 255.85 122.84 283.96 ship 0 0.995728 votes=3
142.01 249.01 159.34 219.92 169.81 226.16 152.49 255.25 ship 0 0.994283 votes=3
126.26 382.54 144.58 352.80 155.68 359.64 137.36 389.38 ship 0 0.993972 votes=3
365.09 513.26 384.30 479.03 397.64 486.52 378.43 520.75 ship 0 0.993548 votes=3
197.63 278.87 215.00 250.75 226.21 257.68 208.85 285.80 ship 0 0.992992 votes=3
177.75 269.79 189.70 245.45 198.34 249.70 186.38 274.03 ship 0 0.992972 votes=3
127.69 283.06 140.65 257.55 149.94 262.27 136.97 287.78 ship 0 0.992864 votes=3
184.23 317.89 200.54 292.76 210.25 299.06 193.94 324.19 ship 0 0.992289 votes=3
101.51 368.38 114.93 341.08 124.60 345.83 111.18 373.14 ship 0 0.992029 votes=3
298.28 337.77 312.78 311.92 321.61 316.88 307.11 342.72 ship 0 0.991742 votes=3
364.71 376.56 375.87 354.21 383.65 358.09 372.49 380.44 ship 0 0.991410 votes=3
153.75 154.26 164.48 135.94 171.28 139.93 160.55 158.24 ship 0 0.990252 votes=3
190.13 174.24 198.83 156.38 206.69 160.21 197.98 178.07 ship 0 0.990018 votes=3
467.60 334.12 476.47 315.40 484.31 319.12 475.44 337.83 ship 0 0.989628 votes=3
440.19 418.08 454.68 388.98 465.77 394.50 451.28 423.60 ship 0 0.989382 votes=3
256.08 312.79 268.40 290.21 276.69 294.74 264.36 317.31 ship 0 0.988589 votes=3
312.08 483.09 328.98 455.79 338.45 461.66 321.55 488.95 ship 0 0.988247 votes=3
396.30 292.94 405.01 273.79 413.51 277.65 404.81 296.80 ship 0 0.988226 votes=3
133.37 242.99 146.08 219.20 153.33 223.07 140.61 246.86 ship 0 0.986970 votes=3
269.93 222.86 280.17 201.97 289.23 206.42 278.99 227.30 ship 0 0.986739 votes=3
197.23 146.17 207.00 132.44 212.47 136.33 202.71 150.06 ship 0 0.985720 votes=3
142.19 127.02 158.24 136.38 154.48 142.83 138.43 133.47 ship 0 0.983561 votes=3
234.29 297.67 246.44 278.27 254.29 283.19 242.15 302.59 ship 0 0.982352 votes=3
293.31 201.76 302.52 181.84 310.08 185.34 300.88 205.26 ship 0 0.982056 votes=3
379.43 282.50 388.97 264.55 396.21 268.39 386.67 286.34 ship 0 0.982028 votes=3
223.69 434.71 234.77 412.51 244.10 417.16 233.01 439.37 ship 0 0.981460 votes=3
226.11 193.69 236.23 177.22 242.52 181.08 232.39 197.55 ship 0 0.981279 votes=3
167.47 403.90 186.84 376.44 196.54 383.28 177.17 410.74 ship 0 0.981152 votes=3
504.03 354.75 512.93 336.01 519.96 339.35 511.07 358.09 ship 0 0.980227 votes=3
214.07 288.16 222.80 271.79 229.76 275.50 221.04 291.88 ship 0 0.978840 votes=3
393.05 256.06 403.24 240.71 409.46 244.85 399.27 260.19 ship 0 0.978110 votes=3
375.44 246.41 386.79 230.10 393.64 234.86 382.29 251.18 ship 0 0.977199 votes=3
200.86 322.57 212.53 300.90 220.62 305.25 208.96 326.93 ship 0 0.976713 votes=3
51.69 338.20 65.32 311.32 74.00 315.72 60.38 342.60 ship 0 0.976276 votes=3
140.41 291.20 152.35 266.59 160.16 270.39 148.22 294.99 ship 0 0.976145 votes=3
221.52 159.03 229.61 145.65 235.54 149.23 227.45 162.61 ship 0 0.975354 votes=3
337.34 499.91 355.39 464.42 366.52 470.08 348.47 505.57 ship 0 0.975061 votes=3
280.50 369.59 293.93 345.58 302.47 350.35 289.05 374.37 ship 0 0.974495 votes=3
208.84 186.22 219.12 168.54 225.31 172.14 215.04 189.82 ship 0 0.974224 votes=3
259.24 357.43 272.13 333.94 283.18 340.01 270.30 363.49 ship 0 0.974004 votes=3
364.34 240.54 373.76 222.47 381.54 226.52 372.12 244.59 ship 0 0.973934 votes=3
429.68 278.07 440.13 261.17 446.52 265.12 436.08 282.02 ship 0 0.970799 votes=3
277.50 321.91 291.46 297.91 300.00 302.88 286.03 326.88 ship 0 0.970275 votes=3
500.21 318.65 508.76 301.83 515.06 305.03 506.51 321.85 ship 0 0.968044 votes=3
237.59 200.87 246.93 183.88 252.90 187.16 243.55 204.15 ship 0 0.966342 votes=3
351.50 265.99 361.45 249.79 367.56 253.55 357.61 269.74 ship 0 0.965523 votes=3
534.62 338.51 544.12 322.40 550.02 325.88 540.52 341.99 ship 0 0.964416 votes=3
550.69 347.63 559.12 331.62 566.15 335.33 557.72 351.34 ship 0 0.964245 votes=3
517.35 329.55 527.03 312.99 533.55 316.80 523.87 333.36 ship 0 0.963367 votes=3
760.78 338.66 764.39 361.48 756.91 362.66 753.30 339.85 ship 0 0.962484 votes=3
315.44 245.19 325.35 227.10 332.78 231.18 322.87 249.26 ship 0 0.961919 votes=3
274.34 465.30 288.19 439.93 297.78 445.17 283.93 470.54 ship 0 0.961280 votes=3
600.51 377.38 611.54 360.74 618.41 365.30 607.39 381.94 ship 0 0.961271 votes=3
260.62 457.27 273.04 432.47 281.08 436.50 268.66 461.30 ship 0 0.957932 votes=3
483.15 307.36 492.45 292.15 498.21 295.68 488.90 310.88 ship 0 0.955344 votes=3
163.80 161.58 174.19 140.46 182.32 144.46 171.93 165.57 ship 0 0.954641 votes=3
319.29 215.65 332.15 198.67 338.87 203.76 326.01 220.74 ship 0 0.954238 votes=3
440.87 316.12 449.51 300.09 455.54 303.34 446.90 319.37 ship 0 0.953547 votes=3
246.33 351.19 258.68 328.80 267.33 333.58 254.98 355.96 ship 0 0.953066 votes=3
248.59 448.63 262.76 425.66 271.43 431.01 257.25 453.98 ship 0 0.950859 votes=3
583.68 364.95 594.52 350.00 600.57 354.38 589.73 369.34 ship 0 0.949579 votes=3
567.20 355.18 579.36 338.92 585.50 343.52 573.34 359.77 ship 0 0.948781 votes=3
104.11 268.11 118.10 245.23 125.61 249.82 111.61 272.70 ship 0 0.947348 votes=3
304.56 206.13 314.87 189.40 322.04 193.82 311.73 210.55 ship 0 0.947192 votes=3
330.75 398.55 343.89 374.97 354.04 380.63 340.90 404.20 ship 0 0.946871 votes=3
173.92 165.06 183.02 147.91 188.72 150.94 179.62 168.09 ship 0 0.945947 votes=3
485.22 343.26 494.91 326.82 501.79 330.88 492.11 347.31 ship 0 0.945267 votes=3
407.87 400.38 423.29 374.96 431.88 380.17 416.46 405.59 ship 0 0.938716 votes=3
431.67 312.81 441.40 294.27 448.36 297.92 438.63 316.47 ship 0 0.936289 votes=3
325.42 252.00 335.16 235.24 342.73 239.65 332.99 256.40 ship 0 0.932037 votes=3
468.40 473.25 498.37 419.96 511.14 427.14 481.16 480.43 ship 0 0.929937 votes=3
347.86 230.38 358.19 213.23 364.47 217.02 354.14 234.16 ship 0 0.928531 votes=3
297.49 235.41 305.79 218.70 312.65 222.11 304.35 238.82 ship 0 0.926662 votes=3
446.16 287.43 456.31 270.00 465.36 275.27 455.22 292.70 ship 0 0.921528 votes=3
201.73 180.96 210.86 164.29 217.04 167.67 207.91 184.34 ship 0 0.920439 votes=3
554.93 639.14 569.42 647.30 566.23 652.97 551.73 644.81 ship 0 0.914018 votes=3
269.41 186.27 276.91 172.94 282.90 176.30 275.41 189.64 ship 0 0.913199 votes=3
289.10 231.37 296.93 213.17 305.28 216.76 297.46 234.96 ship 0 0.908274 votes=3
494.39 348.36 503.40 331.47 509.25 334.59 500.24 351.48 ship 0 0.905775 votes=3
508.65 322.59 517.36 305.03 524.13 308.39 515.42 325.94 ship 0 0.902525 votes=3
577.47 653.35 591.40 660.58 588.58 666.01 574.65 658.78 ship 0 0.901412 votes=3
253.14 211.00 264.28 192.44 271.78 196.94 260.65 215.50 ship 0 0.900747 votes=3
159.16 117.51 179.54 126.78 176.52 133.43 156.14 124.15 ship 0 0.896204 votes=3
231.27 167.97 240.55 152.70 247.66 157.02 238.38 172.30 ship 0 0.895920 votes=3
307.85 239.94 317.89 222.21 325.18 226.34 315.14 244.07 ship 0 0.884318 votes=3
361.34 271.22 372.01 255.32 377.82 259.22 367.14 275.11 ship 0 0.875021 votes=3
524.62 331.17 534.24 315.61 540.57 319.53 530.94 335.09 ship 0 0.864898 votes=3
464.39 298.68 474.54 281.58 482.04 286.03 471.89 303.13 ship 0 0.862944 votes=3
523.55 364.80 533.42 347.83 540.78 352.11 530.91 369.08 ship 0 0.851959 votes=3
344.45 404.08 355.92 380.44 364.86 384.78 353.39 408.42 ship 0 0.836808 votes=3
419.93 446.08 432.36 422.64 440.68 427.05 428.25 450.49 ship 0 0.829252 votes=2
113.55 222.94 121.22 210.68 127.31 214.50 119.64 226.75 ship 0 0.827793 votes=3
421.44 307.18 430.97 288.40 438.89 292.41 429.36 311.20 ship 0 0.821986 votes=3
117.47 178.00 130.06 186.53 126.17 192.26 113.59 183.73 ship 0 0.820493 votes=3
215.55 459.09 222.53 446.77 228.72 450.28 221.74 462.59 ship 0 0.814297 votes=2
450.60 470.09 466.00 443.54 477.22 450.05 461.83 476.60 ship 0 0.807075 votes=3
530.22 370.64 538.26 352.95 545.81 356.38 537.76 374.07 ship 0 0.788449 votes=3
135.30 142.80 150.46 150.92 147.46 156.54 132.29 148.43 ship 0 0.787138 votes=3
490.37 313.30 499.75 297.74 505.14 300.99 495.76 316.55 ship 0 0.785507 votes=3
318.73 388.76 330.91 367.31 339.06 371.94 326.87 393.38 ship 0 0.784763 votes=3
338.94 225.74 348.36 210.16 354.68 213.99 345.26 229.56 ship 0 0.776296 votes=3
63.80 374.48 71.50 360.07 77.72 363.40 70.03 377.80 ship 0 0.774239 votes=3
244.52 205.79 253.36 187.68 260.27 191.05 251.42 209.16 ship 0 0.765316 votes=3
268.01 487.83 274.86 475.30 280.44 478.35 273.59 490.88 ship 0 0.761838 votes=3
211.58 329.67 223.37 306.98 231.45 311.17 219.66 333.86 ship 0 0.760389 votes=3
456.11 326.67 466.95 310.08 472.88 313.95 462.05 330.54 ship 0 0.739097 votes=3
168.27 432.16 175.68 419.78 182.33 423.76 174.92 436.14 ship 0 0.738491 votes=2
122.96 234.98 135.69 214.59 142.24 218.68 129.51 239.07 ship 0 0.731686 votes=3
232.81 345.03 247.36 319.99 257.80 326.06 243.25 351.10 ship 0 0.723071 votes=3
70.38 345.71 82.19 325.69 88.84 329.62 77.03 349.64 ship 0 0.718719 votes=3
253.09 480.03 260.46 466.20 267.97 470.20 260.60 484.03 ship 0 0.691795 votes=3
367.64 275.54 377.20 258.67 383.92 262.48 374.36 279.35 ship 0 0.687990 votes=3
304.49 384.28 317.04 360.26 330.91 367.51 318.36 391.53 ship 0 0.681259 votes=3
492.27 690.52 609.76 418.40 779.25 491.58 661.75 763.70 harbor 0 0.662356 votes=2
332.93 255.30 342.06 237.94 348.92 241.55 339.79 258.91 ship 0 0.659553 votes=3
38.75 295.97 435.59 517.89 407.56 568.02 10.71 346.10 harbor 0 0.633344 votes=3
95.68 185.19 510.61 423.44 476.97 482.04 62.03 243.78 harbor 0 0.620617 votes=2
