628.76 485.91 705.77 483.87 706.45 509.41 629.43 511.44 ship 0 0.999657 votes=3
779.62 312.91 781.17 510.81 736.82 511.16 735.26 313.26 ship 0 0.999560 votes=3
177.81 745.09 244.20 743.78 244.56 761.94 178.17 763.25 ship 0 0.999552 votes=3
629.48 388.70 703.34 386.68 704.02 411.72 630.17 413.75 ship 0 0.999549 votes=3
393.81 332.89 396.21 496.06 355.26 496.67 352.86 333.49 ship 0 0.999458 votes=3
639.88 423.85 709.27 421.09 710.02 439.96 640.63 442.72 ship 0 0.999381 votes=3
472.98 722.28 512.68 715.13 515.59 731.29 475.89 738.44 ship 0 0.999323 votes=3
645.56 177.42 705.42 177.33 705.45 197.78 645.59 197.87 ship 0 0.999211 votes=3
648.53 271.05 705.54 270.18 705.87 291.87 648.87 292.74 ship 0 0.999197 votes=3
664.13 209.95 704.30 209.52 704.47 225.62 664.30 226.05 ship 0 0.998408 votes=3
640.46 521.63 717.54 516.98 719.99 557.56 642.91 562.21 ship 0 0.998159 votes=3
627.48 306.05 692.58 303.70 693.27 322.89 628.18 325.25 ship 0 0.997904 votes=3
414.51 469.18 415.21 415.63 433.47 415.87 432.77 469.42 ship 0 0.997728 votes=3
142.09 281.23 294.39 299.86 290.32 333.10 138.02 314.47 ship 0 0.997139 votes=3
554.52 96.49 580.75 95.21 581.32 106.94 555.09 108.21 vehicle 0 0.996677 votes=3
623.19 517.87 628.38 151.70 738.21 153.26 733.02 519.43 harbor 0 0.963808 votes=3
29.77 54.24 308.83 47.03 314.99 285.73 35.93 292.93 harbor 0 0.959929 votes=3
528.66 116.44 529.69 148.90 518.46 149.26 517.43 116.79 vehicle 0 0.688330 votes=2
424.24 140.91 436.02 515.17 400.99 516.28 389.21 142.01 harbor 0 0.615938 votes=2
