379.55 689.15 385.85 756.68 362.69 758.84 356.38 691.31 ship 0 0.999712 votes=3
342.91 440.42 350.91 380.80 372.61 383.71 364.61 443.34 ship 0 0.999647 votes=3
474.19 683.94 482.37 744.42 459.62 747.50 451.43 687.02 ship 0 0.999499 votes=3
307.20 447.57 318.50 375.28 345.91 379.56 334.60 451.85 ship 0 0.999423 votes=3
211.80 468.78 228.31 523.69 209.56 529.33 193.04 474.42 ship 0 0.999352 votes=3
252.98 441.64 259.66 399.63 276.08 402.24 269.40 444.25 ship 0 0.999298 votes=3
514.54 682.98 516.66 742.84 493.32 743.67 491.20 683.81 ship 0 0.999271 votes=3
244.97 468.57 259.32 519.28 242.33 524.10 227.97 473.38 ship 0 0.999202 votes=3
219.37 445.19 226.00 386.13 249.38 388.76 242.75 447.82 ship 0 0.999198 votes=3
241.67 186.44 258.33 259.02 233.70 264.67 217.04 192.09 ship 0 0.999151 votes=3
422.04 448.26 443.96 517.63 419.24 525.44 397.32 456.07 ship 0 0.999021 votes=3
273.33 444.39 287.41 380.19 314.82 386.20 300.73 450.40 ship 0 0.998885 votes=3
271.62 464.18 291.26 522.75 270.13 529.84 250.49 471.26 ship 0 0.998746 votes=3
361.62 458.49 381.94 519.21 359.58 526.69 339.26 465.97 ship 0 0.998675 votes=3
366.02 185.28 382.32 252.62 357.18 258.71 340.87 191.37 ship 0 0.998411 votes=3
158.73 491.81 172.42 536.09 156.10 541.13 142.41 496.85 ship 0 0.998381 votes=3
210.05 167.63 245.24 168.03 245.08 181.77 209.89 181.36 ship 0 0.998186 votes=3
413.25 691.46 423.10 743.95 401.74 747.96 391.89 695.47 ship 0 0.998126 votes=3
426.37 436.83 439.51 366.01 465.19 370.77 452.05 441.59 ship 0 0.998116 votes=3
458.02 186.36 477.24 260.74 453.12 266.97 433.89 192.59 ship 0 0.998112 votes=3
584.59 650.50 597.45 757.98 564.58 761.91 551.72 654.43 ship 0 0.998044 votes=3
211.32 194.60 225.63 253.53 200.60 259.61 186.28 200.68 ship 0 0.997839 votes=3
109.75 290.58 181.48 289.65 181.75 310.84 110.02 311.77 ship 0 0.997716 votes=3
431.94 632.47 434.03 667.50 419.21 668.38 417.12 633.35 ship 0 0.997665 votes=3
397.39 193.87 415.27 262.41 391.27 268.67 373.39 200.13 ship 0 0.997357 votes=3
306.30 644.60 310.42 681.90 294.31 683.68 290.20 646.38 ship 0 0.997076 votes=3
304.42 197.14 317.45 232.63 301.79 238.37 288.76 202.89 ship 0 0.996645 votes=3
445.73 696.84 446.08 748.75 422.55 748.91 422.20 697.00 ship 0 0.995897 votes=3
485.54 627.58 485.85 663.39 472.39 663.50 472.09 627.69 ship 0 0.995422 votes=3
319.65 711.55 323.36 752.74 303.94 754.49 300.23 713.29 ship 0 0.995040 votes=3
182.14 470.98 206.42 540.99 181.21 549.73 156.93 479.73 ship 0 0.994872 votes=3
377.07 632.20 380.06 674.33 363.49 675.50 360.50 633.38 ship 0 0.994784 votes=3
303.36 463.41 316.43 519.43 297.14 523.92 284.07 467.91 ship 0 0.994066 votes=3
396.62 440.07 406.56 378.25 430.19 382.05 420.24 443.88 ship 0 0.993751 votes=3
452.00 446.90 470.43 509.47 445.91 516.69 427.48 454.13 ship 0 0.993574 votes=3
187.29 449.75 200.71 381.61 224.75 386.35 211.34 454.49 ship 0 0.993149 votes=3
329.21 645.15 332.68 679.06 318.50 680.51 315.03 646.60 ship 0 0.990432 votes=3
183.17 199.59 194.51 263.12 168.71 267.72 157.37 204.20 ship 0 0.988970 votes=3
219.72 81.53 246.51 86.75 244.48 97.15 217.69 91.93 ship 0 0.987011 votes=3
327.00 163.51 363.68 163.18 363.81 177.85 327.13 178.19 ship 0 0.986744 votes=3
130.18 658.12 573.97 621.41 584.28 746.12 140.50 782.83 harbor 0 0.985388 votes=3
137.51 433.62 141.85 391.45 160.38 393.35 156.04 435.53 ship 0 0.983683 votes=3
220.61 708.04 222.88 751.48 207.03 752.30 204.77 708.87 ship 0 0.983470 votes=3
277.28 201.07 284.26 241.95 266.36 245.01 259.38 204.12 ship 0 0.981219 votes=3
104.67 444.27 138.16 433.43 143.09 448.66 109.60 459.50 ship 0 0.980398 votes=3
254.49 706.29 257.33 743.29 240.83 744.56 237.98 707.56 ship 0 0.970558 votes=3
353.78 638.29 358.35 675.60 343.84 677.38 339.27 640.06 ship 0 0.968870 votes=3
366.55 441.13 377.57 370.16 401.47 373.88 390.46 444.85 ship 0 0.968133 votes=3
155.48 455.53 165.33 395.56 188.28 399.33 178.43 459.30 ship 0 0.964212 votes=3
103.61 392.61 464.76 372.18 472.87 515.58 111.72 536.01 harbor 0 0.960871 votes=3
407.21 490.77 411.89 512.31 401.83 514.50 397.15 492.96 ship 0 0.938569 votes=3
269.98 164.35 306.58 164.81 306.40 179.49 269.80 179.03 ship 0 0.936127 votes=3
131.77 170.47 468.35 156.07 473.16 268.47 136.59 282.87 harbor 0 0.924361 votes=3
510.43 628.38 511.60 661.36 497.10 661.88 495.93 628.90 ship 0 0.886815 votes=3
283.14 648.86 284.89 683.62 268.52 684.45 266.77 649.69 ship 0 0.884335 votes=3
376.93 164.19 412.71 163.50 412.97 176.89 377.19 177.59 ship 0 0.848683 votes=3
407.29 637.14 410.28 670.82 392.89 672.37 389.90 638.68 ship 0 0.835979 votes=3
122.53 17.98 332.56 70.32 321.58 114.40 111.54 62.07 harbor 0 0.804296 votes=3
335.94 467.12 343.00 501.89 327.45 505.05 320.39 470.28 ship 0 0.759167 votes=3
523.88 659.67 524.27 628.77 536.78 628.93 536.39 659.82 ship 0 0.730501 votes=3
