257.41 180.75 257.47 222.54 243.69 222.56 243.63 180.77 ship 0 0.999411 votes=3
199.16 340.16 199.97 381.51 186.92 381.77 186.11 340.41 ship 0 0.999346 votes=3
306.38 231.25 307.05 270.34 293.05 270.59 292.37 231.49 ship 0 0.999296 votes=3
312.94 519.57 313.45 568.62 299.40 568.76 298.88 519.72 ship 0 0.999294 votes=3
230.62 572.85 230.64 525.49 244.69 525.49 244.67 572.86 ship 0 0.999266 votes=3
129.16 708.04 129.71 670.09 142.45 670.28 141.89 708.23 ship 0 0.999242 votes=3
273.85 388.43 273.86 435.43 259.81 435.44 259.81 388.43 ship 0 0.999236 votes=3
261.61 271.67 261.62 228.49 274.97 228.49 274.95 271.68 ship 0 0.999121 votes=3
162.82 180.35 163.14 219.47 150.89 219.57 150.57 180.44 ship 0 0.999048 votes=3
482.32 393.40 482.39 428.01 471.00 428.03 470.93 393.42 ship 0 0.999007 votes=3
263.65 379.99 263.67 340.79 276.80 340.79 276.79 379.99 ship 0 0.998891 votes=3
497.78 502.48 498.11 542.39 485.21 542.50 484.87 502.59 ship 0 0.998869 votes=3
468.50 543.39 469.19 500.37 482.20 500.58 481.51 543.60 ship 0 0.998821 votes=3
190.34 433.45 190.49 391.38 203.24 391.43 203.08 433.50 ship 0 0.998788 votes=3
444.53 341.45 444.58 382.77 431.01 382.79 430.96 341.47 ship 0 0.998754 votes=3
208.10 528.19 208.80 569.94 195.31 570.17 194.61 528.41 ship 0 0.998737 votes=3
183.68 270.84 183.69 232.12 195.71 232.12 195.71 270.85 ship 0 0.998713 votes=3
500.40 431.91 500.43 385.93 514.24 385.94 514.20 431.92 ship 0 0.998638 votes=3
227.52 524.48 227.65 573.15 213.43 573.19 213.31 524.52 ship 0 0.998545 votes=3
335.73 229.43 337.45 265.44 325.93 265.98 324.22 229.98 ship 0 0.998502 votes=3
656.39 502.13 657.10 557.71 644.00 557.87 643.29 502.30 ship 0 0.998460 votes=3
500.55 542.21 500.96 505.24 514.58 505.39 514.17 542.36 ship 0 0.998409 votes=3
303.60 179.02 304.01 220.87 291.21 221.00 290.81 179.15 ship 0 0.998364 votes=3
169.36 381.73 169.72 339.99 182.66 340.10 182.30 381.84 ship 0 0.998277 votes=3
146.15 177.12 146.97 224.26 132.21 224.52 131.39 177.37 ship 0 0.998275 votes=3
219.00 389.62 219.27 435.42 207.67 435.48 207.40 389.69 ship 0 0.998232 votes=3
242.42 234.50 242.45 268.35 231.86 268.35 231.84 234.51 ship 0 0.998212 votes=3
606.87 501.90 608.47 539.99 595.77 540.52 594.17 502.43 ship 0 0.998105 votes=3
259.12 229.15 259.20 268.51 246.99 268.54 246.90 229.17 ship 0 0.998060 votes=3
302.30 582.31 303.15 612.54 292.50 612.84 291.65 582.61 ship 0 0.998037 votes=3
405.05 504.94 405.30 546.21 392.38 546.28 392.14 505.02 ship 0 0.998022 votes=3
625.74 540.42 626.56 501.80 639.73 502.08 638.91 540.70 ship 0 0.997895 votes=3
293.33 523.94 295.00 566.53 282.07 567.03 280.40 524.44 ship 0 0.997829 votes=3
561.81 540.15 561.91 499.32 575.27 499.35 575.17 540.18 ship 0 0.997716 votes=3
287.37 180.50 288.38 220.48 275.70 220.81 274.69 180.82 ship 0 0.997653 votes=3
155.56 672.19 158.15 706.19 147.10 707.03 144.51 673.03 ship 0 0.997644 votes=3
589.99 499.41 590.11 536.89 578.15 536.93 578.03 499.45 ship 0 0.997599 votes=3
366.45 524.20 366.91 567.35 352.58 567.50 352.12 524.35 ship 0 0.997598 votes=3
398.20 345.64 398.89 382.50 387.00 382.72 386.31 345.86 ship 0 0.997555 votes=3
225.73 673.34 225.91 702.42 214.97 702.49 214.79 673.41 ship 0 0.997527 votes=3
178.34 182.89 178.80 222.72 167.00 222.86 166.54 183.03 ship 0 0.997494 votes=3
317.55 579.36 317.59 611.58 306.26 611.60 306.22 579.38 ship 0 0.997424 votes=3
485.25 428.09 485.85 389.59 497.64 389.78 497.04 428.28 ship 0 0.997359 votes=3
389.50 711.12 389.67 744.70 379.26 744.76 379.08 711.18 ship 0 0.997354 votes=3
167.15 336.25 168.03 380.29 153.97 380.57 153.09 336.53 ship 0 0.997195 votes=3
156.13 523.88 156.35 580.10 141.92 580.15 141.71 523.93 ship 0 0.997194 votes=3
167.22 269.17 167.28 234.28 178.88 234.30 178.82 269.19 ship 0 0.997182 votes=3
148.04 347.32 148.41 383.33 136.31 383.46 135.94 347.44 ship 0 0.997096 votes=3
162.73 237.36 163.08 274.53 151.75 274.64 151.40 237.47 ship 0 0.997022 votes=3
146.61 234.03 147.91 274.41 135.69 274.81 134.39 234.42 ship 0 0.996791 votes=3
203.36 746.99 203.38 715.83 213.55 715.83 213.53 746.99 ship 0 0.996718 votes=3
309.43 339.55 309.52 377.12 296.58 377.15 296.49 339.58 ship 0 0.996695 votes=3
189.87 528.58 190.09 571.27 177.19 571.33 176.97 528.64 ship 0 0.996634 votes=3
210.49 231.40 210.79 267.17 199.72 267.26 199.43 231.50 ship 0 0.996596 votes=3
466.11 504.84 466.78 537.78 454.34 538.04 453.68 505.09 ship 0 0.996567 votes=3
359.22 666.26 359.42 700.05 349.29 700.11 349.09 666.33 ship 0 0.996521 votes=3
435.24 502.82 436.21 544.87 422.91 545.18 421.94 503.13 ship 0 0.996504 votes=3
199.12 715.39 199.94 746.63 188.97 746.92 188.15 715.68 ship 0 0.996319 votes=3
370.17 579.97 370.48 612.81 361.09 612.90 360.78 580.05 ship 0 0.996290 votes=3
338.71 341.26 339.12 372.93 328.27 373.07 327.86 341.40 ship 0 0.995830 votes=3
400.90 380.16 401.22 342.79 412.92 342.89 412.59 380.26 ship 0 0.995774 votes=3
308.14 391.38 309.26 433.39 296.92 433.72 295.79 391.71 ship 0 0.995768 votes=3
559.74 500.89 560.51 541.46 548.23 541.69 547.46 501.12 ship 0 0.995679 votes=3
252.70 671.09 252.73 705.33 240.98 705.34 240.95 671.10 ship 0 0.995578 votes=3
622.77 500.07 624.06 538.96 611.64 539.37 610.35 500.48 ship 0 0.995508 votes=3
170.32 675.76 170.73 706.03 160.15 706.17 159.73 675.90 ship 0 0.995349 votes=3
319.48 670.60 320.56 699.65 309.57 700.06 308.49 671.00 ship 0 0.995286 votes=3
384.60 580.80 385.36 613.68 374.91 613.93 374.15 581.04 ship 0 0.995229 votes=3
279.21 669.44 279.43 704.08 268.21 704.15 268.00 669.51 ship 0 0.995096 votes=3
225.93 188.33 226.09 221.70 213.48 221.76 213.32 188.39 ship 0 0.995091 votes=3
426.81 345.37 427.44 379.52 417.77 379.70 417.14 345.55 ship 0 0.995065 votes=3
284.15 745.84 284.17 713.58 294.37 713.59 294.35 745.84 ship 0 0.995038 votes=3
347.81 709.97 347.91 744.16 337.54 744.19 337.44 710.00 ship 0 0.994906 votes=3
254.90 716.07 255.58 745.97 245.16 746.20 244.48 716.31 ship 0 0.994766 votes=3
292.37 669.69 296.69 703.11 284.49 704.68 280.18 671.27 ship 0 0.994699 votes=3
249.16 583.41 249.35 617.88 237.90 617.95 237.71 583.47 ship 0 0.994564 votes=3
275.65 582.61 276.08 613.84 265.95 613.98 265.52 582.75 ship 0 0.994471 votes=3
418.82 508.19 418.98 543.43 407.53 543.49 407.38 508.24 ship 0 0.994289 votes=3
195.93 223.56 196.20 181.90 209.87 181.99 209.60 223.65 ship 0 0.994100 votes=3
344.37 580.13 344.58 612.75 333.18 612.82 332.97 580.20 ship 0 0.993896 votes=3
181.86 587.29 182.32 617.29 172.97 617.44 172.51 587.43 ship 0 0.993545 votes=3
185.58 392.51 185.85 439.27 171.97 439.35 171.70 392.60 ship 0 0.993519 votes=3
597.99 742.34 598.08 717.53 607.02 717.56 606.93 742.37 ship 0 0.993174 votes=2
387.35 669.60 389.06 698.18 378.28 698.82 376.57 670.25 ship 0 0.992844 votes=3
184.83 673.39 185.89 704.21 175.27 704.57 174.22 673.75 ship 0 0.992733 votes=3
542.26 501.91 542.30 531.33 530.93 531.34 530.89 501.92 ship 0 0.992656 votes=3
451.15 396.25 451.24 427.74 440.73 427.77 440.64 396.27 ship 0 0.992438 votes=3
127.34 181.54 336.74 182.03 336.54 269.74 127.14 269.25 harbor 0 0.992200 votes=3
572.08 717.65 573.59 743.01 564.59 743.54 563.08 718.19 ship 0 0.992179 votes=2
560.29 650.78 560.74 678.41 549.32 678.60 548.87 650.97 ship 0 0.991911 votes=3
229.26 746.44 229.38 715.84 241.01 715.88 240.89 746.48 ship 0 0.991827 votes=3
229.33 339.36 230.17 376.85 219.24 377.10 218.39 339.61 ship 0 0.991427 votes=3
224.30 615.08 224.38 585.99 234.25 586.01 234.17 615.10 ship 0 0.991375 votes=3
293.69 341.44 294.21 378.07 281.24 378.25 280.72 341.63 ship 0 0.991296 votes=3
146.61 752.27 147.28 715.52 158.94 715.73 158.27 752.49 ship 0 0.990590 votes=3
186.59 715.96 186.81 747.28 175.71 747.35 175.50 716.04 ship 0 0.990454 votes=3
188.73 704.40 188.81 674.87 199.23 674.90 199.15 704.43 ship 0 0.990293 votes=3
166.69 392.98 167.42 435.15 156.41 435.35 155.68 393.17 ship 0 0.989808 votes=3
433.33 757.59 433.80 784.09 424.19 784.26 423.72 757.76 ship 0 0.989672 votes=3
373.76 712.54 375.00 740.85 366.25 741.23 365.01 712.92 ship 0 0.989403 votes=3
334.28 669.75 334.86 701.92 323.67 702.13 323.09 669.96 ship 0 0.989389 votes=3
276.77 525.30 277.69 571.17 265.81 571.41 264.89 525.54 ship 0 0.988736 votes=3
570.76 618.85 570.95 642.99 562.02 643.06 561.83 618.92 ship 0 0.988694 votes=2
320.51 710.82 320.91 742.05 311.62 742.17 311.22 710.94 ship 0 0.988470 votes=3
524.90 718.84 526.26 743.77 516.86 744.28 515.51 719.35 ship 0 0.988452 votes=2
263.12 582.27 264.10 616.50 253.02 616.82 252.04 582.58 ship 0 0.988427 votes=3
491.73 753.31 492.05 781.12 481.07 781.25 480.75 753.44 ship 0 0.987825 votes=3
195.61 585.96 196.25 616.77 186.09 616.98 185.45 586.17 ship 0 0.987600 votes=3
361.61 386.05 361.72 430.93 348.34 430.97 348.24 386.08 ship 0 0.987223 votes=3
465.80 681.08 465.83 653.82 475.18 653.83 475.14 681.09 ship 0 0.987181 votes=2
596.68 676.14 596.89 650.04 606.81 650.12 606.60 676.22 ship 0 0.987145 votes=3
147.51 392.90 148.03 433.34 134.73 433.51 134.21 393.07 ship 0 0.987110 votes=3
330.26 581.00 330.94 613.55 319.90 613.78 319.23 581.23 ship 0 0.986846 votes=3
130.04 350.16 130.47 396.85 118.20 396.97 117.77 350.27 ship 0 0.986655 votes=3
675.06 725.26 676.42 769.00 664.33 769.37 662.98 725.63 ship 0 0.985663 votes=3
512.69 677.25 512.84 653.36 522.17 653.42 522.03 677.31 ship 0 0.985301 votes=2
617.79 615.17 618.49 640.83 609.88 641.07 609.18 615.41 ship 0 0.985103 votes=3
408.21 760.05 410.90 789.02 401.22 789.91 398.53 760.95 ship 0 0.984466 votes=3
593.56 615.11 594.55 641.33 584.14 641.72 583.15 615.51 ship 0 0.984197 votes=3
468.72 756.23 469.14 782.41 458.14 782.59 457.71 756.41 ship 0 0.983565 votes=3
622.38 749.58 622.60 776.09 612.52 776.18 612.30 749.67 ship 0 0.983538 votes=3
308.74 712.76 308.91 745.81 297.00 745.87 296.83 712.82 ship 0 0.982905 votes=3
105.80 253.44 108.26 176.70 127.78 177.33 125.32 254.07 ship 0 0.982156 votes=3
665.98 614.49 666.07 640.77 656.21 640.80 656.12 614.52 ship 0 0.982014 votes=3
431.61 721.78 431.61 748.10 421.14 748.10 421.13 721.79 ship 0 0.981413 votes=3
143.13 617.14 143.16 584.23 153.27 584.24 153.25 617.14 ship 0 0.980374 votes=3
403.10 624.31 403.36 645.33 394.85 645.43 394.59 624.41 ship 0 0.979282 votes=3
138.89 528.54 382.56 523.82 384.30 613.61 140.62 618.32 harbor 0 0.978580 votes=3
333.46 711.02 333.57 743.49 323.46 743.52 323.34 711.06 ship 0 0.978170 votes=3
407.70 721.75 408.10 746.75 398.98 746.90 398.58 721.89 ship 0 0.978055 votes=3
535.19 651.43 535.29 678.60 525.47 678.63 525.37 651.46 ship 0 0.977671 votes=3
374.10 667.56 375.29 699.51 364.51 699.91 363.31 667.96 ship 0 0.977212 votes=3
570.61 550.16 570.82 575.49 561.60 575.56 561.39 550.24 ship 0 0.977069 votes=3
639.05 548.70 639.85 575.02 628.96 575.35 628.16 549.03 ship 0 0.976406 votes=3
642.12 613.36 643.15 641.43 631.01 641.87 629.99 613.80 ship 0 0.975197 votes=3
389.15 503.10 645.61 500.60 646.35 576.74 389.90 579.24 harbor 0 0.974822 votes=3
433.38 748.17 433.86 721.70 442.99 721.87 442.51 748.33 ship 0 0.974082 votes=2
388.43 620.63 680.34 616.26 681.25 676.77 389.33 681.14 harbor 0 0.968644 votes=3
379.03 390.48 379.23 429.57 368.75 429.63 368.54 390.54 ship 0 0.968444 votes=3
392.63 726.41 664.04 718.91 665.60 775.22 394.19 782.72 harbor 0 0.967485 votes=3
438.26 552.47 438.99 577.49 430.33 577.75 429.60 552.73 ship 0 0.965830 votes=3
235.27 378.03 235.38 340.02 247.27 340.05 247.16 378.06 ship 0 0.965209 votes=3
520.07 552.59 522.06 577.84 513.92 578.48 511.93 553.23 ship 0 0.965069 votes=3
581.45 651.93 583.98 674.94 574.73 675.96 572.19 652.95 ship 0 0.964989 votes=3
453.07 654.76 453.30 681.22 443.44 681.30 443.21 654.84 ship 0 0.963735 votes=3
595.79 639.52 596.37 615.29 605.53 615.51 604.96 639.74 ship 0 0.962387 votes=3
438.61 655.15 439.53 680.77 430.65 681.09 429.73 655.47 ship 0 0.961614 votes=3
361.28 711.11 361.78 743.45 351.72 743.61 351.21 711.27 ship 0 0.961048 votes=3
417.02 656.44 417.32 681.69 407.30 681.81 407.00 656.57 ship 0 0.960540 votes=3
357.80 578.98 358.02 611.38 346.85 611.46 346.63 579.06 ship 0 0.960434 votes=3
324.16 388.45 325.49 431.30 313.96 431.66 312.63 388.81 ship 0 0.955475 votes=3
139.80 673.28 397.66 667.27 399.45 743.89 141.59 749.90 harbor 0 0.953931 votes=3
465.24 577.04 465.30 551.79 474.16 551.81 474.10 577.06 ship 0 0.945808 votes=2
587.58 741.94 587.71 716.69 596.61 716.73 596.48 741.99 ship 0 0.944027 votes=2
611.09 742.16 611.46 715.63 621.31 715.77 620.94 742.30 ship 0 0.942489 votes=3
642.26 650.05 642.46 674.17 633.23 674.25 633.02 650.13 ship 0 0.941285 votes=3
477.32 678.84 477.33 652.99 487.17 653.00 487.16 678.85 ship 0 0.940109 votes=2
454.80 724.10 456.79 747.12 447.88 747.88 445.90 724.87 ship 0 0.937860 votes=3
489.44 721.26 490.16 745.99 479.53 746.30 478.81 721.57 ship 0 0.937698 votes=2
129.79 340.09 406.17 334.83 408.00 431.04 131.62 436.30 harbor 0 0.935276 votes=3
648.32 741.24 648.75 717.33 658.74 717.51 658.31 741.42 ship 0 0.933297 votes=3
560.38 718.61 560.39 744.88 549.81 744.89 549.79 718.62 ship 0 0.932247 votes=2
214.26 341.38 214.78 381.42 202.72 381.58 202.21 341.54 ship 0 0.926655 votes=3
643.89 675.41 643.98 650.52 655.30 650.56 655.21 675.46 ship 0 0.926394 votes=2
644.16 717.41 644.18 742.85 634.40 742.86 634.38 717.42 ship 0 0.923870 votes=2
642.15 640.94 642.31 613.11 652.02 613.17 651.85 641.00 ship 0 0.922623 votes=3
424.82 622.37 426.70 646.76 417.84 647.44 415.96 623.05 ship 0 0.921622 votes=2
434.76 392.16 434.80 427.01 423.84 427.02 423.80 392.17 ship 0 0.911057 votes=3
606.82 549.87 607.43 573.69 599.06 573.90 598.46 550.08 ship 0 0.907206 votes=3
667.67 673.98 667.88 649.77 677.21 649.84 677.01 674.06 ship 0 0.904635 votes=3
585.61 753.13 586.22 778.31 576.25 778.55 575.65 753.37 ship 0 0.904228 votes=2
271.56 745.49 271.70 713.27 281.54 713.31 281.40 745.53 ship 0 0.900992 votes=3
693.78 635.11 694.14 662.13 683.96 662.26 683.61 635.25 ship 0 0.899754 votes=2
501.11 719.84 501.28 745.52 491.91 745.58 491.75 719.90 ship 0 0.897024 votes=2
497.29 553.26 498.20 578.94 489.49 579.24 488.59 553.56 ship 0 0.893417 votes=3
237.58 671.57 238.24 703.44 229.77 703.61 229.11 671.75 ship 0 0.881587 votes=3
425.37 553.63 425.58 578.37 417.72 578.44 417.51 553.70 ship 0 0.867221 votes=3
289.19 229.86 290.55 268.83 279.36 269.23 278.00 230.25 ship 0 0.865450 votes=3
405.32 655.37 405.72 680.42 396.99 680.56 396.59 655.51 ship 0 0.833983 votes=3
414.06 554.95 415.34 578.13 405.45 578.67 404.18 555.49 ship 0 0.831768 votes=2
466.60 390.05 467.71 428.66 456.75 428.97 455.65 390.36 ship 0 0.828617 votes=3
621.80 549.72 622.39 574.40 612.71 574.63 612.11 549.96 ship 0 0.796058 votes=3
667.95 641.05 668.43 615.05 678.67 615.24 678.19 641.24 ship 0 0.795146 votes=2
485.61 552.13 486.18 579.52 475.88 579.74 475.31 552.34 ship 0 0.794507 votes=3
509.57 551.71 509.82 578.23 500.84 578.31 500.59 551.79 ship 0 0.760664 votes=3
