379.41 542.02 381.51 183.84 496.47 184.51 494.37 542.69 trainstation 0 0.992014 votes=3
33.24 197.95 36.01 178.54 41.47 179.32 38.70 198.73 vehicle 0 0.940535 votes=3
539.28 214.42 574.80 214.37 574.85 249.29 539.32 249.33 storagetank 0 0.932852 votes=2
544.76 178.84 578.36 178.11 579.04 209.44 545.44 210.17 storagetank 0 0.924919 votes=2
533.76 222.84 534.02 250.12 506.89 250.37 506.63 223.09 storagetank 0 0.918415 votes=2
509.49 163.37 530.53 162.78 531.08 182.21 510.04 182.81 storagetank 0 0.900423 votes=2
504.27 218.51 504.51 195.08 527.73 195.32 527.49 218.74 storagetank 0 0.834994 votes=3
507.48 113.62 507.66 94.99 525.79 95.17 525.61 113.80 storagetank 0 0.826585 votes=2
531.55 97.60 547.80 98.44 546.99 114.01 530.75 113.17 storagetank 0 0.822257 votes=2
530.75 74.32 549.93 74.66 549.60 93.15 530.42 92.81 storagetank 0 0.784111 votes=3
