557.56 266.72 595.79 297.64 583.94 312.29 545.71 281.36 ship 0 0.998998 votes=3
167.48 659.21 205.91 636.09 213.34 648.44 174.91 671.56 ship 0 0.998998 votes=3
650.01 254.45 691.78 200.55 707.50 212.74 665.73 266.63 ship 0 0.998840 votes=3
578.53 241.24 614.24 268.72 605.25 280.41 569.54 252.92 ship 0 0.998777 votes=3
584.82 206.49 640.26 249.27 625.99 267.76 570.54 224.98 ship 0 0.998374 votes=3
544.18 381.40 592.56 318.82 612.95 334.58 564.57 397.17 ship 0 0.998085 votes=3
607.24 305.60 647.50 257.72 662.71 270.51 622.45 318.39 ship 0 0.998076 votes=3
501.30 346.96 526.78 367.71 518.33 378.09 492.84 357.35 ship 0 0.997511 votes=3
181.07 680.98 219.28 662.41 225.60 675.41 187.39 693.98 ship 0 0.996877 votes=3
535.24 293.14 566.42 313.95 558.55 325.74 527.37 304.93 ship 0 0.995123 votes=3
467.81 474.15 498.10 442.38 508.59 452.38 478.29 484.15 ship 0 0.994369 votes=3
695.62 194.00 750.38 126.17 768.80 141.04 714.04 208.88 ship 0 0.994175 votes=3
638.21 166.58 666.62 187.84 659.04 197.97 630.63 176.71 ship 0 0.992957 votes=3
612.20 181.79 642.81 213.54 629.60 226.29 598.98 194.54 ship 0 0.992498 votes=3
92.78 705.59 133.53 680.25 141.18 692.56 100.43 717.90 ship 0 0.988226 votes=3
515.21 314.93 535.20 332.59 527.55 341.25 507.56 323.59 ship 0 0.977319 votes=3
337.09 520.66 711.56 32.95 788.91 92.34 414.45 580.05 harbor 0 0.967868 votes=3
51.16 146.96 74.69 156.93 70.61 166.56 47.08 156.59 vehicle 0 0.967640 votes=3
10.72 681.65 185.47 599.73 228.86 692.27 54.11 774.20 harbor 0 0.823984 votes=3
