491.09 570.87 492.50 645.94 463.06 646.49 461.65 571.42 vehicle 0 0.999789 votes=3
71.04 375.34 138.32 387.21 133.46 414.76 66.18 402.89 vehicle 0 0.999769 votes=3
409.09 566.74 413.04 645.82 383.04 647.32 379.09 568.24 vehicle 0 0.999740 votes=3
207.39 153.02 271.94 168.68 265.68 194.49 201.13 178.83 vehicle 0 0.999653 votes=3
151.80 112.54 209.03 123.52 204.17 148.82 146.94 137.84 vehicle 0 0.999604 votes=3
332.37 321.02 389.33 339.68 381.81 362.65 324.85 343.99 vehicle 0 0.999561 votes=3
220.08 122.12 280.35 136.32 274.34 161.83 214.07 147.63 vehicle 0 0.999465 votes=3
128.40 169.39 193.65 183.72 187.72 210.73 122.47 196.41 vehicle 0 0.999448 votes=3
359.97 275.19 420.10 295.01 412.53 317.98 352.40 298.17 vehicle 0 0.999418 votes=3
112.60 238.32 177.51 256.62 169.75 284.16 104.84 265.86 vehicle 0 0.999377 votes=3
230.21 84.84 295.69 99.06 289.77 126.32 224.29 112.10 vehicle 0 0.999335 votes=3
186.42 252.49 243.59 269.19 236.18 294.53 179.02 277.82 vehicle 0 0.999111 votes=3
384.81 186.91 446.99 201.96 441.07 226.43 378.89 211.37 vehicle 0 0.999053 votes=3
260.36 547.80 326.18 572.51 315.54 600.86 249.72 576.16 vehicle 0 0.998699 votes=3
406.46 140.40 466.18 161.50 457.83 185.13 398.11 164.03 vehicle 0 0.998240 votes=3
601.76 569.96 602.88 649.17 575.11 649.56 573.99 570.35 vehicle 0 0.991379 votes=3
