686.15 435.08 744.79 438.40 743.71 457.49 685.07 454.16 ship 0 0.999679 votes=3
208.39 432.99 271.13 443.70 267.59 464.46 204.84 453.74 ship 0 0.999603 votes=3
140.80 280.96 211.91 295.16 207.41 317.71 136.30 303.51 ship 0 0.999574 votes=3
684.14 465.44 738.75 466.02 738.57 483.77 683.95 483.19 ship 0 0.999554 votes=3
109.47 411.82 193.56 424.43 189.93 448.68 105.83 436.07 ship 0 0.999544 votes=3
218.82 367.19 286.86 380.76 282.42 403.03 214.38 389.46 ship 0 0.999535 votes=3
432.20 408.94 488.08 418.77 484.71 437.93 428.83 428.10 ship 0 0.999517 votes=3
204.25 460.78 270.80 473.03 266.91 494.22 200.36 481.97 ship 0 0.999487 votes=3
416.98 500.30 472.23 507.73 469.75 526.17 414.51 518.74 ship 0 0.999466 votes=3
129.91 318.29 205.12 331.83 200.17 359.35 124.95 345.81 ship 0 0.999463 votes=3
212.34 398.99 267.22 409.67 263.87 426.88 208.99 416.20 ship 0 0.999459 votes=3
104.75 476.30 178.86 485.28 175.75 510.93 101.64 501.96 ship 0 0.999419 votes=3
676.75 529.30 743.82 531.83 742.97 554.20 675.91 551.67 ship 0 0.999409 votes=3
356.87 359.51 421.30 367.50 418.24 392.17 353.81 384.18 ship 0 0.999403 votes=3
431.28 434.85 496.80 448.25 492.37 469.91 426.85 456.51 ship 0 0.999372 votes=3
693.04 400.43 734.72 400.65 734.63 416.57 692.96 416.35 ship 0 0.999369 votes=3
123.49 384.68 196.49 394.76 193.40 417.18 120.39 407.10 ship 0 0.999346 votes=3
567.70 541.46 656.20 525.31 661.46 554.11 572.95 570.26 ship 0 0.999327 votes=3
118.84 509.70 172.28 518.34 169.37 536.37 115.92 527.72 ship 0 0.999288 votes=3
601.84 432.25 643.18 435.30 642.02 451.01 600.69 447.96 ship 0 0.999238 votes=3
97.05 448.13 184.62 454.50 182.79 479.60 95.23 473.23 ship 0 0.999225 votes=3
686.50 361.35 768.40 363.79 767.74 386.00 685.84 383.57 ship 0 0.999210 votes=3
588.66 455.08 658.36 463.26 655.84 484.67 586.15 476.49 ship 0 0.999186 votes=3
128.79 350.18 203.49 361.65 199.76 385.95 125.06 374.48 ship 0 0.999083 votes=3
616.17 354.11 682.43 357.13 681.35 380.85 615.09 377.84 ship 0 0.998945 votes=3
676.50 499.11 746.56 500.29 746.22 520.69 676.16 519.51 ship 0 0.998525 votes=3
441.08 375.74 504.70 387.08 501.38 405.71 437.76 394.36 ship 0 0.998472 votes=3
383.29 404.33 412.50 413.28 408.42 426.60 379.21 417.65 ship 0 0.998325 votes=3
588.45 390.91 669.06 395.33 667.75 419.16 587.14 414.73 ship 0 0.998137 votes=3
222.55 338.16 292.14 345.21 289.91 367.21 220.32 360.17 ship 0 0.996116 votes=3
429.37 328.97 517.23 349.41 511.78 372.84 423.92 352.40 ship 0 0.993765 votes=3
364.36 318.75 426.78 333.95 421.43 355.93 359.01 340.74 ship 0 0.991475 votes=3
384.30 524.91 391.04 494.19 404.05 497.05 397.30 527.77 ship 0 0.991458 votes=3
591.82 626.54 594.97 389.27 748.45 391.31 745.30 628.57 harbor 0 0.979436 votes=3
530.30 734.70 542.86 707.50 552.73 712.06 540.16 739.25 vehicle 0 0.974503 votes=3
108.66 632.47 139.36 311.41 281.10 324.96 250.39 646.03 harbor 0 0.973801 votes=3
326.97 609.87 361.64 357.65 499.04 376.54 464.36 628.76 harbor 0 0.970331 votes=3
