378.24 649.28 428.06 648.44 428.34 665.03 378.52 665.86 ship 0 0.999584 votes=3
376.99 625.29 439.01 624.75 439.19 645.05 377.17 645.59 ship 0 0.999527 votes=3
286.92 485.85 359.36 485.82 359.37 507.05 286.93 507.07 ship 0 0.999475 votes=3
476.83 491.79 548.75 492.98 548.41 513.60 476.49 512.41 ship 0 0.999396 votes=3
305.35 625.83 359.56 624.37 360.08 643.45 305.87 644.91 ship 0 0.999300 votes=3
282.68 545.30 351.29 543.24 351.90 563.83 283.30 565.88 ship 0 0.998998 votes=3
482.24 479.60 482.38 442.09 495.18 442.14 495.04 479.65 ship 0 0.998469 votes=3
320.52 704.79 364.10 700.52 365.60 715.76 322.02 720.03 ship 0 0.998349 votes=3
381.94 343.24 382.03 379.11 368.77 379.14 368.68 343.28 ship 0 0.998303 votes=3
379.87 677.01 426.92 677.83 426.63 694.78 379.57 693.96 ship 0 0.998154 votes=3
377.91 573.12 435.01 572.49 435.21 590.60 378.11 591.24 ship 0 0.998054 votes=3
287.03 438.86 287.35 474.19 273.19 474.32 272.87 438.99 ship 0 0.997955 votes=3
408.08 482.38 408.43 437.31 424.84 437.44 424.49 482.51 ship 0 0.997745 votes=3
319.88 682.42 360.71 682.45 360.70 697.13 319.87 697.09 ship 0 0.997628 votes=3
371.01 478.62 371.59 438.99 386.88 439.21 386.30 478.84 ship 0 0.997130 votes=3
347.69 476.01 347.82 433.09 361.69 433.13 361.56 476.06 ship 0 0.996974 votes=3
382.35 700.75 433.54 700.19 433.72 717.20 382.54 717.77 ship 0 0.996922 votes=3
380.73 524.50 431.19 522.26 431.87 537.36 381.40 539.60 ship 0 0.996895 votes=3
436.63 371.05 436.92 336.51 449.48 336.62 449.19 371.15 ship 0 0.996809 votes=3
256.45 472.37 256.56 438.45 268.96 438.49 268.85 472.41 ship 0 0.996663 votes=3
403.04 434.53 405.15 479.88 390.40 480.56 388.29 435.21 ship 0 0.996547 votes=3
412.02 337.38 412.13 370.77 400.11 370.81 400.00 337.42 ship 0 0.996511 votes=3
376.19 594.87 432.87 595.98 432.52 614.00 375.84 612.88 ship 0 0.996331 votes=3
309.49 649.88 355.83 649.78 355.86 664.18 309.52 664.29 ship 0 0.996298 votes=3
568.00 442.93 568.24 483.36 555.43 483.43 555.20 443.00 ship 0 0.993975 votes=3
502.24 339.12 502.63 368.91 489.69 369.09 489.29 339.29 ship 0 0.992303 votes=3
520.15 477.86 520.34 443.22 534.28 443.30 534.09 477.93 ship 0 0.989311 votes=3
522.95 337.86 523.33 366.24 511.30 366.40 510.92 338.02 ship 0 0.989103 votes=3
242.03 485.63 274.22 485.89 274.13 496.81 241.94 496.55 ship 0 0.989019 votes=3
250.47 446.57 251.00 474.82 238.45 475.06 237.92 446.81 ship 0 0.988996 votes=3
339.52 441.62 340.85 475.12 327.79 475.64 326.46 442.14 ship 0 0.986081 votes=3
464.96 336.96 466.17 362.76 454.63 363.30 453.41 337.50 ship 0 0.985642 votes=3
428.37 479.68 428.70 438.85 442.74 438.96 442.42 479.80 ship 0 0.979225 votes=3
336.77 302.35 570.35 295.85 572.24 363.84 338.66 370.35 harbor 0 0.972259 votes=3
559.48 337.79 562.29 366.05 549.01 367.37 546.21 339.11 ship 0 0.962259 votes=3
385.03 542.04 464.29 540.71 464.65 561.84 385.39 563.17 ship 0 0.955869 votes=3
427.45 452.19 437.57 742.13 308.50 746.64 298.38 456.69 harbor 0 0.933865 votes=3
176.85 484.87 227.53 485.28 227.41 500.59 176.72 500.17 ship 0 0.907192 votes=3
458.66 438.59 459.89 480.91 446.35 481.30 445.12 438.98 ship 0 0.863500 votes=3
421.11 303.31 421.25 324.63 411.73 324.69 411.59 303.38 ship 0 0.823263 votes=3
397.68 325.96 397.76 306.96 406.78 306.99 406.71 326.00 ship 0 0.744499 votes=3
367.88 434.62 563.36 438.11 562.35 494.60 366.87 491.11 harbor 0 0.701079 votes=3
