394.91 510.71 539.60 508.97 539.98 540.89 395.29 542.63 ship 0 0.999483 votes=3
433.96 354.04 511.54 352.51 511.97 374.52 434.39 376.05 ship 0 0.999480 votes=3
294.51 178.69 294.58 307.90 251.54 307.92 251.47 178.71 ship 0 0.999377 votes=3
34.40 68.37 94.81 63.64 96.24 81.85 35.83 86.58 ship 0 0.999340 votes=3
114.82 64.63 210.44 57.95 212.23 83.55 116.61 90.23 ship 0 0.999215 votes=3
429.35 172.56 502.47 171.22 502.90 194.36 429.77 195.70 ship 0 0.999191 votes=3
172.32 382.01 259.05 342.90 272.49 372.70 185.76 411.81 ship 0 0.999164 votes=3
437.52 230.76 504.01 231.65 503.73 252.83 437.24 251.93 ship 0 0.999087 votes=3
72.89 429.79 142.04 395.10 154.68 420.31 85.54 455.00 ship 0 0.999077 votes=3
421.73 436.55 542.86 432.63 543.76 460.36 422.63 464.28 ship 0 0.999039 votes=3
428.04 319.67 509.37 318.84 509.60 341.02 428.27 341.85 ship 0 0.999019 votes=3
245.49 179.55 247.26 96.30 272.68 96.84 270.91 180.09 ship 0 0.998833 votes=3
96.20 625.73 151.24 592.62 162.05 610.58 107.00 643.69 ship 0 0.998547 votes=3
136.89 255.93 216.76 214.46 231.31 242.48 151.44 283.95 ship 0 0.998480 votes=3
192.64 436.38 198.86 514.60 174.11 516.57 167.89 438.35 ship 0 0.998339 votes=3
82.39 599.82 150.20 559.87 161.76 579.49 93.95 619.44 ship 0 0.998244 votes=3
155.89 352.04 225.07 312.65 238.04 335.43 168.86 374.82 ship 0 0.997563 votes=3
95.39 544.71 145.00 511.61 156.26 528.48 106.64 561.59 ship 0 0.997466 votes=3
95.68 669.91 145.61 640.93 156.38 659.50 106.45 688.47 ship 0 0.997107 votes=3
160.74 191.26 214.71 161.99 224.07 179.26 170.11 208.53 ship 0 0.996951 votes=3
453.43 587.25 536.72 586.85 536.84 611.61 453.55 612.02 ship 0 0.996273 votes=3
206.89 602.96 210.14 696.29 184.64 697.18 181.38 603.85 ship 0 0.995913 votes=3
482.54 642.57 512.67 642.49 512.70 654.18 482.57 654.26 ship 0 0.994716 votes=3
156.11 717.45 156.70 687.28 168.77 687.52 168.18 717.69 ship 0 0.993268 votes=3
100.24 701.78 135.32 684.13 142.54 698.47 107.46 716.13 ship 0 0.990631 votes=3
508.96 719.49 538.15 718.64 538.47 729.45 509.28 730.30 ship 0 0.988846 votes=3
179.58 403.20 180.99 432.68 167.53 433.32 166.12 403.85 ship 0 0.984571 votes=3
444.40 51.09 505.14 47.41 507.06 79.20 446.32 82.88 ship 0 0.982427 votes=3
409.37 640.98 452.16 641.36 452.02 656.30 409.24 655.93 ship 0 0.982400 votes=3
162.80 621.22 168.52 645.41 158.25 647.84 152.53 623.65 ship 0 0.979800 votes=3
240.81 291.84 241.62 322.09 228.15 322.46 227.33 292.20 ship 0 0.975989 votes=3
525.85 642.25 558.94 642.19 558.95 653.60 525.87 653.66 ship 0 0.974505 votes=3
187.80 540.12 189.07 573.22 175.44 573.74 174.17 540.64 ship 0 0.971037 votes=3
235.77 187.46 236.80 209.14 226.60 209.63 225.57 187.94 ship 0 0.955691 votes=3
95.81 456.88 150.08 436.19 157.74 456.30 103.48 476.99 ship 0 0.950863 votes=3
136.56 679.95 161.32 669.65 165.64 680.04 140.88 690.34 ship 0 0.921460 votes=3
415.15 448.58 418.15 32.54 615.15 33.96 612.15 450.00 harbor 0 0.900393 votes=3
528.68 493.46 545.72 493.67 545.62 501.82 528.58 501.60 ship 0 0.729685 votes=3
