378.07 410.88 409.28 410.71 409.35 424.08 378.14 424.25 vehicle 0 0.999668 votes=3
280.20 433.95 310.68 434.14 310.59 448.07 280.11 447.88 vehicle 0 0.999617 votes=3
228.74 408.70 260.63 409.19 260.42 422.75 228.53 422.26 vehicle 0 0.999511 votes=3
63.22 227.80 63.50 197.40 76.25 197.52 75.97 227.92 vehicle 0 0.998610 votes=3
44.45 226.62 44.83 194.93 58.01 195.09 57.63 226.78 vehicle 0 0.998526 votes=3
114.13 194.85 115.16 224.48 102.57 224.92 101.54 195.29 vehicle 0 0.996501 votes=3
40.17 193.52 40.45 221.56 28.89 221.67 28.61 193.63 vehicle 0 0.995757 votes=3
680.55 609.80 690.41 635.63 678.39 640.22 668.53 614.39 vehicle 0 0.995402 votes=3
182.60 381.92 521.07 385.12 520.16 481.71 181.68 478.51 bridge 0 0.994607 votes=3
9.73 224.37 10.41 194.31 22.93 194.59 22.25 224.65 vehicle 0 0.976881 votes=3
137.67 226.72 137.92 198.36 148.53 198.45 148.28 226.82 vehicle 0 0.946981 votes=3
82.76 308.25 83.12 281.23 95.06 281.39 94.71 308.41 vehicle 0 0.944201 votes=3
25.14 631.84 51.09 629.54 52.11 641.13 26.17 643.42 vehicle 0 0.900305 votes=3
