283.34 722.95 312.20 660.05 332.05 669.16 303.18 732.06 ship 0 0.999410 votes=3
206.09 695.55 238.50 617.67 263.55 628.10 231.14 705.97 ship 0 0.999159 votes=3
354.68 263.41 397.79 162.42 430.57 176.41 387.46 277.40 ship 0 0.998801 votes=3
244.42 710.99 275.27 643.68 297.46 653.85 266.60 721.16 ship 0 0.998775 votes=3
249.63 341.04 285.49 259.60 308.81 269.87 272.96 351.31 ship 0 0.998582 votes=3
232.13 584.60 255.01 515.11 276.14 522.07 253.26 591.56 ship 0 0.997810 votes=3
326.13 381.84 364.30 292.94 388.14 303.17 349.97 392.08 ship 0 0.997311 votes=3
177.70 679.32 206.63 612.58 224.93 620.51 196.01 687.25 ship 0 0.996696 votes=3
224.68 195.95 272.89 80.33 306.72 94.43 258.51 210.06 ship 0 0.996322 votes=3
194.12 478.95 447.52 591.25 368.06 770.56 114.66 658.25 harbor 0 0.994894 votes=3
244.82 88.22 615.75 257.09 519.85 467.75 148.91 298.88 harbor 0 0.994730 votes=3
420.28 410.30 442.01 369.51 456.72 377.35 434.99 418.14 ship 0 0.992387 votes=3
172.09 304.87 207.55 221.87 232.33 232.46 196.86 315.46 ship 0 0.991366 votes=3
356.91 726.27 372.60 693.67 384.81 699.55 369.12 732.15 ship 0 0.984862 votes=3
307.25 739.92 346.88 669.82 367.16 681.29 327.53 751.39 ship 0 0.970848 votes=3
144.96 168.10 186.67 63.43 243.32 86.00 201.61 190.67 ship 0 0.798626 votes=3
