405.01 768.28 405.08 715.43 424.16 715.46 424.08 768.31 ship 0 0.999564 votes=3
110.40 646.65 110.77 710.55 88.48 710.68 88.11 646.78 ship 0 0.999555 votes=3
181.63 649.46 182.45 707.27 162.02 707.56 161.19 649.76 ship 0 0.999554 votes=3
134.05 649.24 139.00 711.33 117.62 713.04 112.68 650.95 ship 0 0.999544 votes=3
349.07 272.77 405.91 235.03 418.50 253.99 361.65 291.73 ship 0 0.999520 votes=3
301.29 717.13 303.23 780.18 282.12 780.83 280.18 717.78 ship 0 0.999513 votes=3
232.25 705.51 232.44 650.37 251.57 650.44 251.37 705.58 ship 0 0.999473 votes=3
279.33 458.35 347.31 413.61 359.63 432.33 291.66 477.07 ship 0 0.999440 votes=3
416.95 650.39 417.44 703.89 399.03 704.06 398.54 650.56 ship 0 0.999422 votes=3
431.04 417.29 496.37 377.52 508.06 396.72 442.72 436.49 ship 0 0.999421 votes=3
689.30 459.75 777.79 402.32 791.62 423.62 703.13 481.05 ship 0 0.999373 votes=3
491.27 636.80 492.10 695.54 470.83 695.84 470.01 637.10 ship 0 0.999339 votes=3
517.23 721.33 518.46 769.89 499.71 770.36 498.48 721.80 ship 0 0.999338 votes=3
469.09 720.41 469.13 767.74 449.89 767.76 449.85 720.42 ship 0 0.999321 votes=3
386.26 313.41 440.18 284.13 449.60 301.49 395.69 330.76 ship 0 0.999320 votes=3
134.66 185.93 181.38 153.05 192.49 168.84 145.77 201.71 ship 0 0.999303 votes=3
110.92 732.15 111.15 783.52 94.81 783.59 94.57 732.23 ship 0 0.999288 votes=3
308.44 201.69 359.78 168.20 371.74 186.53 320.39 220.02 ship 0 0.999272 votes=3
611.77 632.97 613.98 695.03 592.99 695.78 590.79 633.71 ship 0 0.999268 votes=3
512.81 471.06 595.86 415.01 610.67 436.94 527.62 493.00 ship 0 0.999240 votes=3
419.29 365.68 469.58 333.82 478.67 348.18 428.38 380.03 ship 0 0.999231 votes=3
564.99 714.23 565.90 765.50 548.92 765.80 548.01 714.53 ship 0 0.999214 votes=3
41.80 712.83 43.77 658.80 63.50 659.52 61.53 713.55 ship 0 0.999202 votes=3
287.10 415.86 333.70 389.10 342.86 405.06 296.26 431.82 ship 0 0.999194 votes=3
102.59 136.02 146.03 107.27 157.32 124.33 113.88 153.08 ship 0 0.999146 votes=3
255.13 375.25 297.56 344.99 307.03 358.26 264.60 388.53 ship 0 0.999070 votes=3
483.07 325.44 525.12 299.85 533.98 314.41 491.93 340.00 ship 0 0.999068 votes=3
518.43 380.06 558.45 354.67 568.02 369.75 528.00 395.15 ship 0 0.999050 votes=3
232.48 87.14 283.21 54.55 292.90 69.64 242.18 102.23 ship 0 0.999043 votes=3
213.11 297.40 253.20 272.38 262.03 286.54 221.95 311.57 ship 0 0.999039 votes=3
585.46 634.22 587.32 690.52 569.63 691.11 567.77 634.80 ship 0 0.999027 votes=3
37.75 654.81 38.32 712.69 18.34 712.89 17.77 655.01 ship 0 0.999015 votes=3
216.71 62.47 265.65 29.67 276.21 45.43 227.27 78.23 ship 0 0.999015 votes=3
399.50 195.54 433.35 174.06 440.72 185.65 406.86 207.14 ship 0 0.999008 votes=3
236.84 344.87 290.66 312.48 301.51 330.50 247.69 362.90 ship 0 0.998953 votes=3
272.22 390.62 311.85 367.07 319.23 379.47 279.59 403.02 ship 0 0.998944 votes=3
152.40 205.55 194.09 180.43 203.72 196.42 162.04 221.54 ship 0 0.998916 votes=3
277.38 643.94 277.98 706.07 258.94 706.25 258.34 644.13 ship 0 0.998878 votes=3
704.70 372.14 743.60 349.17 751.21 362.05 712.31 385.02 ship 0 0.998829 votes=3
593.88 306.88 632.81 281.27 640.77 293.36 601.83 318.97 ship 0 0.998779 votes=3
410.37 213.59 448.49 190.10 457.28 204.38 419.16 227.86 ship 0 0.998755 votes=3
394.02 632.34 395.05 702.04 361.36 702.54 360.33 632.84 ship 0 0.998742 votes=3
605.69 324.65 645.33 298.40 653.20 310.29 613.57 336.54 ship 0 0.998739 votes=3
441.74 380.86 478.74 355.25 488.05 368.71 451.04 394.31 ship 0 0.998738 votes=3
248.09 106.88 297.44 77.52 307.10 93.77 257.75 123.12 ship 0 0.998683 votes=3
404.30 339.51 450.65 308.24 461.32 324.05 414.97 355.32 ship 0 0.998678 votes=3
267.13 131.41 316.99 99.25 327.50 115.54 277.63 147.70 ship 0 0.998662 votes=3
588.62 280.66 620.61 260.41 628.52 272.91 596.53 293.16 ship 0 0.998623 votes=3
535.83 632.18 540.10 697.61 521.24 698.84 516.97 633.41 ship 0 0.998570 votes=3
458.70 288.39 492.76 267.53 500.60 280.32 466.54 301.19 ship 0 0.998568 votes=3
594.37 190.60 629.06 169.20 636.74 181.66 602.05 203.06 ship 0 0.998548 votes=3
292.56 172.97 343.55 143.87 354.39 162.85 303.40 191.96 ship 0 0.998540 votes=3
255.59 725.24 256.19 778.55 238.81 778.74 238.21 725.43 ship 0 0.998517 votes=3
39.37 729.55 39.53 792.28 22.15 792.32 21.98 729.59 ship 0 0.998499 votes=3
116.95 159.18 164.37 129.19 174.66 145.46 127.24 175.45 ship 0 0.998433 votes=3
162.94 784.86 164.17 728.61 185.50 729.07 184.26 785.32 ship 0 0.998424 votes=3
225.35 647.59 228.50 709.62 210.77 710.52 207.62 648.49 ship 0 0.998361 votes=3
399.97 718.62 400.35 771.03 383.38 771.15 383.00 718.75 ship 0 0.998360 votes=3
625.26 360.09 669.54 334.40 677.76 348.58 633.48 374.27 ship 0 0.998351 votes=3
55.07 64.37 105.04 34.45 115.72 52.30 65.76 82.22 ship 0 0.998314 votes=3
555.64 247.91 596.57 221.90 604.63 234.57 563.70 260.58 ship 0 0.998303 votes=3
547.47 227.53 584.63 203.99 593.01 217.22 555.85 240.76 ship 0 0.998255 votes=3
448.19 266.52 482.52 245.88 490.18 258.61 455.85 279.25 ship 0 0.998222 votes=3
504.21 365.56 545.11 337.42 554.19 350.62 513.29 378.75 ship 0 0.998187 votes=3
513.26 169.64 548.47 148.71 555.45 160.44 520.24 181.38 ship 0 0.998149 votes=3
422.63 232.75 458.94 209.08 467.00 221.44 430.69 245.11 ship 0 0.998121 votes=3
481.82 137.80 521.88 109.89 531.37 123.51 491.31 151.42 ship 0 0.998119 votes=3
499.10 152.45 539.05 127.28 547.86 141.27 507.91 166.44 ship 0 0.998113 votes=3
368.68 724.80 369.09 759.02 357.07 759.16 356.66 724.95 ship 0 0.998059 votes=3
431.53 253.18 472.01 227.43 480.43 240.66 439.95 266.42 ship 0 0.997915 votes=3
179.46 253.85 226.09 224.94 235.75 240.54 189.12 269.44 ship 0 0.997891 votes=3
196.66 276.84 239.97 249.54 248.75 263.47 205.44 290.77 ship 0 0.997836 votes=3
539.00 208.58 572.31 185.78 580.12 197.19 546.81 219.99 ship 0 0.997690 votes=3
543.55 417.64 584.72 391.58 593.46 405.39 552.29 431.44 ship 0 0.997676 votes=3
463.65 435.86 508.20 401.77 518.71 415.50 474.15 449.59 ship 0 0.997629 votes=3
524.45 192.76 558.33 166.13 567.29 177.54 533.41 204.17 ship 0 0.997601 votes=3
382.09 286.94 419.96 261.80 428.92 275.30 391.05 300.44 ship 0 0.997590 votes=3
230.27 723.38 230.42 776.01 212.36 776.06 212.21 723.43 ship 0 0.997576 votes=3
685.67 321.73 715.32 295.51 724.39 305.77 694.74 331.99 ship 0 0.997569 votes=3
62.34 729.97 63.81 781.70 48.30 782.14 46.82 730.41 ship 0 0.997557 votes=3
662.92 416.33 704.17 386.99 714.53 401.55 673.28 430.90 ship 0 0.997448 votes=3
491.81 344.11 532.30 321.33 540.34 335.62 499.84 358.40 ship 0 0.997390 votes=3
670.17 303.37 703.47 284.44 710.09 296.08 676.80 315.01 ship 0 0.997281 votes=3
75.58 88.89 118.06 62.82 128.41 79.68 85.93 105.75 ship 0 0.997279 votes=3
573.92 265.52 605.69 240.23 614.81 251.69 583.04 276.98 ship 0 0.997264 votes=3
350.98 717.71 351.30 779.15 330.48 779.26 330.16 717.81 ship 0 0.997254 votes=3
717.96 387.57 752.36 366.71 759.64 378.72 725.24 399.58 ship 0 0.997175 votes=3
388.20 176.57 425.88 156.95 432.47 169.60 394.78 189.22 ship 0 0.997148 votes=3
330.06 223.68 375.18 196.88 383.71 211.25 338.59 238.05 ship 0 0.996926 votes=3
583.76 174.45 615.06 156.09 621.64 167.29 590.34 185.65 ship 0 0.996500 votes=3
514.56 636.55 517.41 699.40 498.30 700.27 495.45 637.42 ship 0 0.996409 votes=3
541.56 109.89 571.24 87.12 578.73 96.89 549.05 119.66 ship 0 0.996372 votes=3
344.78 238.97 387.91 213.54 397.32 229.50 354.20 254.93 ship 0 0.996189 votes=3
532.98 398.53 568.15 376.27 575.83 388.42 540.66 410.67 ship 0 0.996037 votes=3
88.25 140.82 109.44 175.02 97.72 182.29 76.53 148.08 ship 0 0.995944 votes=3
481.13 112.47 510.55 92.48 517.95 103.38 488.53 123.37 ship 0 0.995808 votes=3
615.90 223.07 646.66 205.09 652.56 215.18 621.80 233.16 ship 0 0.995526 votes=3
621.22 342.90 657.63 316.73 666.44 328.99 630.03 355.16 ship 0 0.995302 votes=3
15.42 735.48 16.60 783.41 1.62 783.78 0.44 735.85 ship 0 0.994942 votes=3
656.10 628.21 656.38 689.43 638.39 689.51 638.12 628.29 ship 0 0.994654 votes=3
34.62 58.84 58.54 99.68 40.92 109.99 17.00 69.16 ship 0 0.994648 votes=3
635.49 255.03 671.27 235.07 678.19 247.46 642.41 267.42 ship 0 0.994336 votes=3
689.01 338.26 723.03 317.14 729.36 327.34 695.34 348.46 ship 0 0.993261 votes=3
34.28 20.29 53.16 42.80 42.73 51.54 23.85 29.04 ship 0 0.991923 votes=3
469.19 304.23 510.48 279.32 519.92 294.97 478.63 319.88 ship 0 0.991666 votes=3
233.45 362.25 252.48 394.73 240.59 401.69 221.56 369.22 ship 0 0.988590 votes=3
626.56 240.16 652.41 224.32 658.28 233.90 632.43 249.74 ship 0 0.987121 votes=3
254.50 396.95 277.87 427.96 267.11 436.07 243.74 405.05 ship 0 0.984388 votes=3
197.41 308.12 222.24 346.86 208.11 355.92 183.29 317.18 ship 0 0.980469 votes=3
674.81 433.87 715.34 406.83 724.25 420.19 683.72 447.23 ship 0 0.979003 votes=3
649.61 273.35 682.53 253.43 688.20 262.81 655.28 282.73 ship 0 0.976554 votes=3
162.70 250.82 182.95 287.63 169.50 295.03 149.25 258.22 ship 0 0.975526 votes=3
540.86 44.18 782.11 419.11 704.62 468.97 463.37 94.04 harbor 0 0.966379 votes=3
0.06 650.57 682.67 638.56 684.89 764.75 2.28 776.76 harbor 0 0.956356 votes=3
730.71 399.76 768.43 380.34 774.38 391.91 736.66 411.32 ship 0 0.924864 votes=3
203.99 28.75 240.71 4.21 256.98 28.55 220.26 53.09 ship 0 0.916717 votes=3
320.93 -4.52 600.43 420.86 495.03 490.11 215.52 64.74 harbor 0 0.902356 votes=3
484.99 90.71 505.84 80.64 510.10 89.46 489.25 99.53 ship 0 0.892248 votes=3
80.63 -14.10 359.85 420.14 286.95 467.01 7.74 32.77 harbor 0 0.873685 votes=3
528.80 88.39 542.28 77.07 547.34 83.10 533.86 94.42 ship 0 0.832231 votes=3
