89.97 320.47 144.18 312.59 146.62 329.34 92.41 337.22 ship 0 0.999426 votes=3
147.57 472.00 206.25 465.05 208.29 482.30 149.61 489.24 ship 0 0.999036 votes=3
229.71 271.10 266.59 260.71 270.25 273.71 233.38 284.10 ship 0 0.998746 votes=3
285.33 405.43 348.71 389.60 353.55 408.96 290.17 424.79 ship 0 0.998666 votes=3
88.03 298.01 137.75 293.08 139.39 309.62 89.67 314.55 ship 0 0.998533 votes=3
117.11 457.57 159.06 450.83 161.32 464.91 119.37 471.65 ship 0 0.998516 votes=3
728.80 19.03 745.48 33.67 738.77 41.32 722.09 26.68 vehicle 0 0.998428 votes=3
773.26 224.00 788.16 241.78 780.26 248.40 765.36 230.62 vehicle 0 0.998355 votes=3
304.48 372.21 350.08 359.67 354.58 376.03 308.97 388.56 ship 0 0.998269 votes=3
176.30 435.37 211.35 431.27 212.66 442.49 177.61 446.59 ship 0 0.998211 votes=3
156.05 310.04 190.04 305.13 191.84 317.60 157.85 322.52 ship 0 0.998087 votes=3
250.26 153.11 305.49 141.61 309.08 158.87 253.85 170.37 ship 0 0.998029 votes=3
152.81 293.72 185.09 288.47 186.92 299.76 154.65 305.01 ship 0 0.997979 votes=3
110.01 431.26 161.51 420.92 164.13 433.97 112.63 444.30 ship 0 0.997935 votes=3
108.64 351.09 144.75 345.89 146.48 357.88 110.36 363.08 ship 0 0.997869 votes=3
750.65 239.53 773.09 257.31 766.15 266.08 743.70 248.30 vehicle 0 0.997856 votes=3
84.71 270.91 128.95 261.85 131.92 276.37 87.68 285.43 ship 0 0.997673 votes=3
398.82 454.21 402.18 483.07 390.43 484.44 387.07 455.57 ship 0 0.997375 votes=3
755.94 119.49 771.12 136.26 763.34 143.30 748.17 126.53 vehicle 0 0.996554 votes=3
726.29 171.81 745.10 188.07 738.29 195.95 719.48 179.70 vehicle 0 0.996476 votes=3
63.60 209.89 118.15 194.05 122.54 209.17 67.99 225.01 ship 0 0.996400 votes=3
163.21 357.25 194.49 349.45 197.43 361.25 166.15 369.05 ship 0 0.996383 votes=3
76.11 238.48 127.03 230.05 129.79 246.74 78.88 255.17 ship 0 0.996223 votes=3
107.39 383.61 151.48 376.98 153.52 390.52 109.43 397.15 ship 0 0.996002 votes=3
174.00 416.85 211.01 412.82 212.48 426.30 175.47 430.34 ship 0 0.995832 votes=3
282.35 276.13 316.03 269.92 318.08 281.04 284.41 287.25 ship 0 0.995818 votes=3
437.09 445.10 445.91 467.35 435.79 471.36 426.97 449.11 ship 0 0.995638 votes=3
192.38 180.19 238.85 168.53 242.48 183.00 196.01 194.66 ship 0 0.995250 votes=3
172.61 403.52 205.56 398.32 207.21 408.78 174.27 413.98 ship 0 0.994714 votes=3
447.90 477.63 455.45 506.05 444.17 509.04 436.62 480.62 ship 0 0.994610 votes=3
169.63 388.83 202.29 382.08 204.58 393.16 171.91 399.90 ship 0 0.994549 votes=3
180.16 449.45 216.50 444.73 218.11 457.09 181.76 461.81 ship 0 0.994234 votes=3
167.66 372.77 199.97 367.88 201.65 379.02 169.35 383.90 ship 0 0.993505 votes=3
394.36 647.77 403.90 682.99 389.40 686.91 379.86 651.69 ship 0 0.993437 votes=3
296.63 337.00 332.75 329.01 335.72 342.48 299.61 350.47 ship 0 0.993073 votes=3
338.44 628.44 354.55 680.79 336.37 686.38 320.26 634.03 ship 0 0.992651 votes=3
271.44 230.79 302.33 222.92 304.95 233.21 274.06 241.08 ship 0 0.992105 votes=3
620.01 301.50 642.03 288.51 647.03 296.98 625.01 309.97 vehicle 0 0.988497 votes=3
290.95 305.40 325.86 296.85 328.78 308.76 293.86 317.32 ship 0 0.988117 votes=3
162.31 342.59 190.83 335.74 193.31 346.06 164.79 352.91 ship 0 0.987603 votes=3
354.00 503.59 359.17 530.50 344.73 533.28 339.55 506.37 ship 0 0.987155 votes=3
419.40 486.43 424.49 511.44 413.36 513.70 408.28 488.69 ship 0 0.986911 votes=3
468.53 437.23 474.76 459.09 465.41 461.76 459.18 439.89 ship 0 0.986107 votes=3
167.84 178.82 216.49 461.37 118.65 478.21 70.00 195.66 harbor 0 0.985596 votes=3
352.65 469.37 355.65 494.32 344.82 495.62 341.82 470.68 ship 0 0.981774 votes=3
520.08 449.15 533.57 493.92 519.03 498.30 505.54 453.53 ship 0 0.981725 votes=3
393.93 494.76 397.35 518.87 387.11 520.32 383.69 496.21 ship 0 0.979808 votes=3
306.60 483.09 473.37 433.22 490.73 491.28 323.96 541.15 harbor 0 0.979407 votes=3
548.45 217.43 566.81 211.25 569.51 219.27 551.15 225.45 vehicle 0 0.978673 votes=3
288.72 157.83 354.08 390.64 273.42 413.28 208.07 180.47 harbor 0 0.975275 votes=3
350.14 618.90 358.58 644.45 346.47 648.45 338.04 622.90 ship 0 0.968800 votes=3
729.48 251.42 758.29 272.80 750.22 283.66 721.42 262.28 vehicle 0 0.960481 votes=3
321.04 625.30 515.85 569.28 534.31 633.49 339.50 689.51 harbor 0 0.932599 votes=3
419.95 592.83 426.95 622.88 414.02 625.89 407.02 595.84 ship 0 0.929726 votes=3
393.05 604.27 399.26 631.59 385.70 634.67 379.50 607.35 ship 0 0.929290 votes=3
263.66 380.48 295.30 372.28 298.46 384.47 266.82 392.67 ship 0 0.928323 votes=3
433.59 631.50 440.74 658.83 428.87 661.93 421.72 634.60 ship 0 0.892446 votes=3
275.14 246.53 309.19 240.46 311.76 254.86 277.71 260.93 ship 0 0.863019 votes=3
62.48 186.00 121.01 167.82 125.08 180.93 66.56 199.11 ship 0 0.835882 votes=3
476.51 471.10 483.53 491.58 473.58 494.99 466.56 474.51 ship 0 0.824544 votes=3
265.52 344.21 289.09 340.41 291.01 352.28 267.43 356.08 ship 0 0.694113 votes=3
