681.42 226.71 791.01 228.01 789.81 328.83 680.22 327.53 storagetank 0 0.999200 votes=3
642.72 499.82 788.54 500.56 787.81 643.05 641.99 642.31 storagetank 0 0.998752 votes=3
263.63 229.62 410.82 226.34 413.87 363.20 266.68 366.47 storagetank 0 0.998745 votes=3
283.07 381.15 430.22 378.44 432.79 518.54 285.65 521.24 storagetank 0 0.998480 votes=3
308.48 582.98 456.29 574.21 464.65 714.94 316.84 723.72 storagetank 0 0.998423 votes=3
477.55 368.83 587.05 368.30 587.54 467.14 478.03 467.68 storagetank 0 0.998404 votes=3
407.78 113.12 561.19 117.60 557.08 258.45 403.67 253.97 storagetank 0 0.998326 votes=3
491.94 681.86 568.15 673.70 574.95 737.29 498.75 745.44 storagetank 0 0.998055 votes=3
640.13 348.70 785.59 346.29 787.92 487.24 642.46 489.65 storagetank 0 0.997963 votes=3
533.64 223.89 663.61 221.33 665.86 335.63 535.89 338.19 storagetank 0 0.997716 votes=3
502.56 543.92 582.80 542.79 583.76 611.13 503.52 612.26 storagetank 0 0.993672 votes=3
