370.38 338.73 370.59 403.12 345.99 403.20 345.78 338.80 vehicle 0 0.999569 votes=3
335.01 111.22 335.33 145.52 320.85 145.65 320.53 111.35 vehicle 0 0.999566 votes=3
426.03 470.56 426.76 504.58 411.64 504.90 410.91 470.88 vehicle 0 0.999562 votes=3
417.69 390.52 418.16 338.28 440.19 338.48 439.72 390.72 vehicle 0 0.999479 votes=3
369.58 106.87 369.60 71.52 383.27 71.52 383.25 106.88 vehicle 0 0.999409 votes=3
309.34 122.81 310.13 158.13 294.00 158.49 293.21 123.17 vehicle 0 0.999126 votes=3
352.06 690.79 352.21 730.84 335.07 730.90 334.92 690.85 vehicle 0 0.998687 votes=3
421.71 646.46 421.75 614.17 434.96 614.18 434.93 646.47 vehicle 0 0.997766 votes=3
735.02 320.01 773.18 326.19 770.85 340.63 732.68 334.46 vehicle 0 0.995560 votes=3
469.85 60.81 481.43 600.80 269.22 605.36 257.63 65.37 overpass 0 0.992287 votes=3
740.12 302.19 773.69 302.83 773.42 317.13 739.85 316.49 vehicle 0 0.966856 votes=3
