81.40 428.80 148.04 428.53 148.15 456.19 81.51 456.46 vehicle 0 0.999772 votes=3
141.74 127.65 219.16 125.35 220.07 156.08 142.65 158.37 vehicle 0 0.999765 votes=3
357.22 453.07 369.90 522.97 341.65 528.09 328.97 458.19 vehicle 0 0.999763 votes=3
387.55 522.07 388.42 454.34 416.02 454.69 415.15 522.42 vehicle 0 0.999741 votes=3
653.56 522.25 654.72 453.43 684.72 453.94 683.56 522.75 vehicle 0 0.999729 votes=3
75.83 386.22 146.51 385.42 146.82 413.41 76.14 414.22 vehicle 0 0.999725 votes=3
653.89 257.46 654.58 327.71 623.82 328.01 623.13 257.76 vehicle 0 0.999708 votes=3
60.81 509.88 146.71 503.19 149.28 536.19 63.38 542.88 vehicle 0 0.999692 votes=3
539.59 511.32 540.95 441.46 568.18 441.99 566.82 511.85 vehicle 0 0.999616 votes=3
731.72 257.14 733.42 327.13 701.47 327.90 699.77 257.92 vehicle 0 0.998461 votes=3
691.53 515.95 693.13 456.19 718.49 456.87 716.89 516.63 vehicle 0 0.973727 votes=3
118.22 739.41 147.51 780.77 127.49 794.95 98.20 753.59 vehicle 0 0.972128 votes=3
