594.02 558.83 658.01 550.81 660.93 574.11 596.93 582.13 ship 0 0.999650 votes=3
97.09 716.00 159.67 703.01 164.36 725.60 101.78 738.59 ship 0 0.999555 votes=3
501.86 598.76 557.36 598.43 557.48 618.00 501.98 618.33 ship 0 0.999543 votes=3
44.81 344.49 227.68 345.08 227.54 388.34 44.67 387.74 ship 0 0.999485 votes=3
165.08 422.08 217.94 420.39 218.57 440.24 165.71 441.93 ship 0 0.999446 votes=3
733.93 14.43 734.16 55.84 716.96 55.93 716.73 14.52 vehicle 0 0.999375 votes=3
502.46 630.12 558.85 630.27 558.79 649.75 502.41 649.60 ship 0 0.999347 votes=3
101.11 742.60 159.67 734.98 162.97 760.37 104.41 767.98 ship 0 0.999338 votes=3
481.31 514.40 565.83 516.81 565.03 544.92 480.51 542.51 ship 0 0.999281 votes=3
49.30 509.67 120.09 493.82 125.51 518.03 54.73 533.88 ship 0 0.999238 votes=3
35.00 454.46 106.10 438.76 111.37 462.67 40.27 478.37 ship 0 0.999148 votes=3
74.05 406.82 140.93 408.34 140.39 432.49 73.50 430.97 ship 0 0.998943 votes=3
288.48 675.24 290.64 627.20 308.27 627.99 306.12 676.03 ship 0 0.998773 votes=3
424.71 756.94 424.92 714.92 442.83 715.01 442.63 757.03 ship 0 0.997898 votes=3
84.88 668.20 134.91 658.44 138.38 676.23 88.36 685.99 ship 0 0.996948 votes=3
82.58 643.64 148.40 631.99 152.41 654.66 86.59 666.30 ship 0 0.996754 votes=3
506.96 666.80 557.80 662.92 559.32 682.96 508.49 686.84 ship 0 0.996338 votes=3
362.88 725.28 363.09 678.13 381.19 678.21 380.98 725.36 ship 0 0.994530 votes=3
100.64 686.28 149.67 676.27 153.36 694.30 104.33 704.31 ship 0 0.994022 votes=3
426.88 696.50 428.95 657.79 447.34 658.77 445.28 697.48 ship 0 0.993655 votes=3
710.95 695.89 711.10 739.46 693.77 739.52 693.62 695.95 ship 0 0.993627 votes=3
47.11 770.81 67.62 740.26 77.98 747.21 57.47 777.76 vehicle 0 0.992650 votes=3
327.76 749.78 328.60 710.54 347.45 710.94 346.62 750.18 ship 0 0.992305 votes=3
242.68 653.10 245.79 602.56 264.74 603.72 261.64 654.26 ship 0 0.989400 votes=3
393.34 724.50 394.41 684.90 412.53 685.39 411.45 725.00 ship 0 0.986410 votes=3
394.66 683.40 395.28 645.09 412.71 645.37 412.09 683.69 ship 0 0.986389 votes=3
596.39 633.85 640.20 633.66 640.28 652.41 596.47 652.61 ship 0 0.985874 votes=3
677.96 400.41 678.99 741.08 489.94 741.65 488.91 400.98 harbor 0 0.979833 votes=3
261.54 600.03 261.91 547.25 281.14 547.39 280.77 600.16 ship 0 0.975195 votes=3
254.43 731.79 256.85 670.10 281.70 671.07 279.28 732.77 ship 0 0.931284 votes=3
35.89 722.36 51.97 698.73 62.61 705.97 46.53 729.60 vehicle 0 0.899103 votes=3
291.41 503.69 292.02 761.73 246.09 761.84 245.47 503.80 harbor 0 0.880744 votes=3
26.24 671.79 45.07 646.93 56.20 655.36 37.37 680.22 vehicle 0 0.867180 votes=3
60.24 794.36 71.62 776.77 80.69 782.64 69.31 800.23 vehicle 0 0.853781 votes=3
18.46 388.30 212.45 387.93 212.49 408.68 18.50 409.05 harbor 0 0.848660 votes=3
346.13 751.02 347.81 508.79 367.10 508.93 365.42 751.15 harbor 0 0.801367 votes=3
262.05 649.17 263.09 603.91 280.92 604.32 279.88 649.58 ship 0 0.687374 votes=3
