253.07 150.02 271.50 171.40 261.98 179.61 243.54 158.23 vehicle 0 0.999464 votes=3
282.39 368.14 302.81 390.58 293.27 399.26 272.85 376.82 vehicle 0 0.999354 votes=3
141.49 246.86 161.46 268.82 150.62 278.68 130.65 256.73 vehicle 0 0.999088 votes=3
652.14 628.43 672.42 653.35 661.08 662.58 640.80 637.66 vehicle 0 0.998984 votes=3
391.58 531.60 410.13 558.04 398.35 566.31 379.79 539.87 vehicle 0 0.998980 votes=3
194.57 82.57 212.25 103.48 201.18 112.84 183.50 91.93 vehicle 0 0.998393 votes=3
350.19 224.88 370.76 249.30 360.34 258.07 339.77 233.65 vehicle 0 0.998333 votes=3
367.30 284.83 386.33 306.50 375.05 316.40 356.02 294.74 vehicle 0 0.997437 votes=3
512.25 559.85 531.68 583.03 520.27 592.59 500.85 569.40 vehicle 0 0.996034 votes=3
278.38 36.09 725.56 501.99 508.35 710.47 61.17 244.57 bridge 0 0.907140 votes=3
