671.75 446.80 675.94 356.85 703.60 358.14 699.42 448.08 ship 0 0.999739 votes=3
542.32 477.65 544.12 412.59 566.73 413.21 564.93 478.28 ship 0 0.999725 votes=3
628.66 345.19 630.78 397.12 611.87 397.90 609.75 345.96 ship 0 0.999708 votes=3
531.35 213.48 531.50 153.65 552.61 153.71 552.47 213.53 ship 0 0.999691 votes=3
247.69 82.13 249.53 142.56 231.61 143.11 229.77 82.67 ship 0 0.999647 votes=3
408.30 345.29 408.36 399.31 388.64 399.33 388.58 345.31 ship 0 0.999642 votes=3
574.87 482.73 575.27 412.79 599.76 412.93 599.36 482.87 ship 0 0.999615 votes=3
515.19 602.85 516.51 665.37 494.78 665.82 493.46 603.31 ship 0 0.999584 votes=3
466.19 415.26 466.20 484.68 440.80 484.68 440.80 415.27 ship 0 0.999580 votes=3
273.38 673.97 273.51 618.42 291.72 618.46 291.60 674.01 ship 0 0.999571 votes=3
380.21 345.22 381.02 399.02 361.68 399.31 360.87 345.51 ship 0 0.999569 votes=3
434.66 160.08 436.63 199.84 420.92 200.62 418.95 160.86 ship 0 0.999568 votes=3
567.73 136.45 568.86 83.58 586.56 83.95 585.43 136.83 ship 0 0.999555 votes=3
582.69 617.75 583.31 670.91 564.04 671.13 563.41 617.97 ship 0 0.999553 votes=3
635.10 206.80 635.38 152.84 652.81 152.93 652.52 206.89 ship 0 0.999525 votes=3
606.83 477.26 610.15 409.78 634.38 410.97 631.07 478.45 ship 0 0.999514 votes=3
272.01 349.12 272.64 399.66 255.89 399.87 255.26 349.33 ship 0 0.999514 votes=3
219.21 95.44 219.37 145.38 198.93 145.45 198.77 95.51 ship 0 0.999512 votes=3
98.62 141.05 102.05 104.16 116.40 105.50 112.97 142.39 ship 0 0.999508 votes=3
620.37 155.44 621.46 224.02 598.99 224.38 597.90 155.79 ship 0 0.999466 votes=3
186.29 631.61 186.76 668.05 172.38 668.23 171.92 631.79 ship 0 0.999466 votes=3
380.71 414.68 380.75 466.89 361.30 466.91 361.27 414.69 ship 0 0.999465 votes=3
232.80 207.56 232.94 157.88 250.07 157.93 249.93 207.60 ship 0 0.999465 votes=3
471.43 395.56 471.52 342.03 489.86 342.06 489.77 395.60 ship 0 0.999458 votes=3
361.22 216.21 364.63 154.28 385.80 155.44 382.38 217.37 ship 0 0.999444 votes=3
163.23 418.10 163.48 456.31 147.20 456.42 146.95 418.21 ship 0 0.999437 votes=3
224.69 635.15 225.17 674.46 209.78 674.64 209.30 635.34 ship 0 0.999428 votes=3
548.96 82.37 549.19 134.86 531.11 134.94 530.88 82.45 ship 0 0.999416 votes=3
323.38 672.65 323.51 574.27 354.34 574.32 354.21 672.69 ship 0 0.999412 votes=3
508.71 479.86 512.33 411.36 535.55 412.59 531.93 481.09 ship 0 0.999412 votes=3
572.33 342.39 572.77 397.12 553.41 397.27 552.97 342.54 ship 0 0.999400 votes=3
186.31 346.69 186.87 396.60 168.97 396.80 168.42 346.88 ship 0 0.999400 votes=3
595.89 670.01 596.65 601.39 622.27 601.68 621.52 670.29 ship 0 0.999395 votes=3
287.68 207.94 287.73 156.45 304.55 156.47 304.49 207.96 ship 0 0.999355 votes=3
324.29 353.42 327.74 395.03 312.75 396.27 309.30 354.67 ship 0 0.999305 votes=3
184.73 424.82 185.45 462.19 171.09 462.47 170.36 425.10 ship 0 0.999293 votes=3
568.33 212.58 568.37 155.30 591.10 155.31 591.06 212.59 ship 0 0.999227 votes=3
525.81 157.37 526.05 216.82 503.65 216.91 503.42 157.46 ship 0 0.999222 votes=3
687.73 126.90 695.12 196.68 670.05 199.34 662.66 129.55 ship 0 0.999215 votes=3
336.81 138.85 337.05 86.70 357.38 86.79 357.15 138.94 ship 0 0.999213 votes=3
294.51 354.44 294.69 399.57 279.18 399.63 279.00 354.50 ship 0 0.999190 votes=3
499.73 396.81 499.91 355.55 515.12 355.62 514.94 396.88 ship 0 0.999162 votes=3
362.88 670.49 363.45 617.37 385.21 617.61 384.63 670.73 ship 0 0.999117 votes=3
454.34 198.79 454.76 158.07 470.49 158.23 470.08 198.95 ship 0 0.999100 votes=3
398.04 136.69 398.20 93.22 413.62 93.28 413.46 136.75 ship 0 0.999083 votes=3
58.76 361.71 96.22 361.77 96.19 376.69 58.74 376.62 ship 0 0.999052 votes=3
491.69 157.53 492.06 193.60 477.45 193.75 477.08 157.68 ship 0 0.999031 votes=3
149.84 671.94 149.87 629.51 165.86 629.52 165.83 671.95 ship 0 0.998951 votes=3
254.86 144.65 255.83 95.89 276.31 96.30 275.34 145.05 ship 0 0.998916 votes=3
198.86 467.43 199.37 414.71 217.96 414.89 217.46 467.61 ship 0 0.998913 votes=3
661.44 352.92 662.30 397.49 646.26 397.80 645.40 353.23 ship 0 0.998903 votes=3
746.52 558.87 769.06 632.54 742.22 640.75 719.69 567.08 ship 0 0.998850 votes=3
217.78 359.95 218.88 395.46 204.38 395.91 203.28 360.40 ship 0 0.998806 votes=3
327.13 415.88 328.44 469.80 310.00 470.25 308.69 416.33 ship 0 0.998749 votes=3
720.24 603.41 731.99 642.09 716.69 646.74 704.94 608.06 ship 0 0.998716 votes=3
488.62 606.61 489.04 667.78 466.40 667.93 465.98 606.77 ship 0 0.998685 votes=3
59.74 313.83 94.37 313.41 94.54 327.43 59.91 327.84 ship 0 0.998641 votes=3
312.53 638.70 312.82 675.15 298.20 675.27 297.90 638.82 ship 0 0.998576 votes=3
625.16 135.23 625.62 67.01 653.04 67.20 652.58 135.42 ship 0 0.998566 votes=3
62.08 459.19 101.14 456.58 102.13 471.29 63.07 473.90 ship 0 0.998522 votes=3
418.71 472.11 419.09 428.56 437.08 428.72 436.69 472.26 ship 0 0.998503 votes=3
63.04 535.00 101.17 534.57 101.32 548.29 63.19 548.72 ship 0 0.998446 votes=3
671.07 600.77 691.58 651.75 673.08 659.19 652.57 608.21 ship 0 0.998438 votes=3
63.62 593.31 100.49 593.38 100.46 607.64 63.59 607.57 ship 0 0.998388 votes=3
271.93 419.43 272.02 462.82 256.10 462.85 256.01 419.46 ship 0 0.998182 votes=3
59.59 340.03 101.69 339.76 101.80 355.18 59.69 355.46 ship 0 0.998151 votes=3
290.35 135.69 290.39 96.24 305.62 96.25 305.57 135.71 ship 0 0.997823 votes=3
476.14 141.23 476.55 87.69 496.16 87.85 495.75 141.38 ship 0 0.997790 votes=3
61.16 227.65 101.17 225.93 101.80 240.79 61.80 242.51 ship 0 0.997768 votes=3
224.43 395.65 224.99 353.66 240.78 353.88 240.22 395.86 ship 0 0.997604 votes=3
66.23 572.94 103.12 571.57 103.69 586.81 66.80 588.17 ship 0 0.997456 votes=3
65.33 632.71 110.13 631.86 110.41 646.43 65.60 647.28 ship 0 0.997304 votes=3
58.78 294.92 89.96 294.52 90.11 306.74 58.94 307.14 ship 0 0.996878 votes=3
61.13 519.33 99.69 519.27 99.71 532.50 61.15 532.57 ship 0 0.996781 votes=3
59.36 278.11 94.89 278.03 94.92 291.75 59.39 291.82 ship 0 0.996758 votes=3
65.21 499.02 101.54 498.07 101.92 512.64 65.59 513.59 ship 0 0.996588 votes=3
66.52 612.70 98.41 612.02 98.70 625.65 66.81 626.33 ship 0 0.995942 votes=3
642.42 613.60 648.08 659.19 632.03 661.18 626.37 615.59 ship 0 0.995584 votes=3
224.44 452.65 224.91 416.19 242.21 416.42 241.73 452.87 ship 0 0.994515 votes=3
254.97 207.96 257.06 166.56 271.45 167.29 269.35 208.69 ship 0 0.994299 votes=3
69.79 664.40 106.56 663.48 106.91 677.59 70.15 678.50 ship 0 0.991215 votes=3
67.32 555.75 98.77 555.44 98.89 567.00 67.43 567.32 ship 0 0.991084 votes=3
142.25 100.37 142.83 135.24 127.54 135.50 126.97 100.62 ship 0 0.988826 votes=3
44.27 156.21 82.50 156.83 82.29 169.97 44.06 169.35 ship 0 0.984728 votes=3
702.72 622.81 709.56 649.39 697.52 652.49 690.68 625.91 ship 0 0.982035 votes=3
427.65 396.45 428.45 348.57 447.66 348.89 446.86 396.77 ship 0 0.973065 votes=3
84.38 349.85 678.57 349.89 678.56 470.36 84.37 470.31 harbor 0 0.956294 votes=3
60.25 82.26 680.67 76.94 681.79 206.78 61.36 212.10 harbor 0 0.952145 votes=3
660.04 460.46 660.22 433.43 671.93 433.51 671.76 460.53 ship 0 0.861567 votes=3
23.26 607.39 812.03 594.58 813.51 685.51 24.74 698.33 harbor 0 0.809188 votes=3
103.45 198.24 104.00 701.94 9.42 702.05 8.87 198.35 harbor 0 0.707690 votes=2
54.38 -0.05 61.30 145.58 42.87 146.46 35.95 0.83 harbor 0 0.652669 votes=2
