575.97 625.22 577.43 527.05 617.96 527.65 616.49 625.83 ship 0 0.999475 votes=3
364.49 665.35 439.24 667.59 438.45 693.74 363.70 691.50 ship 0 0.999453 votes=3
287.46 633.24 304.13 526.94 344.54 533.28 327.86 639.58 ship 0 0.999308 votes=3
50.68 661.35 127.47 656.70 129.05 682.92 52.26 687.57 ship 0 0.998972 votes=3
602.35 683.90 667.31 688.39 665.72 711.46 600.76 706.96 ship 0 0.998662 votes=3
386.11 633.28 388.56 538.63 427.95 539.65 425.49 634.30 ship 0 0.998547 votes=3
593.49 660.63 666.34 663.68 665.34 687.68 592.48 684.63 ship 0 0.998438 votes=3
595.18 660.20 609.31 736.68 583.62 741.43 569.48 664.94 ship 0 0.998169 votes=3
435.78 645.10 436.75 509.27 476.17 509.55 475.20 645.38 ship 0 0.994445 votes=3
376.85 717.50 458.97 722.96 456.31 762.97 374.19 757.51 ship 0 0.994089 votes=3
545.07 539.94 545.57 611.30 520.21 611.48 519.71 540.11 ship 0 0.923597 votes=3
41.83 530.66 622.85 530.47 622.93 761.65 41.91 761.85 harbor 0 0.736098 votes=2
47.35 558.24 494.93 559.98 494.36 707.93 46.77 706.19 harbor 0 0.729015 votes=2
