58.02 358.39 98.70 350.44 101.47 364.61 60.79 372.56 ship 0 0.998372 votes=3
176.47 381.72 209.44 373.91 212.23 385.67 179.26 393.48 ship 0 0.996745 votes=3
122.56 642.98 164.50 635.62 167.06 650.22 125.12 657.58 ship 0 0.996298 votes=3
193.98 448.20 225.18 444.06 226.68 455.33 195.48 459.47 ship 0 0.996187 votes=3
389.66 485.65 395.24 514.37 384.67 516.42 379.09 487.71 ship 0 0.996110 votes=3
187.20 397.61 215.93 392.94 217.74 404.05 189.00 408.72 ship 0 0.996108 votes=3
213.25 547.67 245.68 543.37 247.40 556.40 214.98 560.70 ship 0 0.993408 votes=3
624.76 327.41 629.92 357.80 619.90 359.51 614.73 329.11 ship 0 0.993369 votes=3
337.34 161.34 412.67 637.33 330.81 650.29 255.48 174.29 harbor 0 0.987174 votes=3
497.75 340.21 499.97 360.91 490.93 361.88 488.71 341.18 ship 0 0.984268 votes=3
199.34 469.29 225.98 462.61 228.45 472.44 201.81 479.13 ship 0 0.978783 votes=3
220.92 584.42 249.62 580.70 250.98 591.24 222.28 594.96 ship 0 0.978565 votes=3
719.71 121.79 778.00 560.92 703.06 570.87 644.77 131.73 harbor 0 0.978020 votes=3
464.69 142.72 529.61 587.57 453.44 598.69 388.51 153.83 harbor 0 0.974473 votes=3
593.98 131.24 652.92 562.96 576.53 573.39 517.59 141.67 harbor 0 0.970745 votes=3
393.36 452.65 394.95 472.59 386.35 473.27 384.77 453.33 ship 0 0.959283 votes=3
522.30 429.83 524.12 449.85 515.74 450.61 513.91 430.59 ship 0 0.955251 votes=3
492.59 298.02 495.34 320.85 484.61 322.14 481.86 299.31 ship 0 0.954226 votes=3
479.25 212.56 483.38 235.99 473.72 237.69 469.59 214.27 ship 0 0.945561 votes=3
251.34 502.47 255.55 520.23 247.57 522.12 243.37 504.36 ship 0 0.907027 votes=3
478.33 175.48 479.70 203.28 468.25 203.84 466.89 176.05 ship 0 0.900077 votes=2
96.98 284.86 176.40 630.53 102.68 647.47 23.26 301.80 harbor 0 0.886665 votes=3
489.15 262.20 489.96 283.48 479.70 283.87 478.89 262.59 ship 0 0.858315 votes=3
217.91 334.89 274.17 617.31 220.59 627.99 164.34 345.56 harbor 0 0.852095 votes=3
653.29 489.05 654.33 526.75 640.32 527.13 639.28 489.44 ship 0 0.825720 votes=3
616.44 275.87 617.40 294.44 608.71 294.89 607.76 276.32 ship 0 0.799008 votes=3
208.23 511.36 236.28 507.49 237.76 518.19 209.71 522.07 ship 0 0.789494 votes=3
526.87 599.52 579.32 594.92 581.28 617.21 528.83 621.82 ship 0 0.761346 votes=2
24.28 338.09 47.27 336.08 48.17 346.30 25.17 348.31 ship 0 0.731462 votes=3
512.12 502.01 512.77 482.74 523.68 483.11 523.03 502.38 ship 0 0.675389 votes=2
