318.32 760.74 318.47 584.80 397.19 584.87 397.03 760.81 tenniscourt 0 0.999724 votes=3
211.18 228.39 211.27 54.73 293.47 54.77 293.38 228.43 tenniscourt 0 0.999718 votes=3
293.02 318.66 293.72 492.06 211.67 492.39 210.97 318.99 tenniscourt 0 0.999717 votes=3
396.61 54.28 397.58 228.18 317.41 228.62 316.45 54.73 tenniscourt 0 0.999716 votes=3
396.78 318.64 397.30 493.04 317.34 493.28 316.82 318.88 tenniscourt 0 0.999713 votes=3
432.62 759.51 433.24 584.88 514.02 585.16 513.40 759.80 tenniscourt 0 0.999710 votes=3
619.35 584.66 620.03 760.13 538.78 760.44 538.10 584.97 tenniscourt 0 0.999708 votes=3
510.18 53.18 510.64 226.95 430.63 227.16 430.17 53.39 tenniscourt 0 0.999707 votes=3
617.40 52.35 618.38 227.51 535.90 227.97 534.91 52.81 tenniscourt 0 0.999703 votes=3
511.61 318.38 512.94 491.45 432.13 492.07 430.79 319.00 tenniscourt 0 0.999691 votes=3
211.77 759.30 212.80 584.73 295.46 585.21 294.43 759.79 tenniscourt 0 0.999687 votes=3
617.89 317.24 618.49 491.31 536.59 491.59 536.00 317.52 tenniscourt 0 0.999661 votes=3
112.99 22.31 119.32 199.97 15.15 203.68 8.83 26.02 basketballcourt 0 0.999638 votes=3
