186.04 669.88 186.76 735.12 165.13 735.36 164.40 670.12 ship 0 0.999690 votes=3
402.66 645.84 414.26 777.27 379.83 780.31 368.24 648.87 ship 0 0.999665 votes=3
158.01 670.64 158.58 734.05 137.01 734.25 136.44 670.83 ship 0 0.999654 votes=3
322.04 671.85 322.71 747.06 298.84 747.28 298.17 672.07 ship 0 0.999651 votes=3
250.79 672.27 252.48 736.80 230.93 737.36 229.25 672.83 ship 0 0.999508 votes=3
290.39 669.67 290.61 746.83 265.80 746.90 265.57 669.74 ship 0 0.999443 votes=3
223.12 672.88 223.13 738.22 199.93 738.22 199.92 672.89 ship 0 0.999431 votes=3
437.31 340.12 438.33 289.23 456.15 289.59 455.14 340.47 ship 0 0.999171 votes=3
355.17 663.20 363.09 747.04 340.05 749.22 332.13 665.37 ship 0 0.998894 votes=3
258.10 587.14 302.73 589.36 301.88 606.33 257.26 604.11 ship 0 0.998817 votes=3
233.64 472.83 251.45 424.18 267.20 429.94 249.39 478.60 ship 0 0.998728 votes=3
409.06 248.35 409.70 295.99 392.19 296.22 391.55 248.58 ship 0 0.998591 votes=3
256.25 560.18 297.42 558.64 298.03 575.07 256.86 576.61 ship 0 0.998454 votes=3
212.92 588.12 248.39 588.00 248.43 599.60 212.96 599.72 ship 0 0.998406 votes=3
308.05 559.07 352.45 559.22 352.40 574.05 308.00 573.90 ship 0 0.998379 votes=3
209.31 566.89 237.63 566.80 237.67 577.83 209.35 577.92 ship 0 0.998327 votes=3
161.89 563.22 205.43 564.20 205.14 577.22 161.60 576.25 ship 0 0.997244 votes=3
165.14 552.07 197.78 551.96 197.82 562.69 165.17 562.80 ship 0 0.997205 votes=3
205.26 253.32 437.75 258.37 435.33 369.67 202.84 364.61 harbor 0 0.996859 votes=3
306.65 587.45 356.42 585.79 356.95 601.65 307.18 603.31 ship 0 0.995698 votes=3
171.18 590.54 206.68 588.92 207.22 600.76 171.72 602.38 ship 0 0.995003 votes=3
319.82 348.94 319.96 318.47 333.48 318.54 333.34 349.01 ship 0 0.994350 votes=3
292.78 78.92 420.83 79.75 420.43 141.43 292.38 140.60 harbor 0 0.991338 votes=3
422.90 74.85 454.42 44.73 465.49 56.32 433.97 86.43 ship 0 0.987558 votes=3
425.72 258.99 425.82 285.83 415.19 285.87 415.09 259.03 ship 0 0.987423 votes=3
403.67 333.19 403.74 362.42 390.06 362.46 389.99 333.22 ship 0 0.960736 votes=3
139.04 422.52 335.76 434.78 330.12 525.40 133.39 513.14 harbor 0 0.946413 votes=3
104.14 641.82 385.22 638.54 386.58 754.65 105.50 757.94 harbor 0 0.933337 votes=3
136.07 589.04 155.89 590.17 155.30 600.50 135.49 599.37 ship 0 0.692612 votes=2
