652.35 185.44 658.62 245.45 640.52 247.34 634.25 187.33 ship 0 0.999397 votes=3
346.14 55.63 350.78 98.70 336.49 100.24 331.85 57.17 ship 0 0.999359 votes=3
579.04 183.60 579.77 221.96 565.83 222.22 565.11 183.87 ship 0 0.999358 votes=3
519.07 91.46 519.78 128.97 506.77 129.21 506.06 91.70 ship 0 0.999240 votes=3
380.46 385.86 382.70 421.88 368.57 422.76 366.33 386.73 ship 0 0.999184 votes=3
635.07 22.04 636.56 71.22 619.95 71.72 618.46 22.54 ship 0 0.999139 votes=3
692.60 569.37 693.94 624.52 677.77 624.91 676.43 569.76 ship 0 0.999132 votes=3
400.36 50.59 403.96 90.83 388.99 92.17 385.39 51.93 ship 0 0.999132 votes=3
522.73 326.26 525.76 358.83 513.30 359.99 510.26 327.42 ship 0 0.999104 votes=3
524.91 38.44 526.87 79.22 512.28 79.92 510.32 39.15 ship 0 0.999093 votes=3
328.42 391.43 330.45 425.28 317.89 426.03 315.86 392.18 ship 0 0.998970 votes=3
535.85 93.18 536.07 129.98 523.24 130.06 523.01 93.26 ship 0 0.998929 votes=3
489.04 40.93 491.34 79.91 476.45 80.78 474.16 41.80 ship 0 0.998871 votes=3
560.08 366.18 562.63 401.80 551.25 402.62 548.70 366.99 ship 0 0.998804 votes=3
294.49 59.28 297.21 102.15 282.60 103.08 279.88 60.20 ship 0 0.998741 votes=3
478.15 365.51 478.22 330.34 490.53 330.37 490.47 365.53 ship 0 0.998691 votes=3
435.73 46.11 438.27 88.60 424.30 89.44 421.76 46.94 ship 0 0.998665 votes=3
316.19 112.50 320.70 151.98 307.44 153.49 302.93 114.02 ship 0 0.998483 votes=3
568.02 86.62 571.21 123.56 557.78 124.72 554.58 87.79 ship 0 0.998466 votes=3
637.43 75.20 640.77 119.80 626.69 120.86 623.35 76.25 ship 0 0.998390 votes=3
435.06 101.59 437.08 141.22 423.78 141.90 421.75 102.27 ship 0 0.998365 votes=3
346.45 389.05 348.35 425.77 334.75 426.47 332.86 389.75 ship 0 0.998345 votes=3
612.78 28.55 617.04 70.30 602.42 71.79 598.15 30.05 ship 0 0.998338 votes=3
446.76 381.31 447.47 417.79 434.27 418.05 433.56 381.57 ship 0 0.998333 votes=3
360.50 389.37 362.53 423.61 351.10 424.29 349.08 390.04 ship 0 0.998305 votes=3
612.88 362.72 614.01 398.63 601.96 399.01 600.83 363.09 ship 0 0.998203 votes=3
698.99 667.60 703.14 720.87 689.36 721.95 685.20 668.68 ship 0 0.998201 votes=3
441.00 334.72 443.36 367.76 430.94 368.65 428.58 335.61 ship 0 0.998089 votes=3
456.87 331.59 460.83 366.62 448.04 368.06 444.08 333.04 ship 0 0.998049 votes=3
299.00 112.63 302.92 153.86 290.46 155.04 286.55 113.82 ship 0 0.997944 votes=3
354.93 342.54 359.67 375.58 347.36 377.34 342.63 344.30 ship 0 0.997896 votes=3
571.73 498.03 573.83 528.24 562.07 529.06 559.97 498.85 ship 0 0.997795 votes=3
567.32 232.82 567.49 267.71 554.89 267.77 554.71 232.89 ship 0 0.997737 votes=3
365.15 255.17 367.95 290.80 354.89 291.83 352.09 256.19 ship 0 0.997737 votes=3
348.49 257.76 349.50 291.22 336.02 291.63 335.00 258.17 ship 0 0.997658 votes=3
481.35 243.00 483.55 275.85 471.79 276.64 469.58 243.79 ship 0 0.997645 votes=3
559.55 185.86 564.02 222.25 550.96 223.85 546.49 187.46 ship 0 0.997639 votes=3
622.22 314.48 625.80 346.44 613.99 347.76 610.41 315.81 ship 0 0.997618 votes=3
512.89 372.97 513.81 407.97 501.73 408.29 500.81 373.28 ship 0 0.997609 votes=3
541.46 185.00 546.31 222.93 533.28 224.60 528.43 186.66 ship 0 0.997554 votes=3
466.38 508.04 466.97 538.67 456.16 538.87 455.58 508.25 ship 0 0.997512 votes=3
596.40 451.73 598.67 483.49 587.95 484.26 585.68 452.49 ship 0 0.997466 votes=3
510.33 188.88 514.41 226.61 500.40 228.12 496.31 190.40 ship 0 0.997461 votes=3
609.81 451.48 612.15 482.48 601.71 483.27 599.37 452.27 ship 0 0.997424 votes=3
326.32 211.18 329.09 247.03 316.05 248.03 313.29 212.19 ship 0 0.997409 votes=3
310.79 59.19 315.32 101.12 301.15 102.66 296.62 60.72 ship 0 0.997371 votes=3
618.00 81.80 621.31 120.61 608.01 121.74 604.71 82.94 ship 0 0.997318 votes=3
358.57 207.94 363.74 242.34 351.56 244.17 346.39 209.78 ship 0 0.997289 votes=3
591.40 29.90 597.30 69.98 584.78 71.82 578.88 31.74 ship 0 0.997259 votes=3
418.27 50.41 421.59 90.05 407.80 91.21 404.49 51.56 ship 0 0.997246 votes=3
529.79 236.36 534.70 269.17 523.38 270.86 518.47 238.05 ship 0 0.997227 votes=3
593.47 366.01 596.00 398.64 585.30 399.47 582.77 366.84 ship 0 0.997199 votes=3
285.04 116.75 285.48 154.43 272.31 154.58 271.87 116.90 ship 0 0.997196 votes=3
299.77 259.81 300.49 294.91 287.86 295.17 287.14 260.07 ship 0 0.997192 votes=3
528.87 371.53 530.94 410.28 518.70 410.94 516.63 372.18 ship 0 0.997179 votes=3
580.63 451.50 583.11 483.63 571.48 484.53 569.00 452.39 ship 0 0.997175 votes=3
513.74 238.45 518.23 275.93 505.12 277.50 500.63 240.02 ship 0 0.997169 votes=3
449.07 247.58 449.09 282.06 437.09 282.06 437.07 247.59 ship 0 0.997149 votes=3
474.31 329.23 476.24 365.63 463.65 366.30 461.73 329.90 ship 0 0.997095 votes=3
546.53 235.63 548.62 269.95 537.15 270.66 535.05 236.33 ship 0 0.997076 votes=3
543.35 36.39 544.80 78.09 530.28 78.60 528.83 36.90 ship 0 0.997073 votes=3
600.01 231.62 601.28 265.15 589.64 265.59 588.37 232.05 ship 0 0.997001 votes=3
400.23 105.74 403.29 142.06 389.60 143.21 386.55 106.89 ship 0 0.996963 votes=3
609.03 178.48 613.89 216.34 600.81 218.02 595.95 180.16 ship 0 0.996887 votes=3
332.03 109.88 336.02 147.34 323.33 148.69 319.33 111.23 ship 0 0.996862 votes=3
281.48 262.17 282.32 296.85 270.27 297.14 269.43 262.46 ship 0 0.996822 votes=3
565.07 455.78 569.25 486.23 558.66 487.68 554.48 457.24 ship 0 0.996760 votes=3
555.54 500.18 558.83 530.33 547.18 531.60 543.89 501.46 ship 0 0.996751 votes=3
426.18 382.53 429.71 414.17 418.73 415.39 415.20 383.76 ship 0 0.996713 votes=3
468.88 99.34 469.09 136.53 456.84 136.60 456.64 99.41 ship 0 0.996690 votes=3
408.74 630.28 412.08 657.78 401.59 659.05 398.25 631.56 ship 0 0.996666 votes=3
604.50 609.04 604.58 638.19 592.75 638.22 592.67 609.07 ship 0 0.996645 votes=3
601.81 495.40 602.50 526.72 591.52 526.97 590.83 495.64 ship 0 0.996637 votes=3
625.25 567.28 628.50 595.52 618.64 596.66 615.39 568.42 ship 0 0.996531 votes=3
525.11 188.02 530.71 225.29 518.07 227.19 512.46 189.92 ship 0 0.996469 votes=3
507.36 326.69 509.40 363.67 496.44 364.38 494.40 327.40 ship 0 0.996448 votes=3
484.23 96.22 484.64 133.30 473.19 133.43 472.78 96.35 ship 0 0.996428 votes=3
364.94 520.22 365.99 552.14 354.46 552.52 353.41 520.60 ship 0 0.996424 votes=3
573.45 321.06 578.39 355.62 566.42 357.33 561.47 322.77 ship 0 0.996412 votes=3
443.43 198.39 445.19 235.44 433.35 236.01 431.60 198.95 ship 0 0.996347 votes=3
555.48 322.55 560.26 354.69 547.75 356.55 542.97 324.40 ship 0 0.996317 votes=3
380.92 254.30 383.10 288.14 370.66 288.94 368.48 255.10 ship 0 0.996302 votes=3
462.65 724.95 465.58 749.04 454.85 750.34 451.92 726.26 ship 0 0.996279 votes=3
330.55 58.83 331.56 99.99 318.51 100.31 317.50 59.15 ship 0 0.996253 votes=3
425.83 196.80 430.88 236.24 416.39 238.09 411.34 198.66 ship 0 0.996233 votes=3
629.30 490.78 632.46 523.94 621.44 524.99 618.28 491.83 ship 0 0.996195 votes=3
373.18 342.19 375.72 373.93 363.74 374.88 361.20 343.14 ship 0 0.996149 votes=3
305.86 526.57 307.17 557.87 296.92 558.30 295.61 527.00 ship 0 0.996131 votes=3
315.29 258.33 318.70 296.63 305.13 297.84 301.72 259.53 ship 0 0.996114 votes=3
461.08 586.62 462.24 612.79 451.34 613.27 450.18 587.10 ship 0 0.996048 votes=3
627.40 451.51 627.90 481.62 616.14 481.82 615.64 451.70 ship 0 0.995974 votes=3
578.36 364.64 581.98 398.00 570.89 399.20 567.27 365.85 ship 0 0.995942 votes=3
492.81 188.51 496.96 225.21 484.77 226.59 480.62 189.88 ship 0 0.995631 votes=3
359.03 480.21 363.34 506.30 353.49 507.93 349.17 481.84 ship 0 0.995598 votes=3
404.04 336.03 410.77 371.54 399.62 373.65 392.89 338.15 ship 0 0.995585 votes=3
388.92 339.26 392.20 374.19 379.75 375.36 376.47 340.42 ship 0 0.995578 votes=3
547.39 367.31 547.50 406.07 534.55 406.10 534.45 367.35 ship 0 0.995401 votes=3
421.34 335.82 425.23 369.42 413.50 370.78 409.60 337.18 ship 0 0.995375 votes=3
463.39 626.45 466.66 650.34 456.75 651.70 453.47 627.81 ship 0 0.995068 votes=3
366.96 55.74 368.82 95.52 353.99 96.21 352.13 56.43 ship 0 0.995067 votes=3
564.35 613.03 565.68 640.11 554.33 640.66 553.00 613.59 ship 0 0.995057 votes=3
542.12 500.32 543.45 532.13 531.47 532.63 530.15 500.82 ship 0 0.995044 votes=3
627.21 360.61 628.27 396.37 617.10 396.70 616.04 360.94 ship 0 0.995026 votes=3
612.13 568.22 615.76 595.69 605.77 597.01 602.14 569.54 ship 0 0.994808 votes=3
278.12 398.37 279.55 430.26 268.58 430.75 267.15 398.86 ship 0 0.994802 votes=3
339.72 346.04 342.86 376.76 331.75 377.90 328.60 347.18 ship 0 0.994747 votes=3
654.37 448.15 657.37 478.31 645.05 479.53 642.05 449.38 ship 0 0.994718 votes=3
405.27 514.14 409.08 544.50 398.11 545.87 394.30 515.52 ship 0 0.994454 votes=3
565.95 714.84 566.16 738.47 555.60 738.56 555.39 714.93 ship 0 0.994432 votes=3
392.32 517.77 394.96 548.30 384.49 549.21 381.85 518.68 ship 0 0.994382 votes=3
257.73 532.68 260.03 561.98 250.52 562.73 248.21 533.43 ship 0 0.994189 votes=3
490.20 463.86 493.74 492.50 482.77 493.85 479.22 465.22 ship 0 0.994113 votes=3
291.54 349.56 291.87 385.21 279.07 385.33 278.75 349.67 ship 0 0.994046 votes=3
433.58 470.74 435.08 500.39 423.68 500.97 422.18 471.32 ship 0 0.993744 votes=3
593.37 183.12 595.44 216.15 584.59 216.83 582.52 183.80 ship 0 0.993705 votes=3
382.17 633.11 384.36 660.45 373.20 661.35 371.02 634.00 ship 0 0.993639 votes=3
600.46 84.67 601.54 119.66 589.90 120.02 588.82 85.03 ship 0 0.993630 votes=3
518.53 617.86 521.81 644.40 511.88 645.63 508.60 619.08 ship 0 0.993581 votes=3
380.21 51.96 385.58 92.50 372.01 94.30 366.63 53.76 ship 0 0.993532 votes=3
335.30 522.70 335.81 553.04 325.46 553.21 324.96 522.87 ship 0 0.993400 votes=3
479.95 374.85 481.21 413.31 468.05 413.75 466.78 375.28 ship 0 0.993399 votes=3
495.11 507.01 498.56 535.14 488.01 536.43 484.56 508.31 ship 0 0.993224 votes=3
313.56 485.70 316.06 513.64 306.44 514.49 303.95 486.56 ship 0 0.993178 votes=3
269.16 645.67 271.32 673.40 261.01 674.21 258.85 646.47 ship 0 0.993178 votes=3
417.79 471.54 421.57 500.90 409.81 502.41 406.03 473.05 ship 0 0.993115 votes=3
494.06 376.81 496.25 408.22 484.82 409.02 482.63 377.60 ship 0 0.993075 votes=3
329.88 257.98 334.53 291.46 322.76 293.09 318.11 259.62 ship 0 0.993003 votes=3
395.67 203.45 395.70 239.90 383.33 239.92 383.29 203.46 ship 0 0.992919 votes=3
505.63 463.22 510.75 492.23 501.41 493.88 496.29 464.87 ship 0 0.992874 votes=3
388.96 473.96 391.93 505.49 380.53 506.56 377.56 475.03 ship 0 0.992734 votes=3
314.23 639.90 316.79 666.64 306.73 667.61 304.16 640.87 ship 0 0.992648 votes=3
514.61 719.50 517.10 744.75 506.49 745.80 504.00 720.55 ship 0 0.992570 votes=3
502.57 95.05 502.67 136.02 489.88 136.06 489.78 95.08 ship 0 0.992516 votes=3
589.61 319.90 593.67 353.28 581.36 354.78 577.30 321.39 ship 0 0.992505 votes=3
462.18 196.30 462.80 233.06 449.17 233.29 448.54 196.53 ship 0 0.992427 votes=3
656.93 603.52 659.13 629.25 650.40 630.00 648.19 604.27 ship 0 0.992240 votes=3
643.62 314.66 643.88 348.78 630.70 348.88 630.44 314.76 ship 0 0.992209 votes=3
398.98 252.02 400.28 287.23 387.60 287.70 386.30 252.49 ship 0 0.992052 votes=3
376.45 205.99 378.51 242.94 366.39 243.62 364.32 206.67 ship 0 0.992000 votes=3
462.84 380.43 463.56 413.97 451.21 414.24 450.49 380.69 ship 0 0.991988 votes=3
664.86 702.02 670.04 726.17 661.94 727.91 656.76 703.76 ship 0 0.991821 votes=3
410.18 202.60 411.52 238.47 399.14 238.93 397.81 203.06 ship 0 0.991749 votes=3
308.65 348.62 309.19 382.19 296.46 382.40 295.92 348.83 ship 0 0.991679 votes=3
418.14 103.24 421.66 141.06 409.25 142.21 405.74 104.39 ship 0 0.991582 votes=3
545.89 614.73 548.48 643.37 538.21 644.30 535.62 615.66 ship 0 0.991248 votes=3
343.97 482.65 344.28 509.61 333.65 509.74 333.33 482.77 ship 0 0.991247 votes=3
435.37 513.69 437.65 539.75 428.17 540.58 425.89 514.52 ship 0 0.991182 votes=3
522.14 461.00 523.05 490.31 511.51 490.67 510.60 461.36 ship 0 0.991028 votes=3
354.88 144.39 354.90 109.05 366.83 109.06 366.80 144.40 ship 0 0.990962 votes=3
449.85 469.47 451.33 498.32 440.57 498.88 439.09 470.03 ship 0 0.990952 votes=3
285.02 486.17 286.37 514.54 275.81 515.05 274.46 486.67 ship 0 0.990943 votes=3
240.14 490.75 243.53 521.82 233.65 522.90 230.25 491.83 ship 0 0.990613 votes=3
228.10 182.23 249.04 176.72 251.48 185.99 230.53 191.49 ship 0 0.990576 votes=3
615.43 709.74 618.56 734.63 608.88 735.85 605.75 710.95 ship 0 0.990573 votes=3
597.79 570.04 601.82 596.62 591.75 598.15 587.71 571.57 ship 0 0.990387 votes=3
544.25 579.39 544.78 604.43 533.95 604.66 533.41 579.62 ship 0 0.989615 votes=3
609.00 633.29 609.09 606.13 618.96 606.16 618.87 633.32 ship 0 0.989510 votes=3
579.37 233.32 582.78 263.61 572.60 264.76 569.19 234.47 ship 0 0.989250 votes=3
349.99 598.53 352.81 624.49 341.18 625.76 338.35 599.80 ship 0 0.989163 votes=3
266.37 121.26 267.25 154.89 256.58 155.18 255.69 121.54 ship 0 0.988901 votes=3
616.56 229.95 618.00 263.63 605.49 264.17 604.05 230.49 ship 0 0.988819 votes=3
345.51 522.11 348.54 551.04 339.47 551.99 336.44 523.06 ship 0 0.988537 votes=3
452.33 510.34 453.71 539.97 443.54 540.44 442.16 510.81 ship 0 0.988447 votes=3
482.47 507.85 483.34 536.82 473.24 537.13 472.36 508.16 ship 0 0.988225 votes=3
432.45 590.36 436.14 614.93 425.56 616.52 421.87 591.95 ship 0 0.988212 votes=3
378.13 595.76 379.06 620.92 368.50 621.31 367.57 596.15 ship 0 0.988044 votes=3
641.81 492.43 644.95 521.38 635.82 522.37 632.68 493.42 ship 0 0.988042 votes=3
341.29 206.58 346.28 245.51 334.00 247.08 329.02 208.16 ship 0 0.988016 votes=3
372.12 477.10 376.02 503.97 365.88 505.45 361.98 478.58 ship 0 0.987806 votes=3
254.19 491.32 255.67 519.52 245.95 520.03 244.48 491.83 ship 0 0.987771 votes=3
405.96 594.18 408.49 618.97 398.58 619.98 396.05 595.19 ship 0 0.987744 votes=2
246.03 377.92 270.42 376.67 271.03 388.41 246.63 389.67 ship 0 0.987093 votes=3
524.80 502.67 526.99 529.65 516.32 530.52 514.14 503.54 ship 0 0.987022 votes=3
220.10 749.12 225.24 778.11 214.08 780.09 208.94 751.11 ship 0 0.986563 votes=3
541.75 326.40 543.01 359.14 532.01 359.56 530.76 326.82 ship 0 0.986433 votes=3
450.48 715.98 450.50 692.25 460.90 692.26 460.88 715.99 ship 0 0.985975 votes=3
402.13 476.42 403.24 502.45 393.10 502.88 391.99 476.86 ship 0 0.985777 votes=3
219.07 731.84 248.34 730.16 248.95 740.72 219.68 742.40 ship 0 0.985740 votes=3
410.16 384.20 412.81 415.62 402.99 416.44 400.34 385.02 ship 0 0.984798 votes=3
309.82 604.95 311.36 631.05 301.00 631.67 299.46 605.57 ship 0 0.984685 votes=3
409.95 247.67 416.51 284.63 405.25 286.63 398.69 249.67 ship 0 0.984676 votes=3
465.00 245.25 468.90 277.58 457.80 278.92 453.91 246.59 ship 0 0.984261 votes=3
538.59 718.03 542.22 739.29 532.71 740.92 529.08 719.65 ship 0 0.984244 votes=3
272.69 488.48 272.98 516.51 263.36 516.61 263.06 488.58 ship 0 0.984090 votes=3
310.64 394.58 313.72 424.19 304.13 425.18 301.06 395.58 ship 0 0.983883 votes=3
501.74 582.70 506.47 608.23 497.58 609.88 492.85 584.35 ship 0 0.982730 votes=3
571.11 576.10 572.83 602.13 562.53 602.81 560.81 576.78 ship 0 0.982656 votes=3
318.50 526.78 318.96 552.58 309.58 552.75 309.12 526.95 ship 0 0.981862 votes=3
451.97 44.30 453.79 83.41 441.72 83.97 439.90 44.86 ship 0 0.981786 votes=3
666.59 566.17 671.14 590.92 661.22 592.74 656.67 568.00 ship 0 0.980999 votes=3
641.40 706.33 644.31 729.95 635.68 731.01 632.77 707.40 ship 0 0.980928 votes=2
322.57 603.81 322.77 628.30 313.45 628.38 313.25 603.89 ship 0 0.980832 votes=3
549.04 459.50 554.55 485.21 543.58 487.56 538.07 461.86 ship 0 0.979935 votes=3
223.60 79.23 227.32 108.52 217.85 109.72 214.14 80.43 ship 0 0.978683 votes=3
221.86 166.90 246.94 164.50 248.00 175.50 222.91 177.90 ship 0 0.978403 votes=3
496.21 240.62 503.54 273.57 493.43 275.82 486.10 242.87 ship 0 0.978030 votes=3
386.54 733.78 389.04 759.03 378.73 760.05 376.23 734.80 ship 0 0.977424 votes=3
492.73 622.12 492.84 646.34 482.56 646.39 482.44 622.17 ship 0 0.976954 votes=3
549.42 681.78 552.34 703.86 543.14 705.07 540.22 683.00 ship 0 0.976847 votes=3
260.22 65.38 260.83 108.57 245.96 108.78 245.34 65.59 ship 0 0.976847 votes=3
423.99 513.34 425.00 543.30 414.62 543.65 413.61 513.69 ship 0 0.976404 votes=3
431.18 248.72 433.53 281.35 422.63 282.13 420.28 249.50 ship 0 0.975897 votes=3
579.29 712.12 582.00 735.65 572.50 736.74 569.79 713.22 ship 0 0.974303 votes=3
294.36 214.54 295.40 250.64 282.25 251.02 281.21 214.93 ship 0 0.974212 votes=3
246.87 351.42 649.33 312.50 657.21 393.94 254.74 432.86 harbor 0 0.973411 votes=3
291.88 399.80 292.47 429.53 282.72 429.72 282.13 400.00 ship 0 0.971455 votes=3
475.89 194.70 479.51 229.50 466.88 230.81 463.27 196.01 ship 0 0.970670 votes=3
410.08 732.67 413.58 755.21 404.97 756.55 401.46 734.02 ship 0 0.970618 votes=3
237.93 69.13 240.46 107.82 229.64 108.53 227.11 69.84 ship 0 0.970086 votes=3
514.85 582.05 516.88 607.64 507.19 608.41 505.16 582.82 ship 0 0.968907 votes=3
243.65 559.33 243.94 586.19 233.93 586.30 233.64 559.44 ship 0 0.968151 votes=3
641.13 567.81 645.19 594.13 635.43 595.63 631.38 569.31 ship 0 0.967514 votes=3
652.90 569.20 654.97 592.37 645.97 593.17 643.91 570.01 ship 0 0.965401 votes=3
232.49 490.90 658.57 447.95 665.82 519.85 239.74 562.79 harbor 0 0.964196 votes=3
244.76 400.94 247.84 432.28 236.15 433.43 233.06 402.09 ship 0 0.964195 votes=3
252.38 219.14 625.11 176.25 634.72 259.75 261.99 302.64 harbor 0 0.962370 votes=3
221.07 66.10 627.94 25.16 637.27 117.85 230.40 158.80 harbor 0 0.960825 votes=3
221.90 120.24 244.67 116.73 246.00 125.35 223.23 128.86 ship 0 0.960408 votes=3
333.72 740.97 335.44 761.05 326.30 761.82 324.59 741.75 ship 0 0.958136 votes=3
298.83 743.26 300.63 765.63 291.60 766.35 289.80 743.98 ship 0 0.957394 votes=3
221.15 705.71 690.86 660.53 697.62 730.76 227.91 775.93 harbor 0 0.939016 votes=3
232.61 690.20 254.25 688.78 254.83 697.67 233.19 699.08 ship 0 0.931515 votes=3
251.76 649.85 253.45 683.25 240.01 683.93 238.31 650.53 ship 0 0.909976 votes=3
654.68 705.99 657.50 727.99 649.33 729.04 646.50 707.04 ship 0 0.886270 votes=3
220.65 612.54 680.02 559.66 687.82 627.48 228.45 680.36 harbor 0 0.880718 votes=3
284.12 744.84 285.23 767.67 274.44 768.20 273.33 745.36 ship 0 0.870818 votes=3
671.86 600.01 676.60 628.58 663.68 630.73 658.94 602.16 ship 0 0.853027 votes=3
644.73 607.44 645.95 631.75 637.56 632.16 636.34 607.86 ship 0 0.852255 votes=2
401.25 733.74 401.86 755.45 393.52 755.69 392.91 733.97 ship 0 0.783105 votes=2
630.00 606.14 630.04 633.29 621.25 633.30 621.21 606.16 ship 0 0.679891 votes=2
