342.44 432.07 345.76 337.58 365.24 338.26 361.92 432.76 ship 0 0.999646 votes=3
344.74 275.09 347.94 178.89 368.95 179.59 365.76 275.78 ship 0 0.999396 votes=3
420.97 581.18 497.24 582.88 496.79 603.05 420.52 601.34 ship 0 0.999340 votes=3
306.90 731.52 307.07 645.06 326.66 645.10 326.49 731.56 ship 0 0.999252 votes=3
441.51 289.18 545.11 289.22 545.10 311.11 441.50 311.07 ship 0 0.999243 votes=3
422.88 502.85 521.43 502.38 521.53 524.34 422.99 524.81 ship 0 0.999190 votes=3
423.27 541.51 515.73 543.53 515.25 565.44 422.79 563.42 ship 0 0.999161 votes=3
679.30 372.95 789.31 372.84 789.34 397.57 679.33 397.69 ship 0 0.999024 votes=3
550.86 54.37 551.34 159.41 531.03 159.50 530.55 54.47 ship 0 0.999006 votes=3
555.53 109.86 555.99 49.71 570.62 49.82 570.16 109.98 ship 0 0.998978 votes=3
704.90 329.84 794.41 330.27 794.31 350.78 704.80 350.35 ship 0 0.998962 votes=3
90.65 438.39 163.87 438.93 163.73 457.45 90.51 456.91 ship 0 0.998918 votes=3
266.42 232.86 267.28 353.00 242.84 353.17 241.99 233.04 ship 0 0.998829 votes=3
413.13 456.46 507.04 457.14 506.93 473.45 413.01 472.78 ship 0 0.998820 votes=3
214.55 74.19 226.10 114.74 212.92 118.49 201.37 77.95 ship 0 0.998754 votes=3
420.74 98.67 420.87 162.05 403.58 162.08 403.45 98.71 ship 0 0.998739 votes=3
675.01 286.12 793.14 286.53 793.06 309.95 674.93 309.54 ship 0 0.998526 votes=3
494.82 45.35 503.89 150.54 482.64 152.37 473.57 47.18 ship 0 0.998349 votes=3
433.51 412.99 516.08 414.29 515.78 433.72 433.21 432.43 ship 0 0.998293 votes=3
434.06 249.04 533.58 250.10 533.34 272.64 433.83 271.59 ship 0 0.997329 votes=3
114.39 348.22 170.48 348.68 170.35 364.27 114.27 363.81 ship 0 0.997285 votes=3
635.78 62.99 636.40 174.62 608.71 174.77 608.10 63.14 ship 0 0.997127 votes=3
336.21 708.49 337.11 589.71 358.99 589.88 358.09 708.66 ship 0 0.996168 votes=3
101.12 738.82 101.77 794.48 87.32 794.65 86.67 738.98 ship 0 0.995997 votes=3
72.20 120.40 80.48 148.58 70.47 151.52 62.20 123.33 ship 0 0.995505 votes=3
93.06 108.33 101.45 141.88 88.58 145.10 80.19 111.55 ship 0 0.995425 votes=3
252.33 212.21 282.82 212.81 282.63 222.67 252.14 222.06 ship 0 0.995008 votes=3
86.82 392.56 174.10 394.71 173.44 421.47 86.16 419.32 ship 0 0.992581 votes=3
160.05 730.90 160.11 788.24 145.80 788.25 145.74 730.92 ship 0 0.992260 votes=3
147.88 678.85 179.28 697.03 173.14 707.63 141.74 689.45 ship 0 0.990304 votes=3
196.83 78.92 204.40 108.74 194.43 111.27 186.86 81.45 ship 0 0.987096 votes=3
41.68 687.11 82.84 686.36 83.07 698.76 41.91 699.52 ship 0 0.986693 votes=3
49.20 578.37 86.54 578.22 86.59 589.78 49.24 589.93 ship 0 0.976970 votes=3
240.87 91.21 241.68 113.36 232.90 113.68 232.09 91.53 ship 0 0.972060 votes=3
60.37 125.36 64.87 153.34 54.86 154.95 50.36 126.97 ship 0 0.964918 votes=3
142.52 523.52 167.82 523.92 167.67 533.80 142.36 533.40 ship 0 0.964727 votes=3
479.59 121.95 482.69 150.02 474.09 150.97 470.99 122.90 ship 0 0.961135 votes=3
52.71 758.41 52.77 786.98 43.19 787.00 43.13 758.43 ship 0 0.952987 votes=3
143.17 471.83 190.62 473.06 190.24 488.15 142.78 486.93 ship 0 0.950050 votes=3
133.79 726.94 133.93 787.15 108.39 787.21 108.26 727.00 ship 0 0.949913 votes=3
147.03 546.46 184.54 557.69 180.70 570.52 143.19 559.30 ship 0 0.946043 votes=3
128.76 101.34 135.62 130.95 122.91 133.90 116.05 104.28 ship 0 0.925388 votes=3
31.03 131.60 213.78 76.40 227.80 122.79 45.05 177.99 harbor 0 0.887709 votes=3
405.25 763.28 409.94 781.15 403.64 782.81 398.95 764.94 vehicle 0 0.885898 votes=3
144.32 489.43 185.66 489.74 185.53 506.56 144.19 506.24 ship 0 0.839461 votes=3
145.92 653.11 182.23 669.37 175.85 683.63 139.53 667.37 ship 0 0.750977 votes=2
161.91 86.16 171.84 121.87 150.89 127.69 140.97 91.98 ship 0 0.748751 votes=2
362.65 435.28 362.68 462.46 353.75 462.47 353.72 435.29 ship 0 0.739490 votes=3
147.68 505.91 173.17 508.89 171.98 519.12 146.48 516.14 ship 0 0.727251 votes=2
239.36 197.18 244.14 183.72 252.46 186.67 247.67 200.14 ship 0 0.705814 votes=2
