459.97 284.44 501.41 284.50 501.39 298.09 459.95 298.03 ship 0 0.999234 votes=3
492.71 467.90 528.59 467.58 528.71 480.28 492.83 480.61 ship 0 0.998895 votes=3
377.45 440.10 413.63 439.72 413.76 451.45 377.58 451.84 ship 0 0.998809 votes=3
605.18 115.20 635.63 115.68 635.45 127.52 605.00 127.05 ship 0 0.998748 votes=3
407.38 294.87 449.42 293.87 449.75 307.98 407.72 308.97 ship 0 0.998444 votes=3
606.37 92.97 640.89 92.78 640.94 102.81 606.42 102.99 ship 0 0.997916 votes=3
606.98 153.73 635.25 152.50 635.66 162.06 607.39 163.28 ship 0 0.997762 votes=3
542.74 422.50 574.62 422.42 574.65 433.88 542.78 433.97 ship 0 0.997595 votes=3
367.60 467.92 369.71 494.46 356.64 495.50 354.52 468.96 ship 0 0.997582 votes=3
636.42 564.43 667.86 563.96 668.03 574.88 636.59 575.36 ship 0 0.997479 votes=3
378.18 390.97 426.00 390.22 426.23 404.62 378.40 405.37 ship 0 0.997435 votes=3
401.07 318.80 448.11 318.74 448.13 332.62 401.08 332.69 ship 0 0.997371 votes=3
384.75 562.60 426.39 562.90 426.29 576.52 384.65 576.22 ship 0 0.997322 votes=3
398.66 157.60 444.60 156.80 444.84 170.81 398.91 171.60 ship 0 0.997282 votes=3
463.07 361.24 501.20 358.38 502.37 373.96 464.25 376.83 ship 0 0.997213 votes=3
489.58 387.37 528.69 385.87 529.20 399.32 490.09 400.81 ship 0 0.996997 votes=3
610.01 188.02 637.80 187.73 637.91 197.65 610.12 197.94 ship 0 0.996903 votes=3
352.58 448.68 353.05 395.00 368.80 395.14 368.33 448.82 ship 0 0.996821 votes=3
458.75 265.76 496.26 266.15 496.12 278.83 458.62 278.43 ship 0 0.996801 votes=3
545.92 567.18 577.94 566.80 578.06 577.47 546.05 577.85 ship 0 0.996682 votes=3
379.94 519.22 425.60 516.51 426.54 532.29 380.88 535.00 ship 0 0.996421 votes=3
542.59 439.90 574.02 440.22 573.90 452.60 542.46 452.29 ship 0 0.996369 votes=3
497.83 425.97 530.64 426.20 530.55 439.75 497.73 439.52 ship 0 0.996128 votes=3
459.19 304.79 494.46 304.18 494.68 317.28 459.42 317.89 ship 0 0.996048 votes=3
494.66 567.56 532.80 567.16 532.93 579.42 494.79 579.82 ship 0 0.995970 votes=3
380.84 502.51 416.99 501.66 417.29 514.20 381.13 515.05 ship 0 0.995874 votes=3
403.89 248.72 448.53 248.10 448.72 261.38 404.08 262.00 ship 0 0.995683 votes=3
380.66 475.44 423.85 475.32 423.89 490.33 380.70 490.45 ship 0 0.995632 votes=3
398.93 111.41 445.52 111.08 445.63 126.43 399.04 126.77 ship 0 0.995482 votes=3
491.57 411.38 528.97 408.27 529.99 420.48 492.58 423.60 ship 0 0.995129 votes=3
498.05 526.91 531.88 527.30 531.74 538.96 497.91 538.57 ship 0 0.995017 votes=3
634.58 415.85 660.62 416.71 660.29 426.77 634.25 425.91 ship 0 0.995014 votes=3
502.42 545.48 532.12 545.57 532.08 555.64 502.39 555.54 ship 0 0.994744 votes=3
608.11 237.63 640.50 237.52 640.54 248.20 608.15 248.31 ship 0 0.994256 votes=3
543.93 512.29 576.92 512.54 576.83 523.68 543.85 523.43 ship 0 0.994196 votes=3
458.14 188.14 495.67 187.06 496.04 200.00 458.51 201.08 ship 0 0.994195 votes=3
610.61 293.51 637.87 293.30 637.95 303.52 610.69 303.72 ship 0 0.993846 votes=3
546.37 545.05 581.98 545.93 581.63 560.35 546.01 559.47 ship 0 0.993507 votes=3
497.37 102.91 499.03 383.85 399.51 384.44 397.85 103.50 harbor 0 0.993346 votes=3
406.14 337.16 441.15 340.04 440.17 351.87 405.17 349.00 ship 0 0.993178 votes=3
398.69 364.50 450.00 363.92 450.16 378.08 398.86 378.67 ship 0 0.992907 votes=3
562.84 168.76 592.84 167.50 593.28 177.99 563.28 179.25 ship 0 0.992149 votes=3
542.43 406.63 569.03 406.17 569.20 416.25 542.61 416.71 ship 0 0.992070 votes=3
564.03 185.29 594.24 185.50 594.16 197.94 563.94 197.73 ship 0 0.991782 votes=3
684.33 414.35 684.42 449.97 673.59 450.00 673.50 414.38 ship 0 0.991555 votes=3
639.72 86.85 642.19 369.52 562.28 370.21 559.82 87.55 harbor 0 0.990872 votes=3
564.27 154.19 592.75 150.64 593.99 160.55 565.51 164.11 ship 0 0.989500 votes=3
609.77 167.59 634.85 167.25 634.98 176.64 609.89 176.98 ship 0 0.989197 votes=3
635.65 481.05 665.70 480.79 665.79 491.01 635.74 491.27 ship 0 0.988549 votes=3
639.92 532.68 664.17 532.85 664.11 541.85 639.86 541.68 ship 0 0.987764 votes=3
564.83 240.01 593.80 239.90 593.85 252.40 564.88 252.51 ship 0 0.986750 votes=3
455.69 111.58 491.76 110.36 492.19 123.13 456.12 124.35 ship 0 0.986046 votes=3
636.44 468.52 663.75 468.52 663.75 477.72 636.44 477.73 ship 0 0.985778 votes=3
637.88 436.26 664.32 433.58 665.45 444.70 639.01 447.39 ship 0 0.985619 votes=3
639.58 451.79 660.59 450.30 661.18 458.62 640.17 460.10 ship 0 0.985455 votes=3
566.38 307.73 598.10 308.34 597.88 320.28 566.15 319.68 ship 0 0.985253 votes=3
639.14 545.43 665.93 547.36 665.20 557.53 638.41 555.60 ship 0 0.983350 votes=3
496.67 582.16 496.92 385.99 576.42 386.09 576.17 582.27 harbor 0 0.982848 votes=3
606.66 260.89 632.69 260.21 632.95 269.97 606.92 270.65 ship 0 0.979958 votes=3
543.77 479.89 573.51 479.38 573.69 489.84 543.95 490.35 ship 0 0.977660 votes=3
561.88 342.61 597.99 341.52 598.43 356.34 562.33 357.42 ship 0 0.976130 votes=3
564.98 110.13 590.58 110.47 590.42 121.73 564.82 121.38 ship 0 0.975514 votes=3
616.24 329.64 646.00 330.54 645.67 341.29 615.92 340.40 ship 0 0.971834 votes=3
560.87 271.11 597.51 272.08 597.17 284.92 560.53 283.95 ship 0 0.966332 votes=3
632.46 385.58 658.36 385.16 658.50 393.68 632.60 394.11 ship 0 0.963439 votes=3
637.15 501.72 664.40 502.27 664.22 511.44 636.96 510.89 ship 0 0.960011 votes=3
462.32 212.56 489.19 212.22 489.33 222.73 462.45 223.07 ship 0 0.953237 votes=3
634.70 403.07 663.71 402.95 663.75 412.54 634.74 412.65 ship 0 0.929102 votes=3
422.00 382.15 424.83 606.94 356.96 607.80 354.12 383.01 harbor 0 0.892373 votes=3
505.93 505.11 530.38 504.02 530.76 512.59 506.31 513.68 ship 0 0.871321 votes=3
640.38 514.35 662.73 515.08 662.46 523.46 640.10 522.73 ship 0 0.863758 votes=3
676.86 387.30 679.27 577.89 634.50 578.45 632.09 387.87 harbor 0 0.853833 votes=3
675.76 521.56 676.59 500.72 684.30 501.03 683.46 521.87 ship 0 0.852712 votes=3
