129.76 598.91 133.53 520.21 160.17 521.49 156.39 600.19 ship 0 0.999657 votes=3
132.48 369.98 133.39 295.17 161.10 295.50 160.20 370.32 ship 0 0.999623 votes=3
230.48 184.69 231.48 264.57 206.41 264.89 205.41 185.00 ship 0 0.999577 votes=3
240.72 374.02 243.43 290.61 269.93 291.47 267.23 374.88 ship 0 0.999551 votes=3
49.07 343.76 49.83 258.31 77.69 258.56 76.93 344.01 ship 0 0.999505 votes=3
361.72 559.67 366.46 516.43 381.27 518.05 376.54 561.30 ship 0 0.999504 votes=3
171.44 360.79 171.91 288.86 194.05 289.00 193.58 360.93 ship 0 0.999484 votes=3
417.03 516.29 417.27 565.89 399.29 565.98 399.05 516.38 ship 0 0.999390 votes=3
483.03 564.89 483.22 516.47 500.03 516.54 499.83 564.96 ship 0 0.999271 votes=3
524.00 271.22 524.16 213.09 544.11 213.15 543.95 271.27 ship 0 0.999239 votes=3
656.77 186.61 657.20 265.18 630.35 265.33 629.91 186.75 ship 0 0.999052 votes=3
629.19 375.91 629.57 289.94 654.84 290.05 654.46 376.03 ship 0 0.999051 votes=3
369.83 288.79 371.96 370.39 349.27 370.98 347.13 289.38 ship 0 0.998911 votes=3
510.59 290.11 511.46 344.12 493.82 344.40 492.94 290.40 ship 0 0.998807 votes=3
381.75 334.32 384.94 294.18 398.64 295.26 395.45 335.41 ship 0 0.998763 votes=3
424.17 562.42 424.48 518.36 440.78 518.47 440.47 562.54 ship 0 0.998603 votes=3
579.38 565.89 579.43 527.70 594.27 527.71 594.22 565.91 ship 0 0.998307 votes=3
280.93 353.07 281.03 289.15 301.38 289.18 301.28 353.10 ship 0 0.997241 votes=3
331.94 172.86 336.81 246.75 311.47 248.42 306.60 174.52 ship 0 0.996442 votes=3
171.55 561.34 173.39 520.59 189.59 521.32 187.75 562.08 ship 0 0.995844 votes=3
541.12 565.87 543.37 520.53 558.18 521.27 555.93 566.60 ship 0 0.993795 votes=3
151.17 512.62 647.50 515.30 646.89 629.66 150.56 626.98 harbor 0 0.979946 votes=3
520.08 562.81 521.74 513.11 539.53 513.70 537.87 563.40 ship 0 0.979535 votes=3
74.64 161.97 715.88 171.50 712.87 373.94 71.63 364.41 harbor 0 0.947121 votes=3
654.82 559.02 655.93 179.49 714.87 179.66 713.76 559.19 harbor 0 0.867485 votes=3
666.59 383.29 693.68 383.11 693.76 395.13 666.68 395.31 ship 0 0.846148 votes=3
89.45 239.44 90.49 268.93 77.40 269.39 76.36 239.90 ship 0 0.709906 votes=2
