637.19 493.78 686.88 493.40 687.01 510.74 637.32 511.12 ship 0 0.999311 votes=3
676.04 35.44 720.35 33.97 720.84 49.01 676.54 50.48 ship 0 0.999208 votes=3
617.68 87.49 664.05 85.74 664.65 101.61 618.28 103.35 ship 0 0.998617 votes=3
632.62 324.04 679.01 323.35 679.23 338.27 632.85 338.97 ship 0 0.998546 votes=3
617.77 108.81 665.02 108.51 665.12 124.55 617.88 124.86 ship 0 0.998386 votes=3
684.48 213.53 730.77 212.28 731.14 226.05 684.85 227.30 ship 0 0.998337 votes=3
520.68 482.90 554.88 482.49 555.02 494.10 520.82 494.51 ship 0 0.998269 votes=3
620.58 130.84 666.53 128.33 667.34 143.09 621.38 145.60 ship 0 0.998180 votes=3
527.66 584.59 564.36 583.73 564.66 596.66 527.96 597.52 ship 0 0.998156 votes=3
264.10 102.40 337.40 97.33 338.71 116.25 265.40 121.31 ship 0 0.998110 votes=3
640.91 515.12 689.10 515.08 689.11 532.45 640.92 532.48 ship 0 0.998104 votes=3
521.52 522.52 556.25 520.91 556.82 533.27 522.09 534.87 ship 0 0.998097 votes=3
500.77 149.21 541.07 148.80 541.22 163.37 500.92 163.78 ship 0 0.998079 votes=3
701.98 493.98 745.85 490.23 747.09 504.83 703.22 508.57 ship 0 0.997903 votes=3
326.71 390.54 378.13 390.14 378.25 404.66 326.83 405.07 ship 0 0.997834 votes=3
318.48 464.79 366.27 458.23 368.37 473.52 320.58 480.08 ship 0 0.997818 votes=3
628.90 281.40 675.46 281.18 675.52 296.02 628.97 296.24 ship 0 0.997780 votes=3
697.52 426.42 740.88 425.53 741.19 440.39 697.82 441.28 ship 0 0.997760 votes=3
624.44 235.25 672.57 236.34 672.23 251.30 624.10 250.21 ship 0 0.997641 votes=3
687.79 277.26 734.33 275.05 735.06 290.51 688.53 292.73 ship 0 0.997605 votes=3
641.06 431.39 682.39 430.89 682.56 444.85 641.23 445.34 ship 0 0.997397 votes=3
126.57 291.32 157.24 290.14 157.69 301.88 127.03 303.06 ship 0 0.997391 votes=3
703.99 514.22 749.86 512.04 750.55 526.54 704.68 528.71 ship 0 0.997355 votes=3
294.71 132.24 342.01 133.46 341.57 150.34 294.28 149.13 ship 0 0.997261 votes=3
702.17 556.94 752.33 555.09 752.97 572.39 702.81 574.24 ship 0 0.997207 votes=3
618.53 65.25 662.86 63.67 663.38 78.21 619.05 79.79 ship 0 0.997205 votes=3
137.60 481.35 166.97 480.53 167.31 492.49 137.93 493.31 ship 0 0.997152 votes=3
131.27 387.26 162.07 385.68 162.65 396.95 131.86 398.53 ship 0 0.997147 votes=3
217.85 380.14 248.95 378.67 249.53 390.76 218.42 392.24 ship 0 0.997109 votes=3
696.60 406.69 741.40 406.55 741.44 419.81 696.64 419.95 ship 0 0.997102 votes=3
508.15 248.09 545.70 248.07 545.71 261.03 508.16 261.05 ship 0 0.997071 votes=3
318.50 267.91 357.81 265.59 358.71 280.80 319.39 283.12 ship 0 0.997000 votes=3
707.25 536.60 745.99 534.25 746.83 548.16 708.10 550.51 ship 0 0.996972 votes=3
680.78 151.36 723.39 146.48 725.00 160.53 682.39 165.41 ship 0 0.996883 votes=3
133.09 402.49 162.90 402.03 163.07 413.05 133.26 413.51 ship 0 0.996874 votes=3
632.86 344.62 673.78 344.68 673.76 359.56 632.84 359.50 ship 0 0.996848 votes=3
510.78 326.59 549.97 326.21 550.10 340.10 510.92 340.48 ship 0 0.996680 votes=3
692.50 320.53 739.30 317.94 740.14 333.17 693.34 335.76 ship 0 0.996555 votes=3
213.45 227.13 247.00 225.94 247.41 237.24 213.86 238.43 ship 0 0.996518 votes=3
309.76 332.91 313.78 374.54 299.23 375.94 295.21 334.31 ship 0 0.996507 votes=3
638.99 411.30 680.43 410.83 680.58 423.67 639.14 424.14 ship 0 0.996493 votes=3
626.18 197.17 668.26 195.57 668.79 209.77 626.71 211.36 ship 0 0.996484 votes=3
621.81 152.95 667.52 151.75 667.92 166.89 622.21 168.09 ship 0 0.996472 votes=3
701.34 469.74 745.90 469.09 746.10 482.84 701.54 483.49 ship 0 0.996324 votes=3
687.42 256.62 734.05 255.11 734.54 270.15 687.91 271.66 ship 0 0.996314 votes=3
209.61 212.75 241.12 209.57 242.27 220.95 210.75 224.13 ship 0 0.996277 votes=3
507.84 287.62 546.99 287.31 547.10 300.66 507.94 300.97 ship 0 0.996174 votes=3
130.42 337.96 161.65 338.79 161.35 350.17 130.11 349.33 ship 0 0.996145 votes=3
308.64 286.61 311.66 331.13 295.89 332.21 292.86 287.68 ship 0 0.996129 votes=3
700.74 450.31 742.01 448.11 742.75 461.98 701.48 464.18 ship 0 0.995835 votes=3
502.68 169.55 539.53 168.69 539.84 181.64 502.98 182.51 ship 0 0.995692 votes=3
220.90 417.66 250.91 413.12 252.61 424.34 222.60 428.88 ship 0 0.995569 votes=3
500.50 131.70 539.21 129.25 540.05 142.42 501.34 144.88 ship 0 0.995562 votes=3
294.27 166.47 345.65 166.79 345.56 182.49 294.17 182.18 ship 0 0.995554 votes=3
315.41 189.00 350.44 187.02 351.07 198.15 316.04 200.13 ship 0 0.995503 votes=3
472.21 417.94 504.90 417.58 505.02 428.88 472.33 429.23 ship 0 0.995420 votes=3
516.48 403.78 553.86 403.68 553.89 415.37 516.51 415.47 ship 0 0.995371 votes=3
506.56 229.67 543.48 228.47 543.90 241.32 506.98 242.53 ship 0 0.995348 votes=3
692.96 342.27 740.39 340.55 740.91 354.92 693.49 356.65 ship 0 0.995334 votes=3
628.00 258.04 672.85 258.09 672.83 270.73 627.98 270.68 ship 0 0.995302 votes=3
208.27 194.63 250.39 190.33 251.72 203.36 209.60 207.66 ship 0 0.995220 votes=3
499.78 70.34 536.16 69.08 536.56 80.68 500.19 81.94 ship 0 0.995143 votes=3
216.26 349.36 247.56 344.97 249.20 356.60 217.90 361.00 ship 0 0.994819 votes=3
324.99 357.50 365.42 353.70 366.51 365.27 326.08 369.07 ship 0 0.994806 votes=3
301.35 465.35 306.14 429.13 317.97 430.69 313.18 466.91 ship 0 0.994671 votes=3
694.32 385.05 741.40 383.43 741.88 397.56 694.81 399.18 ship 0 0.994572 votes=3
688.00 298.45 733.59 296.96 734.09 312.49 688.50 313.98 ship 0 0.994534 votes=3
134.57 433.78 165.71 434.33 165.52 445.21 134.38 444.66 ship 0 0.994526 votes=3
628.83 302.03 675.28 300.97 675.63 316.51 629.18 317.57 ship 0 0.994512 votes=3
329.51 424.38 367.56 423.73 367.78 436.41 329.73 437.06 ship 0 0.994432 votes=3
327.51 440.13 385.44 438.80 385.79 453.73 327.85 455.06 ship 0 0.994416 votes=3
508.42 266.74 548.18 265.89 548.48 280.02 508.72 280.88 ship 0 0.994103 votes=3
293.10 281.78 293.24 244.72 307.80 244.77 307.66 281.84 ship 0 0.994072 votes=3
207.02 176.89 248.40 176.17 248.59 187.12 207.21 187.84 ship 0 0.994069 votes=3
323.00 304.20 363.95 302.80 364.41 316.11 323.45 317.51 ship 0 0.993781 votes=3
134.06 418.92 163.35 418.02 163.68 428.86 134.40 429.75 ship 0 0.993388 votes=3
316.12 202.73 355.86 200.49 356.52 212.21 316.78 214.46 ship 0 0.992865 votes=3
510.82 307.09 548.71 306.49 548.91 319.42 511.02 320.01 ship 0 0.992721 votes=3
685.86 234.89 731.17 233.69 731.54 247.90 686.23 249.10 ship 0 0.991969 votes=3
520.85 464.20 557.73 465.21 557.40 477.51 520.51 476.50 ship 0 0.991341 votes=3
499.66 109.63 539.09 110.16 538.91 123.53 499.48 123.00 ship 0 0.991332 votes=3
528.82 566.24 563.67 566.45 563.60 577.77 528.75 577.55 ship 0 0.991156 votes=3
461.66 234.91 493.62 234.47 493.76 245.12 461.81 245.56 ship 0 0.991081 votes=3
326.91 480.93 365.29 473.57 367.82 486.77 329.44 494.13 ship 0 0.990737 votes=3
695.25 367.01 738.65 360.40 740.75 374.17 697.35 380.78 ship 0 0.990480 votes=3
683.26 192.10 729.31 191.43 729.52 205.78 683.47 206.45 ship 0 0.989759 votes=3
505.87 210.03 541.74 208.68 542.19 220.72 506.33 222.07 ship 0 0.989225 votes=3
149.53 564.82 200.16 563.39 200.62 579.86 149.99 581.29 ship 0 0.989094 votes=3
223.12 431.98 262.12 432.20 262.04 445.57 223.04 445.34 ship 0 0.988656 votes=3
642.61 472.19 686.13 472.77 685.91 489.00 642.39 488.42 ship 0 0.988498 votes=3
327.48 340.52 359.73 338.48 360.44 349.75 328.20 351.78 ship 0 0.988431 votes=3
635.78 388.58 681.85 387.97 682.03 401.69 635.96 402.29 ship 0 0.988000 votes=3
721.00 12.05 753.89 588.03 646.04 594.19 613.15 18.21 harbor 0 0.987759 votes=3
679.02 171.68 725.93 166.10 727.55 179.68 680.63 185.26 ship 0 0.986744 votes=3
228.17 450.90 260.51 448.04 261.46 458.83 229.13 461.69 ship 0 0.986669 votes=3
638.35 370.44 674.76 370.17 674.86 383.46 638.45 383.73 ship 0 0.986463 votes=3
627.86 217.17 670.05 216.46 670.26 228.55 628.06 229.27 ship 0 0.986209 votes=3
474.50 491.40 508.45 490.20 508.86 501.92 474.92 503.12 ship 0 0.985864 votes=3
513.54 368.17 549.62 361.91 551.71 373.99 515.64 380.24 ship 0 0.985450 votes=3
474.76 451.61 508.58 453.21 507.97 466.23 474.15 464.63 ship 0 0.983227 votes=3
323.83 323.99 367.59 320.17 368.87 334.85 325.11 338.67 ship 0 0.982795 votes=3
138.02 466.18 164.31 464.64 164.88 474.33 138.59 475.87 ship 0 0.979909 votes=3
520.90 444.51 556.50 443.63 556.75 453.69 521.15 454.57 ship 0 0.979385 votes=3
125.69 243.53 156.76 243.86 156.64 255.69 125.56 255.35 ship 0 0.976184 votes=3
138.22 516.96 188.97 514.85 190.15 543.33 139.40 545.43 ship 0 0.972599 votes=3
539.44 40.25 561.79 591.77 478.01 595.17 455.65 43.65 harbor 0 0.971922 votes=3
200.02 154.13 220.77 130.73 228.76 137.81 208.00 161.21 ship 0 0.970161 votes=3
478.81 564.44 512.54 565.22 512.27 576.89 478.54 576.10 ship 0 0.965664 votes=3
469.20 309.00 497.50 306.76 498.26 316.32 469.95 318.57 ship 0 0.964386 votes=3
322.70 286.67 366.46 285.92 366.69 299.12 322.93 299.87 ship 0 0.940522 votes=3
245.30 133.99 263.88 462.87 211.84 465.81 193.26 136.93 harbor 0 0.934339 votes=3
204.88 159.41 243.42 159.92 243.28 170.49 204.74 169.98 ship 0 0.927454 votes=3
315.47 239.93 353.21 211.05 361.60 222.02 323.87 250.90 ship 0 0.912238 votes=3
346.54 21.97 379.60 478.94 313.02 483.76 279.96 26.79 harbor 0 0.911623 votes=3
461.39 195.56 489.62 195.40 489.67 204.49 461.44 204.65 ship 0 0.871454 votes=2
325.97 370.69 373.62 370.19 373.78 385.28 326.13 385.78 ship 0 0.848758 votes=3
314.70 156.52 343.03 156.86 342.92 165.74 314.60 165.40 ship 0 0.842193 votes=3
170.34 195.15 172.87 560.48 113.90 560.89 111.38 195.56 harbor 0 0.777036 votes=3
387.41 2.96 398.12 189.18 385.64 189.90 374.93 3.68 harbor 0 0.723482 votes=3
