477.84 473.60 479.96 524.02 459.58 524.88 457.47 474.46 vehicle 0 0.999800 votes=3
203.65 629.67 205.70 677.48 185.69 678.34 183.64 630.53 vehicle 0 0.999765 votes=3
321.82 615.48 322.49 674.43 299.39 674.69 298.72 615.74 vehicle 0 0.999759 votes=3
250.50 478.12 253.71 544.27 229.96 545.42 226.75 479.28 vehicle 0 0.999648 votes=3
451.06 105.18 464.09 326.17 315.26 334.95 302.23 113.96 basketballcourt 0 0.999623 votes=3
475.07 572.92 534.81 572.17 535.07 593.15 475.33 593.89 vehicle 0 0.999613 votes=3
46.01 661.01 46.63 710.92 25.20 711.19 24.59 661.27 vehicle 0 0.999545 votes=3
372.97 611.62 378.88 666.66 355.29 669.19 349.38 614.15 vehicle 0 0.999413 votes=3
499.81 539.20 573.49 533.82 575.28 558.37 501.61 563.75 vehicle 0 0.999333 votes=3
164.93 492.32 168.90 535.93 150.67 537.59 146.70 493.98 vehicle 0 0.999318 votes=3
136.42 489.94 143.26 533.00 125.41 535.84 118.58 492.78 vehicle 0 0.999084 votes=3
235.79 623.04 237.94 672.33 216.13 673.28 213.97 624.00 vehicle 0 0.999071 votes=3
