182.56 182.11 224.05 182.09 224.06 195.93 182.56 195.95 ship 0 0.999207 votes=3
190.65 296.08 222.03 295.68 222.17 307.14 190.79 307.54 ship 0 0.999164 votes=3
180.90 213.86 224.58 213.30 224.76 226.98 181.08 227.55 ship 0 0.999104 votes=3
192.60 422.39 226.44 422.09 226.54 433.16 192.70 433.46 ship 0 0.998982 votes=3
60.50 375.44 98.16 374.00 98.66 387.16 61.01 388.60 ship 0 0.998956 votes=3
194.52 489.99 235.43 489.65 235.54 503.07 194.63 503.41 ship 0 0.998736 votes=3
188.08 247.52 225.41 247.51 225.41 259.93 188.08 259.94 ship 0 0.998715 votes=3
183.08 231.81 223.04 231.78 223.05 245.26 183.09 245.29 ship 0 0.998581 votes=3
56.71 424.15 96.27 422.98 96.63 435.45 57.08 436.62 ship 0 0.998542 votes=3
109.43 494.68 147.71 493.97 147.94 506.25 109.66 506.96 ship 0 0.998520 votes=3
190.51 265.14 225.15 264.32 225.43 276.17 190.79 276.99 ship 0 0.998437 votes=3
190.97 342.75 223.11 342.44 223.24 355.39 191.10 355.69 ship 0 0.998324 votes=3
186.82 280.06 224.27 279.28 224.50 290.36 187.05 291.15 ship 0 0.997995 votes=3
189.06 391.58 224.90 391.20 225.02 402.27 189.18 402.66 ship 0 0.997968 votes=3
106.95 295.71 138.81 295.60 138.85 306.97 106.99 307.08 ship 0 0.997938 votes=3
195.83 312.14 219.81 312.02 219.86 321.66 195.88 321.79 ship 0 0.997198 votes=3
59.69 186.49 59.89 217.42 48.84 217.49 48.64 186.56 ship 0 0.997178 votes=3
65.41 495.45 105.48 495.14 105.58 507.88 65.50 508.18 ship 0 0.996921 votes=3
197.76 326.50 225.92 327.04 225.71 337.73 197.56 337.19 ship 0 0.996653 votes=3
42.75 226.30 47.39 258.12 36.21 259.75 31.58 227.92 ship 0 0.996025 votes=3
65.30 253.67 68.62 229.71 78.26 231.05 74.94 255.01 ship 0 0.995871 votes=3
118.08 423.84 144.26 423.05 144.55 432.79 118.38 433.57 ship 0 0.995286 votes=3
35.98 143.66 36.03 170.13 26.27 170.15 26.22 143.68 ship 0 0.993772 votes=3
270.86 664.71 293.04 673.05 289.54 682.36 267.36 674.02 ship 0 0.993508 votes=3
69.47 410.18 92.94 409.09 93.40 419.10 69.94 420.19 ship 0 0.992778 votes=3
52.95 247.65 53.21 223.01 62.02 223.10 61.76 247.74 ship 0 0.988467 votes=3
157.21 138.85 181.08 138.30 181.31 148.64 157.45 149.18 ship 0 0.988197 votes=3
93.01 293.24 94.99 322.32 84.36 323.04 82.38 293.97 ship 0 0.986677 votes=3
193.49 472.12 215.86 470.27 216.67 480.04 194.30 481.89 ship 0 0.971245 votes=3
103.21 155.76 103.22 178.77 94.10 178.77 94.09 155.76 ship 0 0.965801 votes=3
140.26 110.98 150.16 501.58 67.43 503.68 57.54 113.08 harbor 0 0.955662 votes=3
90.68 244.86 91.53 271.63 81.35 271.96 80.50 245.18 ship 0 0.945412 votes=3
189.06 507.84 189.12 122.68 236.67 122.69 236.60 507.84 harbor 0 0.941563 votes=3
485.46 191.24 487.72 43.35 614.47 45.29 612.21 193.18 harbor 0 0.892437 votes=2
530.65 195.77 530.93 39.47 607.21 39.60 606.94 195.91 harbor 0 0.859762 votes=2
457.17 152.21 459.00 49.52 502.65 50.30 500.82 152.99 harbor 0 0.833253 votes=3
