464.64 595.53 533.30 595.35 533.36 616.37 464.69 616.55 ship 0 0.999614 votes=3
309.57 549.05 309.93 597.85 293.50 597.97 293.14 549.17 ship 0 0.999606 votes=3
466.58 272.53 474.47 337.81 454.21 340.26 446.32 274.98 ship 0 0.999592 votes=3
465.49 546.75 529.75 546.12 529.95 565.78 465.68 566.41 ship 0 0.999582 votes=3
352.82 547.85 354.55 593.64 338.94 594.23 337.21 548.44 ship 0 0.999513 votes=3
100.28 383.42 100.83 422.88 86.17 423.09 85.61 383.62 ship 0 0.999512 votes=3
497.29 275.22 500.48 338.38 479.25 339.45 476.07 276.29 ship 0 0.999494 votes=3
451.76 554.86 451.98 595.72 435.76 595.81 435.55 554.94 ship 0 0.999408 votes=3
416.60 548.58 418.82 586.80 404.49 587.64 402.27 549.41 ship 0 0.999368 votes=3
234.47 314.11 235.36 362.29 219.37 362.58 218.49 314.40 ship 0 0.999358 votes=3
154.69 753.76 155.44 708.75 171.72 709.02 170.97 754.03 ship 0 0.999340 votes=3
397.71 546.81 397.78 579.31 385.20 579.34 385.12 546.84 ship 0 0.999318 votes=3
173.82 754.35 174.48 708.52 191.54 708.76 190.88 754.59 ship 0 0.999296 votes=3
469.83 623.75 537.53 623.01 537.79 646.82 470.08 647.55 ship 0 0.999234 votes=3
457.28 389.12 511.70 388.50 511.91 407.01 457.49 407.63 ship 0 0.999231 votes=3
451.40 358.23 506.87 354.90 507.98 373.42 452.52 376.75 ship 0 0.999213 votes=3
312.22 352.23 312.26 292.63 332.77 292.65 332.73 352.25 ship 0 0.999195 votes=3
256.02 311.48 256.18 358.69 240.40 358.74 240.25 311.53 ship 0 0.999190 votes=3
464.04 517.28 518.60 515.51 519.23 535.13 464.67 536.90 ship 0 0.999172 votes=3
434.46 283.05 435.29 340.43 416.72 340.70 415.89 283.32 ship 0 0.999158 votes=3
402.14 290.66 405.33 339.83 388.62 340.92 385.44 291.74 ship 0 0.999152 votes=3
124.43 378.28 126.79 424.15 110.94 424.96 108.58 379.10 ship 0 0.999097 votes=3
106.95 319.91 107.51 368.79 90.54 368.99 89.98 320.11 ship 0 0.999053 votes=3
154.31 420.42 154.47 381.08 169.11 381.14 168.95 420.49 ship 0 0.999021 votes=3
79.83 380.73 83.12 427.93 67.66 429.01 64.37 381.81 ship 0 0.999021 votes=3
285.06 306.54 285.27 353.39 269.46 353.46 269.25 306.61 ship 0 0.999018 votes=3
271.12 556.93 271.16 593.49 256.73 593.50 256.70 556.94 ship 0 0.998951 votes=3
169.93 359.54 170.35 315.79 185.06 315.93 184.63 359.68 ship 0 0.998873 votes=3
356.42 292.39 356.65 350.37 337.74 350.44 337.52 292.46 ship 0 0.998842 votes=3
135.51 319.85 135.66 365.76 119.60 365.81 119.45 319.90 ship 0 0.998841 votes=3
466.28 494.94 526.87 493.28 527.40 512.75 466.81 514.41 ship 0 0.998789 votes=3
303.01 310.50 303.41 349.71 289.53 349.85 289.12 310.65 ship 0 0.998745 votes=3
203.78 318.60 205.01 358.56 190.95 358.99 189.72 319.04 ship 0 0.998392 votes=3
437.88 361.48 442.01 425.10 421.46 426.43 417.33 362.81 ship 0 0.998334 votes=3
465.02 441.78 525.55 433.99 528.21 454.64 467.68 462.43 ship 0 0.998279 votes=3
447.19 476.37 447.49 526.87 429.88 526.97 429.59 476.47 ship 0 0.998241 votes=3
65.87 515.02 66.07 548.57 52.65 548.65 52.45 515.10 ship 0 0.998015 votes=3
642.37 533.39 677.95 534.62 677.52 547.00 641.94 545.76 ship 0 0.997976 votes=3
135.91 599.01 136.07 563.55 149.71 563.61 149.55 599.07 ship 0 0.997881 votes=3
458.68 465.16 518.02 459.54 519.72 477.44 460.38 483.05 ship 0 0.997670 votes=3
135.36 751.71 136.62 776.82 127.25 777.29 125.99 752.18 vehicle 0 0.997602 votes=3
771.53 655.44 771.87 616.75 786.20 616.87 785.85 655.56 ship 0 0.997493 votes=3
393.77 492.83 396.53 533.33 383.04 534.25 380.27 493.75 ship 0 0.997054 votes=3
208.14 756.53 210.30 708.99 226.59 709.73 224.43 757.27 ship 0 0.997042 votes=3
382.13 295.92 382.60 343.13 367.36 343.29 366.89 296.07 ship 0 0.996116 votes=3
310.88 531.51 311.02 502.45 323.70 502.51 323.55 531.57 ship 0 0.994670 votes=3
656.68 716.96 703.25 716.55 703.41 734.31 656.84 734.72 ship 0 0.994383 votes=3
231.07 554.44 231.15 594.79 215.31 594.82 215.23 554.47 ship 0 0.994165 votes=3
455.88 412.81 501.12 410.53 501.90 426.14 456.67 428.41 ship 0 0.993899 votes=3
646.70 504.12 678.10 504.74 677.88 515.71 646.48 515.08 ship 0 0.993280 votes=3
648.24 519.56 676.87 519.69 676.82 530.28 648.19 530.15 ship 0 0.991523 votes=3
56.58 675.73 82.62 675.67 82.65 686.78 56.61 686.84 ship 0 0.991281 votes=3
371.66 546.62 372.09 581.97 358.22 582.14 357.80 546.79 ship 0 0.985843 votes=3
739.57 686.10 739.65 645.84 754.10 645.87 754.02 686.13 ship 0 0.981812 votes=3
769.15 632.08 769.40 671.75 756.18 671.84 755.93 632.16 ship 0 0.976451 votes=3
9.48 307.30 486.50 283.28 493.04 413.17 16.02 437.20 harbor 0 0.975461 votes=3
424.01 726.83 424.30 761.46 410.45 761.57 410.16 726.95 ship 0 0.971207 votes=3
260.81 715.01 260.83 745.98 247.52 745.99 247.51 715.02 vehicle 0 0.954995 votes=3
144.56 780.98 166.66 783.71 165.46 793.48 143.35 790.75 vehicle 0 0.948823 votes=3
347.48 748.50 347.76 776.29 335.84 776.41 335.56 748.62 vehicle 0 0.942042 votes=2
50.87 510.33 440.87 486.94 446.55 581.61 56.55 605.00 harbor 0 0.940994 votes=3
645.26 612.56 674.69 612.44 674.74 625.50 645.32 625.63 ship 0 0.940283 votes=3
198.25 409.64 198.31 380.83 211.60 380.86 211.54 409.67 ship 0 0.911872 votes=3
684.77 515.86 688.24 683.42 581.90 685.62 578.42 518.07 harbor 0 0.907400 votes=2
290.28 759.94 290.84 729.36 299.91 729.53 299.35 760.10 vehicle 0 0.896898 votes=3
773.80 748.94 802.04 780.45 791.96 789.49 763.72 757.97 ship 0 0.881600 votes=2
412.67 490.67 413.17 520.63 400.44 520.84 399.94 490.88 ship 0 0.880124 votes=3
407.14 770.41 427.22 770.61 427.14 778.37 407.06 778.18 vehicle 0 0.765416 votes=2
302.31 715.42 325.49 715.31 325.55 727.02 302.36 727.13 vehicle 0 0.644036 votes=2
