245.73 435.16 245.80 516.19 215.84 516.22 215.77 435.18 ship 0 0.999693 votes=3
192.68 427.80 192.85 530.45 155.03 530.51 154.86 427.86 ship 0 0.999494 votes=3
659.04 533.30 659.45 436.87 696.47 437.03 696.06 533.46 ship 0 0.999447 votes=3
377.95 514.78 378.01 447.76 402.57 447.79 402.51 514.80 ship 0 0.999354 votes=3
441.65 526.77 441.65 435.84 474.49 435.84 474.48 526.77 ship 0 0.999327 votes=3
336.95 686.42 339.75 568.01 379.07 568.95 376.27 687.35 ship 0 0.999199 votes=3
600.44 532.05 603.08 438.51 638.20 439.50 635.56 533.05 ship 0 0.998907 votes=3
584.67 431.80 585.71 531.00 548.16 531.39 547.12 432.20 ship 0 0.998905 votes=3
494.14 524.68 494.64 439.07 527.43 439.26 526.94 524.87 ship 0 0.998779 votes=3
271.81 526.01 273.10 429.89 309.67 430.38 308.38 526.50 ship 0 0.998748 votes=3
439.11 576.77 440.99 681.48 397.95 682.26 396.07 577.55 ship 0 0.998544 votes=3
323.95 532.78 325.86 429.46 362.99 430.15 361.08 533.47 ship 0 0.998122 votes=3
148.54 677.39 159.00 584.15 191.14 587.75 180.68 681.00 ship 0 0.995082 votes=3
57.73 163.51 429.56 165.65 429.00 262.64 57.17 260.50 ship 0 0.994903 votes=3
87.06 417.67 737.37 430.94 731.95 696.63 81.64 683.36 harbor 0 0.990020 votes=3
