638.46 395.01 665.04 396.19 664.53 407.62 637.95 406.44 windmill 0 0.984455 votes=3
733.27 146.63 761.80 148.67 760.72 163.77 732.19 161.73 windmill 0 0.979844 votes=3
418.15 602.86 442.38 603.61 441.94 617.73 417.71 616.97 windmill 0 0.975358 votes=3
203.90 442.88 234.19 443.98 233.72 456.95 203.43 455.85 windmill 0 0.974311 votes=3
23.73 133.58 47.68 134.71 47.15 145.93 23.20 144.80 windmill 0 0.971171 votes=3
449.82 30.32 475.87 31.30 475.35 45.10 449.30 44.12 windmill 0 0.966267 votes=3
177.37 237.56 202.33 238.42 201.88 251.36 176.93 250.50 windmill 0 0.947905 votes=3
590.49 562.22 617.39 563.51 616.81 575.58 589.91 574.29 windmill 0 0.930803 votes=3
575.87 214.43 603.78 216.17 603.02 228.34 575.11 226.59 windmill 0 0.929589 votes=3
279.79 79.35 305.16 80.87 304.49 92.06 279.12 90.54 windmill 0 0.923633 votes=3
