197.92 652.98 282.68 648.57 283.95 672.99 199.19 677.40 ship 0 0.999667 votes=3
439.81 541.26 511.62 541.91 511.43 563.00 439.62 562.35 ship 0 0.999647 votes=3
39.86 304.39 40.52 242.29 63.41 242.54 62.75 304.63 ship 0 0.999626 votes=3
521.34 464.22 582.58 456.32 585.33 477.67 524.09 485.57 ship 0 0.999610 votes=3
522.86 434.50 582.83 431.07 584.11 453.41 524.14 456.84 ship 0 0.999589 votes=3
74.40 305.51 74.53 249.79 95.40 249.84 95.27 305.56 ship 0 0.999568 votes=3
440.81 489.70 509.16 488.80 509.43 509.66 441.09 510.55 ship 0 0.999561 votes=3
527.20 595.10 594.35 593.36 594.95 616.65 527.80 618.39 ship 0 0.999545 votes=3
443.14 407.96 503.43 407.25 503.64 425.39 443.35 426.10 ship 0 0.999543 votes=3
524.41 541.78 592.75 530.82 596.41 553.67 528.07 564.63 ship 0 0.999526 votes=3
292.97 644.68 362.54 646.97 361.79 669.61 292.23 667.31 ship 0 0.999509 votes=3
525.01 567.75 602.79 561.52 604.88 587.74 527.11 593.96 ship 0 0.999508 votes=3
67.06 515.58 68.69 450.66 93.27 451.28 91.64 516.20 ship 0 0.999457 votes=3
116.99 307.49 119.36 251.39 138.65 252.20 136.28 308.30 ship 0 0.999445 votes=3
183.82 248.40 183.88 303.96 162.02 303.98 161.96 248.43 ship 0 0.999432 votes=3
524.57 515.48 592.72 507.66 595.31 530.23 527.16 538.05 ship 0 0.999362 votes=3
191.60 97.91 192.10 48.41 209.15 48.59 208.65 98.08 ship 0 0.999325 votes=3
310.59 508.05 375.49 506.57 375.97 528.00 311.08 529.48 ship 0 0.999314 votes=3
42.14 180.69 42.41 113.39 66.39 113.48 66.12 180.79 ship 0 0.999301 votes=3
521.43 342.75 568.49 341.66 568.86 357.64 521.80 358.73 ship 0 0.999260 votes=3
312.33 583.48 373.11 581.24 373.85 601.29 313.07 603.53 ship 0 0.999260 votes=3
312.75 558.87 366.46 557.70 366.86 576.32 313.16 577.50 ship 0 0.999234 votes=3
161.75 517.12 164.17 453.64 188.56 454.57 186.14 518.05 ship 0 0.999199 votes=3
312.49 434.99 359.28 434.76 359.36 452.32 312.58 452.55 ship 0 0.999189 votes=3
314.97 394.54 356.96 394.39 357.01 409.12 315.02 409.27 ship 0 0.999166 votes=3
114.21 517.08 115.89 458.79 138.51 459.45 136.83 517.73 ship 0 0.999129 votes=3
455.03 387.02 504.18 387.44 504.05 403.34 454.89 402.93 ship 0 0.999034 votes=3
526.03 407.30 577.19 405.50 577.87 424.85 526.71 426.65 ship 0 0.999033 votes=3
167.84 90.72 168.58 39.35 188.49 39.64 187.76 91.01 ship 0 0.999012 votes=3
523.69 492.33 570.60 488.86 571.77 504.70 524.86 508.17 ship 0 0.998959 votes=3
409.34 264.98 409.41 322.75 385.16 322.78 385.09 265.01 ship 0 0.998955 votes=3
71.42 678.61 161.83 656.95 168.43 684.50 78.02 706.15 ship 0 0.998924 votes=3
643.69 436.02 693.81 427.09 696.66 443.08 646.54 452.01 ship 0 0.998919 votes=3
204.59 322.05 204.89 369.05 188.11 369.16 187.81 322.15 ship 0 0.998738 votes=3
499.12 304.75 538.22 301.42 539.55 317.10 500.45 320.42 ship 0 0.998656 votes=3
114.66 112.26 115.40 170.75 91.26 171.05 90.53 112.56 ship 0 0.998566 votes=3
116.47 38.76 116.53 95.61 94.43 95.63 94.37 38.78 ship 0 0.998499 votes=3
163.72 322.09 163.92 383.24 140.82 383.32 140.62 322.17 ship 0 0.998442 votes=3
628.35 386.17 684.24 375.89 687.27 392.33 631.38 402.61 ship 0 0.998408 votes=3
610.09 311.09 669.69 304.06 672.01 323.75 612.41 330.77 ship 0 0.998248 votes=3
451.17 344.77 504.09 344.31 504.24 361.12 451.32 361.58 ship 0 0.998169 votes=3
230.67 31.23 267.54 31.23 267.54 44.50 230.67 44.50 vehicle 0 0.998139 votes=3
281.06 437.61 295.94 487.10 276.90 492.83 262.01 443.34 ship 0 0.998099 votes=3
310.77 482.07 369.28 482.22 369.22 502.65 310.71 502.49 ship 0 0.998097 votes=3
432.01 182.57 474.62 235.62 457.30 249.53 414.69 196.47 ship 0 0.998084 votes=3
706.98 90.73 733.34 90.21 733.56 101.29 707.20 101.81 vehicle 0 0.997710 votes=3
56.25 472.03 57.61 522.23 37.57 522.78 36.21 472.57 ship 0 0.997363 votes=3
166.61 172.75 166.76 115.65 188.59 115.70 188.44 172.81 ship 0 0.997078 votes=3
499.45 264.67 534.31 262.72 535.23 279.28 500.37 281.23 ship 0 0.996896 votes=3
499.16 140.76 536.16 141.21 535.97 156.25 498.98 155.80 ship 0 0.996644 votes=3
329.04 -4.26 382.73 39.40 366.77 59.03 313.07 15.38 ship 0 0.996557 votes=3
232.15 13.90 260.55 13.90 260.55 25.24 232.15 25.24 vehicle 0 0.996520 votes=3
570.91 125.83 608.41 118.13 611.48 133.06 573.98 140.76 ship 0 0.996520 votes=3
282.90 342.99 293.86 383.58 276.33 388.31 265.37 347.72 ship 0 0.996503 votes=3
245.50 570.40 276.53 618.13 256.19 631.36 225.16 583.62 ship 0 0.996500 votes=3
637.13 355.11 682.92 351.15 684.30 367.17 638.52 371.12 ship 0 0.996422 votes=3
41.31 98.13 42.10 39.85 67.47 40.19 66.68 98.47 ship 0 0.996347 votes=3
220.18 119.19 261.45 83.78 274.32 98.78 233.05 134.18 ship 0 0.996317 votes=3
271.16 554.38 297.41 603.58 278.95 613.43 252.70 564.23 ship 0 0.996004 votes=3
499.73 193.77 534.32 193.41 534.46 207.08 499.87 207.43 ship 0 0.995850 votes=3
427.96 223.98 475.18 287.13 453.15 303.61 405.92 240.45 ship 0 0.995725 votes=3
91.99 42.56 92.38 99.14 71.70 99.28 71.31 42.70 ship 0 0.995675 votes=3
231.14 54.16 263.84 55.08 263.49 67.66 230.79 66.74 vehicle 0 0.994141 votes=3
79.02 557.66 125.40 555.78 126.03 571.40 79.65 573.28 ship 0 0.993493 votes=3
214.17 272.60 248.20 232.00 263.98 245.23 229.95 285.83 ship 0 0.992746 votes=3
385.99 85.10 388.67 113.13 376.58 114.28 373.91 86.25 vehicle 0 0.992377 votes=3
137.02 322.58 137.57 376.86 119.41 377.05 118.85 322.76 ship 0 0.991890 votes=3
220.52 591.19 239.20 622.71 226.20 630.41 207.52 598.89 ship 0 0.991804 votes=3
216.11 189.17 263.78 151.38 277.01 168.06 229.33 205.85 ship 0 0.991438 votes=3
754.84 582.72 801.33 580.93 802.16 602.71 755.67 604.50 ship 0 0.990996 votes=3
118.57 175.79 118.59 115.66 141.02 115.67 141.01 175.79 ship 0 0.990925 votes=3
687.88 315.47 723.95 336.94 716.37 349.69 680.29 328.21 ship 0 0.990307 votes=3
209.25 114.66 209.51 167.08 190.69 167.18 190.43 114.76 ship 0 0.989669 votes=3
217.42 159.09 260.83 117.97 274.10 131.98 230.68 173.09 ship 0 0.989571 votes=3
360.65 269.04 388.29 329.81 367.59 339.23 339.94 278.46 ship 0 0.989522 votes=3
317.88 211.04 380.09 212.20 379.67 234.65 317.46 233.49 vehicle 0 0.987650 votes=3
310.57 270.40 315.44 327.34 289.62 329.54 284.76 272.60 ship 0 0.983650 votes=3
689.77 289.95 720.82 312.56 711.58 325.25 680.53 302.64 ship 0 0.983087 votes=3
273.69 382.20 293.48 406.76 283.92 414.47 264.13 389.90 vehicle 0 0.982115 votes=3
67.68 608.49 113.88 607.97 114.05 622.89 67.85 623.41 ship 0 0.973650 votes=3
561.30 51.96 563.25 113.03 536.24 113.90 534.28 52.83 ship 0 0.972304 votes=3
183.46 329.91 183.54 373.61 165.76 373.64 165.68 329.94 ship 0 0.972167 votes=3
435.83 104.26 469.70 103.63 469.92 115.59 436.05 116.22 vehicle 0 0.970506 votes=3
435.53 137.94 479.45 193.16 460.35 208.36 416.42 153.13 ship 0 0.968716 votes=3
42.62 266.83 217.53 268.82 216.40 367.90 41.50 365.91 harbor 0 0.967531 votes=3
571.98 327.68 579.30 650.10 464.98 652.70 457.66 330.27 harbor 0 0.958224 votes=3
277.58 514.46 279.45 544.82 264.37 545.74 262.50 515.39 vehicle 0 0.956555 votes=3
40.04 51.44 211.72 53.16 210.59 165.36 38.92 163.64 harbor 0 0.956123 votes=3
243.59 453.33 243.83 494.91 227.18 495.00 226.94 453.42 ship 0 0.946258 votes=3
96.37 325.06 96.62 383.35 71.10 383.46 70.86 325.17 ship 0 0.933643 votes=3
88.09 627.80 124.28 626.55 124.71 639.11 88.53 640.36 ship 0 0.932710 votes=3
758.54 557.92 760.92 511.45 783.25 512.60 780.87 559.07 ship 0 0.892141 votes=3
78.64 593.53 127.91 591.87 128.44 607.88 79.17 609.53 ship 0 0.816387 votes=3
328.13 80.26 380.33 115.81 367.22 135.06 315.02 99.52 ship 0 0.733811 votes=2
242.18 368.39 242.41 397.77 227.64 397.88 227.41 368.51 vehicle 0 0.718475 votes=3
