536.75 188.68 539.57 112.47 567.22 113.49 564.40 189.71 ship 0 0.999678 votes=3
509.00 465.16 565.96 465.42 565.89 482.22 508.93 481.97 ship 0 0.999622 votes=3
108.39 445.75 128.08 408.39 140.98 415.19 121.28 452.55 ship 0 0.999490 votes=3
499.78 484.07 565.51 488.85 563.99 509.74 498.26 504.96 ship 0 0.999350 votes=3
507.54 330.83 569.45 331.68 569.15 353.43 507.25 352.58 ship 0 0.999341 votes=3
569.25 192.12 572.57 117.53 595.43 118.55 592.11 193.14 ship 0 0.999318 votes=3
514.09 305.41 571.84 307.18 571.18 328.56 513.43 326.78 ship 0 0.999228 votes=3
523.81 255.84 578.32 257.61 577.75 275.15 523.24 273.38 ship 0 0.999209 votes=3
510.56 199.16 578.46 201.26 577.70 225.70 509.80 223.59 ship 0 0.998843 votes=3
505.83 382.99 569.62 383.84 569.35 403.49 505.56 402.63 ship 0 0.998779 votes=3
506.47 514.45 562.05 515.23 561.79 534.02 506.21 533.25 ship 0 0.998740 votes=3
502.55 537.52 559.82 538.01 559.64 559.87 502.36 559.39 ship 0 0.998726 votes=3
520.28 281.12 578.02 281.44 577.92 300.07 520.17 299.75 ship 0 0.998684 votes=3
511.29 436.33 566.64 437.95 566.08 456.83 510.74 455.21 ship 0 0.998628 votes=3
596.47 194.16 599.74 108.44 629.02 109.55 625.76 195.28 ship 0 0.998594 votes=3
592.77 229.98 644.67 230.42 644.50 250.56 592.60 250.12 ship 0 0.998489 votes=3
506.27 636.26 557.15 637.07 556.85 655.99 505.97 655.18 ship 0 0.998103 votes=3
513.07 358.25 572.98 358.32 572.95 377.22 513.05 377.15 ship 0 0.998092 votes=3
585.30 411.70 632.34 412.27 632.12 430.59 585.08 430.02 ship 0 0.997988 votes=3
572.40 612.29 605.07 612.90 604.82 626.30 572.15 625.69 ship 0 0.997921 votes=3
514.56 567.83 560.77 569.31 560.24 586.20 514.03 584.72 ship 0 0.997484 votes=3
523.72 662.33 555.80 662.62 555.69 674.89 523.60 674.60 ship 0 0.997038 votes=3
522.79 684.57 557.70 684.88 557.58 698.01 522.67 697.70 ship 0 0.997000 votes=3
493.58 191.80 498.48 128.40 531.88 130.97 526.98 194.38 ship 0 0.996645 votes=3
591.47 300.88 637.00 302.99 636.24 319.39 590.71 317.27 ship 0 0.996631 votes=3
586.25 346.57 631.53 347.46 631.23 362.32 585.96 361.42 ship 0 0.996445 votes=3
507.88 594.42 556.60 594.42 556.60 611.82 507.88 611.82 ship 0 0.996317 votes=3
588.19 323.35 634.61 324.23 634.29 341.32 587.87 340.44 ship 0 0.996166 votes=3
572.65 631.49 604.48 632.90 603.93 645.33 572.10 643.92 ship 0 0.995949 votes=3
591.38 279.61 636.17 279.72 636.13 295.09 591.34 294.98 ship 0 0.995637 votes=3
581.38 454.67 619.65 454.75 619.62 468.64 581.36 468.56 ship 0 0.995434 votes=3
580.82 474.28 618.71 474.20 618.74 488.59 580.85 488.67 ship 0 0.995354 votes=3
580.10 494.20 615.83 494.68 615.65 507.94 579.92 507.46 ship 0 0.995343 votes=3
504.30 619.71 557.60 619.84 557.56 635.87 504.27 635.74 ship 0 0.994158 votes=3
527.23 227.18 580.45 231.09 579.07 249.79 525.86 245.88 ship 0 0.993466 votes=3
595.50 204.63 640.97 206.03 640.47 222.39 595.00 220.99 ship 0 0.993457 votes=3
595.89 254.11 636.21 259.01 634.38 274.11 594.06 269.21 ship 0 0.993280 votes=3
518.95 703.95 557.43 703.42 557.62 716.91 519.14 717.44 ship 0 0.990479 votes=3
570.62 650.13 603.48 650.96 603.17 663.59 570.31 662.77 ship 0 0.990407 votes=3
587.57 389.38 630.79 391.65 629.91 408.34 586.69 406.07 ship 0 0.983582 votes=3
586.86 369.57 627.12 369.62 627.10 385.80 586.84 385.75 ship 0 0.978753 votes=3
506.67 731.77 516.89 153.67 632.56 155.71 622.34 733.82 harbor 0 0.959777 votes=3
