273.80 160.46 273.93 198.10 260.91 198.15 260.78 160.50 ship 0 0.998840 votes=3
200.95 239.16 201.02 208.51 211.95 208.53 211.89 239.18 ship 0 0.998766 votes=3
364.07 195.02 368.08 151.05 383.72 152.47 379.71 196.45 ship 0 0.998643 votes=3
369.51 206.25 369.82 238.25 358.89 238.35 358.59 206.35 ship 0 0.998506 votes=3
547.91 206.03 548.82 240.13 536.57 240.46 535.66 206.36 ship 0 0.998445 votes=3
391.61 207.07 391.74 240.53 379.03 240.59 378.89 207.13 ship 0 0.998306 votes=3
66.72 198.08 68.06 162.12 80.61 162.59 79.27 198.55 ship 0 0.997986 votes=3
575.58 240.06 575.77 205.10 588.02 205.16 587.83 240.13 ship 0 0.997943 votes=3
562.17 204.96 562.60 236.41 551.21 236.57 550.78 205.12 ship 0 0.997718 votes=3
611.74 157.57 612.47 193.69 598.58 193.98 597.84 157.85 ship 0 0.997640 votes=3
510.71 236.62 510.77 206.29 521.86 206.32 521.80 236.65 ship 0 0.997580 votes=3
502.27 193.63 502.29 160.45 514.66 160.45 514.64 193.64 ship 0 0.997559 votes=3
245.82 209.37 245.86 241.17 234.61 241.18 234.57 209.39 ship 0 0.997534 votes=3
478.11 208.24 480.04 252.75 464.59 253.43 462.65 208.91 ship 0 0.997532 votes=3
214.89 528.68 215.62 556.28 205.84 556.54 205.12 528.93 ship 0 0.997381 votes=3
331.97 553.32 332.02 523.89 342.23 523.90 342.19 553.34 ship 0 0.997330 votes=3
467.12 155.75 467.42 195.49 453.29 195.60 452.99 155.86 ship 0 0.997122 votes=3
433.37 195.11 433.50 148.80 449.50 148.84 449.37 195.15 ship 0 0.997048 votes=3
114.18 207.88 114.23 240.61 103.05 240.63 103.00 207.90 ship 0 0.997029 votes=3
231.26 209.12 231.44 246.67 217.81 246.74 217.63 209.19 ship 0 0.996944 votes=3
484.67 197.54 485.03 156.09 498.59 156.20 498.22 197.66 ship 0 0.996820 votes=3
250.13 527.32 250.34 556.10 240.92 556.17 240.71 527.38 ship 0 0.996757 votes=3
98.60 209.20 98.63 239.27 87.65 239.28 87.62 209.21 ship 0 0.996720 votes=3
446.88 403.94 472.92 403.94 472.92 414.19 446.88 414.19 ship 0 0.996519 votes=3
339.88 426.61 339.90 401.98 349.89 401.99 349.87 426.62 ship 0 0.996506 votes=3
181.58 209.58 181.71 241.21 169.33 241.26 169.20 209.63 ship 0 0.996496 votes=3
246.28 491.40 248.28 516.76 238.22 517.56 236.22 492.19 ship 0 0.996068 votes=3
318.27 208.95 319.45 242.07 306.06 242.55 304.88 209.43 ship 0 0.996026 votes=3
114.41 199.18 114.99 165.92 126.87 166.13 126.29 199.38 ship 0 0.995980 votes=3
436.24 521.24 436.61 552.00 424.64 552.15 424.27 521.39 ship 0 0.995852 votes=3
334.83 153.89 335.10 191.02 320.70 191.13 320.43 153.99 ship 0 0.995547 votes=3
290.04 489.41 290.91 515.50 281.35 515.81 280.48 489.73 ship 0 0.995095 votes=3
84.42 198.00 85.41 167.20 96.71 167.57 95.71 198.36 ship 0 0.994667 votes=3
157.82 405.54 158.04 431.07 149.47 431.14 149.25 405.61 ship 0 0.994384 votes=3
382.73 366.01 382.90 389.95 372.65 390.02 372.49 366.09 ship 0 0.993072 votes=3
64.09 158.21 64.42 198.67 51.00 198.78 50.67 158.32 ship 0 0.992643 votes=3
302.04 489.98 303.29 516.54 293.03 517.02 291.78 490.46 ship 0 0.992190 votes=3
145.75 406.06 145.99 430.33 136.55 430.42 136.32 406.15 ship 0 0.991747 votes=3
729.44 630.41 757.88 634.48 756.44 644.56 728.00 640.49 ship 0 0.990587 votes=3
381.30 546.67 381.34 523.22 390.55 523.24 390.52 546.69 ship 0 0.989789 votes=3
345.88 208.09 347.03 239.01 335.86 239.42 334.71 208.51 ship 0 0.989246 votes=3
192.02 404.31 192.13 430.28 182.37 430.32 182.27 404.35 ship 0 0.989241 votes=3
313.68 487.27 314.73 515.44 305.63 515.78 304.58 487.61 ship 0 0.987602 votes=3
306.17 390.83 306.33 366.62 315.64 366.68 315.48 390.89 ship 0 0.987161 votes=3
631.02 538.66 642.10 524.86 648.40 529.93 637.33 543.72 vehicle 0 0.986912 votes=3
194.76 161.67 195.32 196.18 181.50 196.41 180.94 161.89 ship 0 0.985910 votes=3
440.13 382.62 461.71 382.03 461.98 391.67 440.39 392.26 ship 0 0.985389 votes=3
243.68 198.05 243.75 165.63 255.78 165.66 255.70 198.08 ship 0 0.985370 votes=3
408.16 424.60 408.16 401.16 417.87 401.16 417.86 424.60 ship 0 0.981929 votes=3
336.30 369.57 336.41 391.86 326.76 391.91 326.66 369.62 ship 0 0.981765 votes=3
456.35 21.35 466.14 -2.18 475.80 1.83 466.01 25.37 ship 0 0.974407 votes=3
237.39 527.59 237.74 551.15 229.75 551.27 229.39 527.71 ship 0 0.972977 votes=3
217.92 556.61 218.01 529.64 226.76 529.67 226.66 556.64 ship 0 0.970990 votes=3
168.35 518.08 168.40 497.62 177.89 497.64 177.84 518.10 ship 0 0.961000 votes=3
180.10 529.82 180.26 547.69 171.64 547.77 171.48 529.90 ship 0 0.957073 votes=3
307.87 526.00 308.28 544.75 299.32 544.94 298.91 526.20 ship 0 0.952460 votes=3
228.88 368.22 228.92 392.45 218.04 392.47 217.99 368.24 ship 0 0.946811 votes=3
316.32 402.43 318.07 422.40 309.81 423.13 308.06 403.15 ship 0 0.941541 votes=3
645.61 0.95 655.42 23.71 646.57 27.52 636.76 4.77 vehicle 0 0.921281 votes=3
453.40 505.12 476.82 502.09 477.88 510.24 454.46 513.27 ship 0 0.907118 votes=3
50.77 156.50 642.10 154.66 642.37 243.48 51.05 245.32 harbor 0 0.880213 votes=3
737.67 500.33 765.97 500.46 765.92 509.79 737.63 509.66 vehicle 0 0.868096 votes=3
345.83 495.45 345.95 514.78 337.16 514.84 337.04 495.50 ship 0 0.864161 votes=3
680.68 658.24 683.06 785.65 666.59 785.96 664.21 658.55 harbor 0 0.846252 votes=3
100.83 499.30 496.07 485.22 498.14 543.13 102.90 557.22 harbor 0 0.767419 votes=3
