688.93 391.49 713.77 315.36 734.78 322.21 709.93 398.35 ship 0 0.999629 votes=3
541.06 669.68 563.66 606.31 585.74 614.19 563.15 677.56 ship 0 0.999599 votes=3
258.77 230.49 274.73 176.44 295.34 182.52 279.38 236.58 ship 0 0.999598 votes=3
158.56 528.06 181.91 473.18 199.24 480.55 175.89 535.43 ship 0 0.999592 votes=3
551.29 341.75 580.36 268.86 604.59 278.53 575.52 351.41 ship 0 0.999586 votes=3
58.59 496.83 87.14 428.44 110.13 438.04 81.58 506.43 ship 0 0.999530 votes=3
423.74 628.51 442.01 565.90 463.36 572.12 445.09 634.74 ship 0 0.999529 votes=3
359.44 360.38 381.05 304.64 400.19 312.06 378.59 367.80 ship 0 0.999521 votes=3
390.95 279.87 413.72 219.01 432.66 226.10 409.89 286.96 ship 0 0.999517 votes=3
319.54 351.07 344.91 294.42 364.39 303.14 339.02 359.79 ship 0 0.999491 votes=3
579.88 455.94 608.40 386.20 630.27 395.14 601.75 464.88 ship 0 0.999464 votes=3
428.44 385.14 446.20 330.44 465.41 336.68 447.66 391.38 ship 0 0.999450 votes=3
308.60 579.57 327.58 530.47 345.77 537.50 326.80 586.60 ship 0 0.999448 votes=3
569.34 681.89 594.33 620.45 614.78 628.76 589.79 690.21 ship 0 0.999441 votes=3
480.16 740.06 496.73 674.20 518.15 679.60 501.59 745.45 ship 0 0.999412 votes=3
230.83 313.90 249.78 251.48 269.74 257.54 250.79 319.97 ship 0 0.999403 votes=3
279.05 574.70 291.55 523.73 308.69 527.93 296.18 578.90 ship 0 0.999396 votes=3
459.86 399.91 478.15 337.17 501.09 343.86 482.80 406.60 ship 0 0.999391 votes=3
293.49 341.39 313.20 283.69 333.06 290.47 313.35 348.18 ship 0 0.999391 votes=3
261.50 316.48 276.29 265.08 294.37 270.29 279.58 321.69 ship 0 0.999377 votes=3
155.10 196.03 171.76 141.14 191.55 147.15 174.88 202.04 ship 0 0.999369 votes=3
520.91 426.51 543.71 360.28 561.51 366.40 538.71 432.64 ship 0 0.999368 votes=3
420.18 287.91 439.13 231.98 458.27 238.47 439.32 294.40 ship 0 0.999346 votes=3
323.92 255.18 345.59 200.24 366.52 208.50 344.85 263.43 ship 0 0.999329 votes=3
215.80 554.30 235.54 499.05 253.59 505.50 233.85 560.75 ship 0 0.999253 votes=3
194.21 293.66 211.14 238.64 231.23 244.82 214.31 299.84 ship 0 0.999222 votes=3
127.33 177.11 139.09 120.26 157.65 124.10 145.89 180.95 ship 0 0.999219 votes=3
365.18 608.96 382.36 559.62 401.22 566.18 384.04 615.53 ship 0 0.999212 votes=3
617.76 469.65 640.61 393.45 665.80 401.00 642.95 477.21 ship 0 0.999207 votes=3
390.71 617.89 410.28 559.13 430.13 565.74 410.56 624.50 ship 0 0.999174 votes=3
396.07 700.55 415.85 647.23 433.70 653.85 413.92 707.17 ship 0 0.999139 votes=3
457.29 304.41 476.60 251.37 495.38 258.21 476.07 311.25 ship 0 0.999136 votes=3
192.29 213.61 210.49 154.16 230.38 160.25 212.17 219.70 ship 0 0.999123 votes=3
219.60 642.11 239.61 584.07 259.34 590.87 239.33 648.91 ship 0 0.999093 votes=3
453.53 726.08 471.40 666.74 493.04 673.26 475.16 732.59 ship 0 0.999065 votes=3
131.39 600.20 149.35 547.06 168.93 553.68 150.97 606.82 ship 0 0.999046 votes=3
189.27 543.65 210.45 487.63 229.57 494.86 208.39 550.88 ship 0 0.999024 votes=3
331.11 597.05 349.66 539.68 370.26 546.34 351.71 603.71 ship 0 0.999007 votes=3
187.33 623.51 214.49 569.43 234.87 579.66 207.71 633.74 ship 0 0.998976 votes=3
283.72 653.05 299.15 609.50 317.47 615.99 302.03 659.54 ship 0 0.998971 votes=3
249.98 563.80 265.41 510.19 284.60 515.71 269.16 569.32 ship 0 0.998942 votes=3
285.24 241.10 308.25 191.04 326.19 199.29 303.18 249.35 ship 0 0.998925 votes=3
452.39 636.53 470.31 579.19 488.18 584.78 470.26 642.12 ship 0 0.998916 votes=3
489.34 418.48 511.36 350.57 533.48 357.74 511.47 425.65 ship 0 0.998784 votes=3
541.26 756.75 567.20 696.67 588.18 705.73 562.24 765.81 ship 0 0.998738 votes=3
134.56 520.56 153.37 459.35 173.47 465.53 154.66 526.74 ship 0 0.998673 votes=3
509.38 754.57 535.99 690.66 555.56 698.81 528.95 762.72 ship 0 0.998612 votes=3
304.41 662.13 326.70 611.98 343.87 619.61 321.58 669.76 ship 0 0.998595 votes=3
364.26 686.04 384.26 635.26 402.48 642.44 382.47 693.21 ship 0 0.998521 votes=3
155.48 297.23 185.83 226.00 207.49 235.22 177.14 306.45 ship 0 0.998517 votes=3
165.90 613.96 182.32 561.57 200.96 567.41 184.54 619.80 ship 0 0.998442 votes=3
112.78 583.68 124.94 540.09 140.90 544.54 128.74 588.13 ship 0 0.998348 votes=3
33.96 578.08 50.54 525.04 71.30 531.53 54.72 584.57 ship 0 0.998322 votes=3
508.15 658.44 528.95 600.29 547.97 607.09 527.17 665.25 ship 0 0.998195 votes=3
680.78 492.19 698.30 430.95 717.94 436.57 700.43 497.81 ship 0 0.998117 votes=3
64.63 602.54 88.53 533.93 113.56 542.65 89.66 611.26 ship 0 0.998110 votes=3
569.46 767.08 593.82 707.67 617.94 717.56 593.57 776.97 ship 0 0.997943 votes=3
485.93 651.89 500.20 605.90 515.90 610.77 501.63 656.76 ship 0 0.997894 votes=3
559.92 425.84 579.38 373.47 599.02 380.77 579.57 433.14 ship 0 0.997750 votes=3
223.41 213.83 241.11 162.18 259.04 168.32 241.33 219.97 ship 0 0.997723 votes=3
599.80 793.79 627.53 725.87 650.21 735.13 622.48 803.05 ship 0 0.997678 votes=3
525.10 327.50 545.10 268.19 565.16 274.95 545.15 334.27 ship 0 0.997651 votes=3
422.80 703.58 442.43 658.70 457.80 665.43 438.17 710.30 ship 0 0.997292 votes=3
639.40 708.30 659.02 634.93 682.98 641.34 663.35 714.70 ship 0 0.997283 votes=3
340.54 673.81 361.05 626.96 377.70 634.25 357.20 681.10 ship 0 0.996988 votes=3
390.05 368.00 412.78 312.65 429.57 319.55 406.85 374.89 ship 0 0.996763 votes=3
651.81 481.45 675.99 412.16 696.71 419.39 672.54 488.68 ship 0 0.995725 votes=3
354.73 264.61 377.62 210.81 395.44 218.39 372.55 272.19 ship 0 0.991436 votes=3
119.92 284.50 149.26 214.97 167.48 222.66 138.14 292.18 ship 0 0.989178 votes=3
170.68 122.81 777.13 338.80 718.96 502.13 112.51 286.14 harbor 0 0.986182 votes=3
103.49 435.01 705.04 652.51 652.10 798.93 50.55 581.43 harbor 0 0.980762 votes=3
