456.33 516.84 558.98 459.61 615.30 560.61 512.64 617.84 baseballfield 0 0.999702 votes=3
128.80 703.21 178.35 559.10 321.62 608.37 272.07 752.48 baseballfield 0 0.999698 votes=3
94.44 231.17 102.00 219.87 106.61 222.96 99.05 234.26 vehicle 0 0.970986 votes=3
52.69 73.86 71.05 82.04 68.35 88.08 50.00 79.91 vehicle 0 0.970444 votes=3
768.61 176.97 778.17 190.31 773.17 193.89 763.61 180.56 vehicle 0 0.968089 votes=3
92.25 98.58 97.88 110.59 92.50 113.11 86.87 101.11 vehicle 0 0.955193 votes=3
580.98 129.37 581.34 147.38 574.53 147.52 574.17 129.51 vehicle 0 0.945520 votes=3
643.13 178.15 659.90 176.89 660.38 183.28 643.61 184.54 vehicle 0 0.852318 votes=3
516.97 183.63 531.51 182.26 532.01 187.57 517.47 188.94 vehicle 0 0.827667 votes=3
78.12 104.56 84.08 116.64 79.17 119.06 73.21 106.99 vehicle 0 0.817716 votes=3
416.86 110.74 430.47 110.44 430.60 116.53 417.00 116.83 vehicle 0 0.806913 votes=2
597.23 156.16 598.30 128.29 605.55 128.57 604.49 156.44 vehicle 0 0.657526 votes=2
