401.83 680.32 412.40 522.37 486.93 527.36 476.36 685.31 tenniscourt 0 0.999445 votes=3
207.42 669.56 217.39 510.01 294.07 514.80 284.10 674.36 tenniscourt 0 0.999437 votes=3
306.36 674.05 316.82 515.86 391.36 520.78 380.91 678.97 tenniscourt 0 0.999407 votes=3
111.14 663.47 122.55 503.93 197.55 509.29 186.14 668.83 tenniscourt 0 0.999405 votes=3
496.99 687.69 508.60 528.00 582.64 533.38 571.04 693.07 tenniscourt 0 0.999367 votes=3
14.45 657.35 24.58 498.15 100.60 502.99 90.46 662.19 tenniscourt 0 0.999321 votes=3
349.34 291.10 353.02 201.45 394.49 203.15 390.81 292.80 tenniscourt 0 0.999219 votes=3
190.67 281.24 195.87 192.50 236.30 194.87 231.10 283.61 tenniscourt 0 0.999186 votes=3
185.06 377.86 190.54 289.96 231.60 292.53 226.11 380.42 tenniscourt 0 0.999185 votes=3
296.27 288.93 301.27 200.35 343.64 202.74 338.64 291.32 tenniscourt 0 0.999087 votes=3
343.62 385.66 349.45 298.44 390.17 301.16 384.35 388.38 tenniscourt 0 0.999041 votes=3
242.67 286.03 247.48 196.78 289.98 199.07 285.18 288.32 tenniscourt 0 0.998978 votes=3
238.27 379.55 243.09 293.26 284.58 295.58 279.76 381.87 tenniscourt 0 0.998926 votes=3
291.03 383.02 295.90 295.26 338.42 297.62 333.56 385.38 tenniscourt 0 0.998710 votes=3
140.17 277.21 144.84 190.93 183.73 193.04 179.05 279.32 tenniscourt 0 0.998518 votes=3
395.30 388.74 400.14 300.80 440.82 303.04 435.98 390.98 tenniscourt 0 0.998098 votes=3
133.65 375.53 139.81 287.23 178.57 289.94 172.41 378.23 tenniscourt 0 0.995723 votes=3
402.26 292.04 403.93 205.98 444.35 206.77 442.68 292.83 tenniscourt 0 0.985077 votes=3
518.13 130.48 543.13 130.17 543.31 144.70 518.31 145.01 vehicle 0 0.759689 votes=3
