161.82 465.23 167.70 412.42 186.25 414.48 180.37 467.29 ship 0 0.999486 votes=3
479.31 211.35 482.73 152.74 500.90 153.81 497.48 212.41 ship 0 0.999379 votes=3
198.66 471.22 200.63 421.41 217.80 422.09 215.82 471.90 ship 0 0.999338 votes=3
223.73 351.59 230.33 300.25 248.74 302.62 242.15 353.95 ship 0 0.999317 votes=3
665.69 388.04 678.33 295.91 703.92 299.43 691.28 391.55 ship 0 0.999288 votes=3
492.87 686.93 495.15 638.73 512.37 639.55 510.09 687.74 ship 0 0.999287 votes=3
130.93 526.72 136.80 476.40 154.26 478.44 148.40 528.75 ship 0 0.999287 votes=3
325.67 547.71 332.21 500.50 348.97 502.83 342.44 550.03 ship 0 0.999238 votes=3
389.86 491.40 395.97 448.75 412.62 451.14 406.51 493.78 ship 0 0.999220 votes=3
563.22 329.00 564.01 281.38 581.40 281.67 580.61 329.29 ship 0 0.999185 votes=3
301.62 361.36 303.77 308.93 321.65 309.67 319.50 362.09 ship 0 0.999018 votes=3
560.61 510.74 566.42 467.09 580.90 469.02 575.09 512.67 ship 0 0.998998 votes=3
413.63 495.78 414.25 449.87 431.03 450.10 430.40 496.01 ship 0 0.998969 votes=3
616.88 396.67 621.00 347.91 639.23 349.45 635.10 398.21 ship 0 0.998966 votes=3
247.95 353.50 252.43 306.22 269.93 307.88 265.45 355.16 ship 0 0.998929 votes=3
592.52 578.45 599.26 528.81 616.55 531.16 609.81 580.80 ship 0 0.998926 votes=3
579.23 206.23 579.45 159.05 594.53 159.12 594.32 206.30 ship 0 0.998888 votes=3
420.46 192.67 428.21 146.63 443.41 149.19 435.66 195.23 ship 0 0.998880 votes=3
614.69 576.95 622.82 534.34 640.72 537.76 632.59 580.37 ship 0 0.998866 votes=3
442.05 376.33 450.20 326.53 468.97 329.60 460.82 379.40 ship 0 0.998837 votes=3
303.26 544.52 303.72 495.71 320.88 495.87 320.43 544.68 ship 0 0.998827 votes=3
186.59 284.99 187.60 242.37 205.37 242.79 204.36 285.41 ship 0 0.998826 votes=3
190.24 167.36 195.22 115.91 211.62 117.50 206.63 168.94 ship 0 0.998790 votes=3
449.06 560.38 452.92 513.09 469.42 514.43 465.57 561.72 ship 0 0.998739 votes=3
572.91 709.49 573.44 754.25 556.47 754.45 555.94 709.70 ship 0 0.998735 votes=3
295.51 730.25 300.00 680.85 317.95 682.48 313.47 731.88 ship 0 0.998734 votes=3
474.28 563.32 475.74 516.63 494.38 517.22 492.92 563.90 ship 0 0.998729 votes=3
122.57 706.29 129.17 661.94 146.55 664.53 139.96 708.88 ship 0 0.998717 votes=3
434.11 497.08 436.22 451.30 452.19 452.04 450.08 497.82 ship 0 0.998681 votes=3
364.98 675.64 367.74 624.26 384.26 625.15 381.50 676.53 ship 0 0.998647 votes=3
153.12 524.42 159.30 479.20 176.90 481.61 170.71 526.83 ship 0 0.998640 votes=3
599.91 763.24 603.77 714.93 622.59 716.43 618.73 764.74 ship 0 0.998634 votes=3
175.37 710.85 180.74 666.03 197.47 668.03 192.10 712.86 ship 0 0.998531 votes=3
650.28 546.59 718.58 550.97 717.15 573.31 648.85 568.94 ship 0 0.998524 votes=3
541.79 509.83 543.24 467.11 558.66 467.63 557.20 510.36 ship 0 0.998504 votes=3
567.20 386.90 571.42 341.29 588.40 342.85 584.19 388.47 ship 0 0.998485 votes=3
479.90 752.50 483.84 699.69 502.58 701.08 498.65 753.89 ship 0 0.998471 votes=3
656.46 483.35 719.56 486.82 718.46 506.86 655.35 503.39 ship 0 0.998453 votes=3
279.42 662.36 283.27 618.00 297.87 619.27 294.02 663.63 ship 0 0.998452 votes=3
299.74 668.72 302.76 625.00 319.79 626.18 316.77 669.89 ship 0 0.998446 votes=3
347.15 302.38 350.65 260.69 367.83 262.13 364.32 303.82 ship 0 0.998444 votes=3
540.80 384.82 546.95 338.45 564.22 340.73 558.07 387.11 ship 0 0.998435 votes=3
193.32 653.70 194.43 608.39 211.25 608.80 210.14 654.11 ship 0 0.998419 votes=3
674.35 768.15 679.97 721.67 697.52 723.79 691.91 770.27 ship 0 0.998396 votes=3
652.21 765.86 652.96 719.59 671.42 719.89 670.67 766.16 ship 0 0.998374 votes=3
222.53 722.85 228.89 671.82 247.42 674.13 241.06 725.16 ship 0 0.998372 votes=3
539.84 325.63 542.62 278.52 559.42 279.51 556.64 326.62 ship 0 0.998364 votes=3
348.78 365.03 351.30 318.45 370.23 319.48 367.71 366.05 ship 0 0.998356 votes=3
568.26 573.37 573.80 523.89 592.12 525.94 586.59 575.42 ship 0 0.998339 votes=3
536.60 690.76 537.89 646.96 553.59 647.42 552.30 691.22 ship 0 0.998322 votes=3
200.07 346.97 206.72 297.20 223.74 299.47 217.09 349.24 ship 0 0.998249 votes=3
148.70 709.70 152.16 663.07 169.51 664.36 166.05 710.99 ship 0 0.998204 votes=3
592.80 396.65 596.10 344.38 615.09 345.58 611.79 397.85 ship 0 0.998174 votes=3
555.64 156.43 555.67 196.43 540.89 196.44 540.86 156.45 ship 0 0.998154 votes=3
604.41 517.24 609.51 468.57 625.01 470.19 619.91 518.87 ship 0 0.998146 votes=3
180.53 531.64 183.15 481.88 201.28 482.84 198.66 532.59 ship 0 0.998123 votes=3
200.61 715.77 204.68 669.05 221.81 670.54 217.74 717.27 ship 0 0.998121 votes=3
643.64 702.26 645.43 657.70 662.10 658.37 660.30 702.93 ship 0 0.998112 votes=3
377.64 549.12 380.44 504.95 399.01 506.13 396.21 550.29 ship 0 0.998071 votes=3
585.52 328.88 585.52 285.96 601.43 285.96 601.42 328.88 ship 0 0.998014 votes=3
266.26 174.56 273.65 129.41 288.81 131.89 281.43 177.04 ship 0 0.997997 votes=3
422.32 371.05 424.11 323.21 442.23 323.89 440.45 371.72 ship 0 0.997949 votes=3
451.14 269.10 451.38 312.79 434.85 312.88 434.60 269.20 ship 0 0.997941 votes=3
367.88 736.84 373.45 686.64 389.40 688.42 383.82 738.61 ship 0 0.997941 votes=3
382.66 183.84 388.96 148.99 402.54 151.44 396.24 186.30 ship 0 0.997871 votes=3
430.56 739.53 438.65 694.27 455.09 697.21 447.00 742.47 ship 0 0.997869 votes=3
495.42 378.37 497.64 333.75 513.91 334.56 511.70 379.18 ship 0 0.997809 votes=3
249.54 722.70 254.04 673.61 272.93 675.34 268.42 724.43 ship 0 0.997582 votes=3
578.59 696.11 582.00 651.23 599.00 652.52 595.58 697.41 ship 0 0.997515 votes=3
283.47 480.41 288.07 437.40 302.62 438.95 298.02 481.97 ship 0 0.997502 votes=3
217.97 287.71 219.66 244.23 236.69 244.89 235.01 288.37 ship 0 0.997490 votes=3
373.79 367.51 375.28 321.61 394.19 322.22 392.71 368.12 ship 0 0.997471 votes=3
385.18 676.53 389.59 634.64 405.46 636.31 401.05 678.20 ship 0 0.997426 votes=3
325.20 360.78 328.20 310.85 346.60 311.96 343.60 361.89 ship 0 0.997425 votes=3
597.62 699.14 605.33 651.32 620.79 653.82 613.08 701.63 ship 0 0.997415 votes=3
369.02 482.91 374.38 445.41 388.50 447.43 383.15 484.93 ship 0 0.997389 votes=3
578.50 755.91 583.50 711.53 600.17 713.41 595.18 757.79 ship 0 0.997364 votes=3
402.11 556.88 403.75 512.73 419.73 513.32 418.09 557.47 ship 0 0.997343 votes=3
407.39 679.84 412.09 633.92 428.08 635.56 423.38 681.48 ship 0 0.997310 votes=3
239.20 290.36 245.49 242.33 261.07 244.37 254.77 292.40 ship 0 0.997290 votes=3
347.87 553.05 355.25 501.05 372.77 503.54 365.39 555.54 ship 0 0.997267 votes=3
157.92 282.47 163.12 238.17 180.96 240.26 175.76 284.57 ship 0 0.997259 votes=3
452.59 683.81 454.71 644.94 469.06 645.73 466.94 684.60 ship 0 0.997242 votes=3
257.10 292.42 265.37 244.74 281.78 247.59 273.51 295.27 ship 0 0.997236 votes=3
426.65 560.00 427.76 511.78 445.00 512.18 443.89 560.40 ship 0 0.997163 votes=3
154.34 349.23 156.05 297.21 174.11 297.81 172.40 349.82 ship 0 0.997142 votes=3
704.27 713.00 710.27 668.21 727.46 670.51 721.46 715.30 ship 0 0.997096 votes=3
499.68 564.97 500.39 519.96 516.48 520.22 515.77 565.22 ship 0 0.997078 votes=3
398.15 369.54 399.45 322.57 417.63 323.08 416.33 370.04 ship 0 0.997070 votes=3
684.48 709.72 689.42 664.79 706.33 666.65 701.39 711.57 ship 0 0.996995 votes=3
626.72 764.34 628.90 716.16 646.80 716.97 644.62 765.15 ship 0 0.996965 votes=3
345.11 734.54 348.71 684.13 366.02 685.36 362.42 735.78 ship 0 0.996948 votes=3
453.66 739.96 460.42 697.70 475.63 700.13 468.87 742.39 ship 0 0.996907 votes=3
325.74 300.33 330.43 251.14 347.42 252.76 342.72 301.95 ship 0 0.996857 votes=3
287.81 166.58 291.30 131.36 304.07 132.62 300.58 167.85 ship 0 0.996819 votes=3
502.97 206.04 504.34 154.11 518.99 154.49 517.61 206.43 ship 0 0.996783 votes=3
522.28 320.30 524.98 281.95 539.18 282.95 536.48 321.29 ship 0 0.996760 votes=3
506.77 749.73 508.71 703.78 528.00 704.60 526.07 750.54 ship 0 0.996730 votes=3
321.06 728.82 329.06 684.08 344.88 686.91 336.88 731.65 ship 0 0.996699 votes=3
435.52 199.15 447.87 142.41 463.64 145.84 451.29 202.58 ship 0 0.996696 votes=3
476.13 501.86 479.96 457.76 494.80 459.05 490.97 503.15 ship 0 0.996582 votes=3
257.46 659.76 260.56 620.30 276.80 621.57 273.70 661.04 ship 0 0.996561 votes=3
277.52 362.37 279.96 308.65 297.98 309.47 295.54 363.19 ship 0 0.996468 votes=3
283.38 293.01 287.04 249.07 301.71 250.30 298.06 294.23 ship 0 0.996362 votes=3
456.21 500.55 457.18 453.75 473.20 454.08 472.23 500.88 ship 0 0.996340 votes=3
496.08 502.98 502.10 458.05 518.57 460.25 512.56 505.18 ship 0 0.996175 votes=3
518.37 386.43 523.28 334.20 542.20 335.98 537.29 388.21 ship 0 0.996115 votes=3
390.28 739.89 397.07 693.40 415.03 696.02 408.24 742.51 ship 0 0.995947 votes=3
622.51 702.31 625.05 655.85 640.90 656.71 638.36 703.18 ship 0 0.995930 votes=3
426.44 679.88 435.79 635.46 453.54 639.20 444.20 683.62 ship 0 0.995922 votes=3
466.46 376.53 474.86 330.72 490.76 333.64 482.36 379.45 ship 0 0.995919 votes=3
231.60 533.13 234.42 490.66 250.03 491.70 247.21 534.17 ship 0 0.995882 votes=3
210.68 154.95 215.81 123.09 229.11 125.23 223.99 157.09 ship 0 0.995879 votes=3
137.78 463.05 146.07 418.48 164.48 421.90 156.18 466.48 ship 0 0.995857 votes=3
342.65 174.68 348.43 136.50 363.04 138.71 357.26 176.89 ship 0 0.995807 votes=3
470.07 684.46 474.18 638.26 490.77 639.74 486.67 685.94 ship 0 0.995805 votes=3
253.44 537.40 259.17 492.77 275.18 494.83 269.45 539.45 ship 0 0.995785 votes=3
275.27 723.41 275.91 678.00 292.39 678.23 291.76 723.64 ship 0 0.995739 votes=3
135.27 647.90 138.44 607.47 154.76 608.75 151.58 649.18 ship 0 0.995682 votes=3
178.44 345.23 182.65 296.98 201.36 298.61 197.15 346.86 ship 0 0.995670 votes=3
627.70 518.28 632.30 475.42 648.47 477.15 643.86 520.01 ship 0 0.995593 votes=3
583.11 514.75 586.75 470.40 602.93 471.74 599.28 516.08 ship 0 0.994766 votes=3
496.32 317.99 502.74 272.41 518.34 274.60 511.91 320.19 ship 0 0.994680 votes=3
513.34 688.92 516.95 644.71 531.65 645.91 528.04 690.13 ship 0 0.994628 votes=3
342.07 670.96 347.77 624.53 365.00 626.64 359.31 673.07 ship 0 0.994578 votes=3
241.16 474.69 246.97 428.48 263.43 430.55 257.62 476.76 ship 0 0.994539 votes=3
357.76 193.86 366.63 139.38 384.94 142.37 376.07 196.84 ship 0 0.994500 votes=3
462.24 185.76 465.14 147.20 479.94 148.32 477.05 186.87 ship 0 0.994134 votes=3
304.83 180.03 311.05 132.66 325.95 134.62 319.73 181.98 ship 0 0.994130 votes=3
261.45 479.34 268.11 433.53 284.15 435.86 277.49 481.67 ship 0 0.994108 votes=3
325.47 483.59 329.97 435.16 349.06 436.93 344.56 485.37 ship 0 0.993680 votes=3
623.92 184.67 696.67 199.15 692.69 219.14 619.95 204.67 ship 0 0.993533 votes=3
479.95 314.65 481.53 277.21 494.57 277.76 492.99 315.20 ship 0 0.993334 votes=3
518.47 202.75 523.34 156.53 537.87 158.06 533.01 204.28 ship 0 0.993303 votes=3
627.98 332.29 630.31 293.49 644.51 294.35 642.17 333.15 ship 0 0.993262 votes=3
454.76 314.40 457.94 266.91 474.19 267.99 471.00 315.49 ship 0 0.993152 votes=3
406.09 178.55 410.23 146.31 422.25 147.85 418.11 180.10 ship 0 0.993047 votes=3
206.60 531.70 211.75 487.61 228.49 489.57 223.34 533.65 ship 0 0.992688 votes=3
346.70 485.32 354.62 439.64 370.41 442.38 362.50 488.06 ship 0 0.992340 votes=3
698.75 773.40 702.71 723.36 721.30 724.83 717.34 774.88 ship 0 0.992271 votes=3
605.35 331.97 605.98 287.49 621.93 287.71 621.31 332.20 ship 0 0.992110 votes=3
277.49 540.73 282.11 493.98 301.08 495.86 296.46 542.61 ship 0 0.992050 votes=3
665.09 706.69 668.75 663.33 684.75 664.68 681.08 708.04 ship 0 0.991627 votes=3
558.85 692.87 559.65 648.83 575.78 649.12 574.98 693.16 ship 0 0.991547 votes=3
646.88 335.48 654.09 292.15 671.32 295.02 664.10 338.35 ship 0 0.991467 votes=3
369.32 303.86 371.33 263.43 386.06 264.17 384.04 304.59 ship 0 0.990856 votes=3
531.44 751.70 533.16 705.48 550.94 706.14 549.22 752.36 ship 0 0.990542 votes=3
236.07 658.92 237.60 616.19 253.86 616.77 252.33 659.50 ship 0 0.990430 votes=3
388.96 306.73 395.59 261.21 411.29 263.49 404.66 309.02 ship 0 0.990086 votes=3
215.59 655.27 217.63 614.69 233.86 615.51 231.82 656.09 ship 0 0.989215 votes=3
324.22 176.64 329.17 131.40 343.54 132.97 338.59 178.21 ship 0 0.988650 votes=3
556.28 204.72 567.57 157.03 581.58 160.34 570.29 208.04 ship 0 0.987854 votes=3
725.26 769.97 735.35 685.56 762.25 688.78 752.15 773.19 ship 0 0.987469 votes=3
642.89 391.10 645.70 349.05 660.04 350.01 657.23 392.06 ship 0 0.987009 votes=3
217.66 475.54 223.30 428.85 239.75 430.83 234.11 477.52 ship 0 0.986184 votes=3
323.43 668.61 323.77 623.39 337.80 623.50 337.46 668.72 ship 0 0.979303 votes=3
121.50 231.13 686.71 293.99 674.60 402.94 109.38 340.08 harbor 0 0.978819 votes=3
85.47 597.72 756.23 667.21 744.93 776.29 74.17 706.80 harbor 0 0.974000 votes=3
110.60 412.86 719.59 480.14 707.43 590.21 98.44 522.93 harbor 0 0.973380 votes=3
141.90 95.48 694.25 162.48 686.60 225.49 134.26 158.49 harbor 0 0.964193 votes=3
411.28 310.57 416.82 267.32 430.80 269.11 425.26 312.36 ship 0 0.954523 votes=3
304.29 483.05 308.51 440.53 323.69 442.04 319.47 484.56 ship 0 0.950630 votes=3
595.84 207.98 605.56 161.83 619.63 164.79 609.91 210.94 ship 0 0.904124 votes=3
125.51 443.93 126.63 422.10 137.21 422.64 136.08 444.47 ship 0 0.901625 votes=3
640.39 167.74 717.92 183.90 714.16 201.93 636.63 185.77 ship 0 0.789186 votes=3
543.54 574.06 547.97 523.99 565.74 525.56 561.31 575.63 ship 0 0.706651 votes=2
167.90 173.26 174.35 118.62 191.25 120.62 184.80 175.26 ship 0 0.670407 votes=2
