320.05 234.24 325.87 446.40 116.68 452.14 110.86 239.98 baseballfield 0 0.999556 votes=3
426.22 646.59 428.97 507.86 494.85 509.17 492.10 647.89 tenniscourt 0 0.999532 votes=3
511.26 647.95 513.94 509.30 576.87 510.51 574.19 649.17 tenniscourt 0 0.998197 votes=3
646.46 532.84 647.88 504.26 658.98 504.81 657.56 533.39 vehicle 0 0.997005 votes=3
293.57 615.27 302.57 639.64 292.26 643.45 283.26 619.08 vehicle 0 0.995543 votes=3
518.17 739.08 545.58 739.18 545.54 750.04 518.13 749.94 vehicle 0 0.994877 votes=3
166.26 601.87 181.33 634.76 168.78 640.51 153.71 607.62 vehicle 0 0.990821 votes=3
593.71 741.20 628.20 740.10 628.63 753.37 594.13 754.47 vehicle 0 0.941922 votes=3
666.68 497.47 667.07 466.38 681.78 466.57 681.40 497.66 vehicle 0 0.887479 votes=3
411.23 714.69 435.05 715.25 434.79 726.10 410.97 725.54 vehicle 0 0.828385 votes=3
565.23 741.79 590.63 739.76 591.55 751.25 566.16 753.29 vehicle 0 0.636038 votes=2
