407.80 599.72 432.32 613.46 426.34 624.13 401.82 610.39 vehicle 0 0.999250 votes=3
527.91 690.69 552.13 705.72 545.78 715.96 521.55 700.93 vehicle 0 0.999226 votes=3
713.98 551.26 726.03 527.90 736.03 533.05 723.98 556.42 vehicle 0 0.999100 votes=3
329.11 477.87 399.09 362.57 454.00 395.90 384.02 511.19 tenniscourt 0 0.999040 votes=3
491.44 577.16 561.84 462.39 616.69 496.03 546.29 610.80 tenniscourt 0 0.999027 votes=3
416.98 531.43 485.60 415.93 540.39 448.48 471.76 563.98 tenniscourt 0 0.998835 votes=3
253.74 431.39 323.02 316.77 378.10 350.07 308.81 464.68 tenniscourt 0 0.998798 votes=3
10.76 419.00 33.15 433.91 27.06 443.06 4.67 428.15 vehicle 0 0.998716 votes=3
367.82 636.29 391.20 651.08 385.00 660.87 361.63 646.07 vehicle 0 0.997030 votes=3
20.23 89.91 32.67 70.65 41.40 76.29 28.96 95.55 vehicle 0 0.996234 votes=3
335.11 615.92 356.58 629.70 350.95 638.48 329.48 624.69 vehicle 0 0.996044 votes=3
735.87 510.97 748.64 488.54 758.52 494.17 745.75 516.59 vehicle 0 0.993096 votes=3
420.15 667.99 445.97 685.28 439.69 694.66 413.87 677.38 vehicle 0 0.992064 votes=3
485.21 711.60 505.59 723.82 500.68 732.00 480.30 719.78 vehicle 0 0.988903 votes=3
638.20 743.80 655.87 731.35 661.83 739.81 644.16 752.26 vehicle 0 0.987725 votes=3
106.45 477.09 130.11 493.26 124.10 502.05 100.44 485.88 vehicle 0 0.972436 votes=3
