488.98 272.72 494.06 406.84 432.17 409.18 427.08 275.07 tenniscourt 0 0.998780 votes=3
490.22 474.97 495.55 606.69 431.33 609.29 426.00 477.57 tenniscourt 0 0.998709 votes=3
299.56 481.37 304.21 612.93 243.28 615.08 238.63 483.52 tenniscourt 0 0.998296 votes=3
395.24 276.70 400.96 408.83 340.13 411.46 334.40 279.33 tenniscourt 0 0.998270 votes=3
393.97 478.26 398.44 609.81 335.98 611.93 331.51 480.38 tenniscourt 0 0.998151 votes=3
200.54 485.28 205.01 617.39 142.07 619.52 137.60 487.41 tenniscourt 0 0.998054 votes=3
296.96 280.35 301.48 413.08 239.10 415.21 234.58 282.48 tenniscourt 0 0.998005 votes=3
198.16 284.05 200.86 416.46 139.72 417.71 137.02 285.30 tenniscourt 0 0.997853 votes=3
87.01 138.10 92.18 270.35 29.95 272.79 24.77 140.54 tenniscourt 0 0.996292 votes=3
186.66 84.06 190.70 217.33 127.32 219.26 123.27 85.98 tenniscourt 0 0.996031 votes=3
