453.95 292.89 486.87 250.44 505.47 264.86 472.55 307.31 vehicle 0 0.999667 votes=3
517.30 116.51 551.09 76.35 567.66 90.29 533.88 130.46 vehicle 0 0.999667 votes=3
507.53 714.82 548.01 748.55 533.10 766.44 492.62 732.72 vehicle 0 0.999590 votes=3
172.56 55.45 216.49 88.05 203.00 106.22 159.07 73.61 vehicle 0 0.999571 votes=3
484.24 736.54 529.10 772.90 514.10 791.40 469.24 755.04 vehicle 0 0.999570 votes=3
271.74 214.73 505.06 408.33 390.02 546.96 156.71 353.35 basketballcourt 0 0.999518 votes=3
637.61 219.62 672.54 181.85 689.84 197.84 654.90 235.62 vehicle 0 0.999447 votes=3
562.22 154.84 598.06 117.88 615.73 135.02 579.89 171.98 vehicle 0 0.998940 votes=3
592.53 183.56 621.65 140.15 640.31 152.67 611.19 196.08 vehicle 0 0.998795 votes=3
614.43 200.80 646.51 162.46 663.62 176.77 631.55 215.11 vehicle 0 0.998611 votes=3
670.61 243.27 701.13 202.37 719.29 215.92 688.77 256.82 vehicle 0 0.998334 votes=3
694.13 265.77 725.73 220.41 742.96 232.42 711.35 277.77 vehicle 0 0.983498 votes=3
721.18 278.45 749.71 248.62 765.76 263.97 737.23 293.80 vehicle 0 0.823770 votes=3
