498.15 246.25 513.70 209.29 528.36 215.45 512.81 252.41 ship 0 0.994950 votes=3
472.09 134.97 773.18 271.89 737.18 351.05 436.09 214.13 harbor 0 0.993709 votes=3
692.78 87.31 807.44 115.96 791.68 179.05 677.02 150.40 harbor 0 0.992200 votes=3
244.16 656.97 269.95 673.32 262.98 684.30 237.19 667.95 ship 0 0.991595 votes=3
199.88 629.57 230.37 651.75 221.52 663.93 191.02 641.75 ship 0 0.990484 votes=3
213.09 599.41 256.01 626.86 246.10 642.35 203.18 614.90 ship 0 0.989398 votes=3
458.75 226.08 474.07 192.24 487.34 198.25 472.02 232.09 ship 0 0.988722 votes=3
479.14 235.37 495.59 201.30 507.61 207.10 491.16 241.18 ship 0 0.987656 votes=3
576.54 282.10 595.48 245.42 610.62 253.24 591.69 289.92 ship 0 0.981571 votes=3
519.17 198.30 536.46 162.09 550.34 168.72 533.05 204.93 ship 0 0.980624 votes=3
151.96 603.79 183.75 623.20 175.39 636.90 143.60 617.49 ship 0 0.979810 votes=3
256.33 645.38 276.83 655.94 273.18 663.03 252.68 652.47 ship 0 0.968952 votes=3
558.24 270.57 574.88 235.61 591.77 243.65 575.13 278.61 ship 0 0.964601 votes=3
166.78 568.91 208.58 594.77 200.31 608.13 158.51 582.28 ship 0 0.962379 votes=3
479.29 181.31 493.81 145.14 508.31 150.96 493.79 187.13 ship 0 0.940523 votes=3
178.48 579.21 429.32 744.39 405.53 780.51 154.70 615.33 harbor 0 0.898657 votes=3
444.82 211.29 455.84 185.53 466.12 189.93 455.09 215.69 ship 0 0.766242 votes=3
545.29 255.21 557.65 228.97 568.34 234.00 555.98 260.25 ship 0 0.761943 votes=3
596.10 293.49 613.25 258.60 626.51 265.12 609.37 300.01 ship 0 0.727539 votes=2
521.20 246.95 535.52 219.33 549.47 226.57 535.15 254.18 ship 0 0.652972 votes=3
