709.93 505.77 785.42 507.27 783.98 580.12 708.49 578.62 storagetank 0 0.999521 votes=3
388.48 658.18 459.92 657.80 460.29 726.84 388.85 727.22 storagetank 0 0.999491 votes=3
497.29 273.86 582.54 277.69 578.79 361.07 493.54 357.23 storagetank 0 0.999483 votes=3
399.72 560.19 400.90 476.24 483.79 477.40 482.62 561.35 storagetank 0 0.999480 votes=3
28.85 202.29 118.07 206.60 114.10 288.84 24.88 284.53 storagetank 0 0.999466 votes=3
111.94 345.25 197.85 347.35 195.84 429.80 109.93 427.70 storagetank 0 0.999463 votes=3
561.58 509.25 633.15 510.04 632.39 579.51 560.81 578.72 storagetank 0 0.999444 votes=3
195.13 201.81 280.50 208.30 274.23 290.62 188.86 284.12 storagetank 0 0.999423 votes=3
588.59 128.39 681.41 129.81 680.02 220.45 587.20 219.03 storagetank 0 0.999323 votes=3
687.83 364.11 688.66 273.89 778.25 274.72 777.41 364.94 storagetank 0 0.999187 votes=3
