225.98 314.51 226.17 270.62 242.19 270.69 241.99 314.58 ship 0 0.999384 votes=3
85.97 371.69 92.56 310.88 113.27 313.13 106.68 373.93 ship 0 0.999220 votes=3
574.05 509.61 574.67 462.98 589.00 463.17 588.38 509.79 ship 0 0.999084 votes=3
292.44 110.22 292.58 150.65 278.48 150.70 278.34 110.27 ship 0 0.998805 votes=3
215.18 479.48 215.62 436.70 232.05 436.87 231.60 479.65 ship 0 0.998520 votes=3
411.70 238.14 411.82 271.66 400.07 271.70 399.95 238.18 ship 0 0.998471 votes=3
114.73 477.01 117.47 429.30 132.84 430.18 130.11 477.90 ship 0 0.998435 votes=3
258.17 152.56 259.24 110.97 273.92 111.35 272.85 152.94 ship 0 0.998406 votes=3
404.22 625.39 406.24 576.90 422.70 577.59 420.68 626.07 ship 0 0.998257 votes=3
238.99 427.12 239.56 390.36 253.23 390.58 252.66 427.34 ship 0 0.998248 votes=3
519.04 443.61 519.35 406.06 531.76 406.16 531.45 443.71 ship 0 0.998218 votes=3
584.16 337.83 585.24 298.26 598.61 298.62 597.53 338.19 ship 0 0.998208 votes=3
597.57 451.47 598.40 415.58 611.50 415.88 610.67 451.77 ship 0 0.998202 votes=3
457.68 731.34 464.34 648.72 484.49 650.35 477.83 732.97 ship 0 0.998013 votes=3
156.39 481.36 156.95 434.27 171.34 434.44 170.78 481.54 ship 0 0.997882 votes=3
455.19 495.23 455.49 455.51 468.48 455.61 468.18 495.33 ship 0 0.997859 votes=3
632.16 515.59 632.46 465.91 649.15 466.01 648.84 515.70 ship 0 0.997797 votes=3
233.90 484.83 235.92 438.23 251.72 438.91 249.70 485.52 ship 0 0.997777 votes=3
576.40 451.53 576.71 409.59 592.85 409.71 592.54 451.65 ship 0 0.997547 votes=3
259.31 428.34 260.22 391.19 274.84 391.54 273.93 428.70 ship 0 0.997450 votes=3
433.77 492.13 435.35 452.79 449.40 453.35 447.83 492.69 ship 0 0.997371 votes=3
394.30 492.06 395.30 451.51 409.69 451.86 408.70 492.41 ship 0 0.997236 votes=3
299.66 274.83 299.98 315.85 287.72 315.94 287.40 274.93 ship 0 0.997124 votes=3
498.83 443.94 499.62 407.49 513.00 407.78 512.20 444.23 ship 0 0.997114 votes=3
159.28 420.72 161.19 382.94 175.14 383.65 173.22 421.43 ship 0 0.997106 votes=3
331.56 391.33 332.90 433.49 319.22 433.93 317.88 391.76 ship 0 0.997096 votes=3
413.96 498.24 414.03 453.31 429.09 453.33 429.03 498.26 ship 0 0.997068 votes=3
357.98 155.76 358.76 118.07 371.78 118.34 370.99 156.03 ship 0 0.997042 votes=3
558.25 448.02 558.47 407.19 572.74 407.27 572.52 448.10 ship 0 0.996961 votes=3
357.01 235.49 357.05 267.03 345.33 267.05 345.29 235.50 ship 0 0.996722 votes=3
220.74 260.12 222.15 228.60 233.46 229.11 232.05 260.63 ship 0 0.996698 votes=3
218.42 426.04 219.85 386.05 235.04 386.60 233.61 426.59 ship 0 0.996686 votes=3
255.60 263.23 256.06 229.20 268.83 229.37 268.36 263.40 ship 0 0.996656 votes=3
364.27 270.89 364.48 236.69 376.75 236.76 376.54 270.96 ship 0 0.996603 votes=3
651.02 290.72 651.54 256.47 662.32 256.64 661.79 290.89 ship 0 0.996575 votes=3
214.11 106.64 214.16 145.92 201.45 145.93 201.41 106.65 ship 0 0.996535 votes=3
295.36 482.96 298.27 441.82 310.98 442.72 308.07 483.86 ship 0 0.996377 votes=3
191.13 433.89 191.82 472.09 179.17 472.32 178.48 434.12 ship 0 0.996190 votes=3
541.22 282.16 541.99 249.48 554.16 249.77 553.38 282.45 ship 0 0.996161 votes=3
211.30 435.14 211.31 483.07 196.36 483.07 196.35 435.14 ship 0 0.996074 votes=3
276.28 478.43 277.84 442.60 290.24 443.14 288.68 478.97 ship 0 0.996030 votes=3
656.64 491.32 663.35 423.20 697.33 426.55 690.62 494.67 ship 0 0.995774 votes=3
493.99 497.00 495.11 457.69 507.32 458.03 506.20 497.35 ship 0 0.995759 votes=3
279.73 430.04 280.02 392.72 292.69 392.82 292.40 430.14 ship 0 0.995634 votes=3
179.40 421.55 181.11 384.35 194.60 384.97 192.89 422.17 ship 0 0.995577 votes=3
434.80 275.09 435.27 239.49 449.53 239.68 449.06 275.27 ship 0 0.995576 votes=3
258.04 475.32 258.42 443.34 269.90 443.47 269.52 475.46 ship 0 0.995576 votes=3
637.23 455.89 637.99 415.53 652.35 415.80 651.59 456.16 ship 0 0.995437 votes=3
119.29 419.60 120.69 382.24 134.58 382.76 133.19 420.12 ship 0 0.995315 votes=3
412.17 401.87 412.80 436.98 400.68 437.20 400.05 402.09 ship 0 0.995216 votes=3
458.98 438.36 459.99 406.91 471.84 407.29 470.84 438.74 ship 0 0.994995 votes=3
316.27 483.94 317.07 446.15 330.08 446.42 329.29 484.21 ship 0 0.994958 votes=3
237.57 147.68 239.37 107.88 253.50 108.52 251.71 148.31 ship 0 0.994708 votes=3
536.31 248.86 536.34 278.86 524.78 278.87 524.75 248.87 ship 0 0.994617 votes=3
75.06 615.60 78.58 565.05 92.64 566.03 89.13 616.57 ship 0 0.994585 votes=3
394.46 235.49 394.60 267.55 383.11 267.61 382.97 235.54 ship 0 0.994339 votes=3
168.30 256.75 168.37 224.56 180.32 224.58 180.26 256.78 ship 0 0.994163 votes=3
594.98 286.34 595.15 250.17 608.71 250.24 608.53 286.41 ship 0 0.994111 votes=3
162.04 266.50 162.20 305.34 148.07 305.39 147.92 266.55 ship 0 0.994051 votes=3
477.67 444.12 479.30 402.28 492.07 402.78 490.44 444.62 ship 0 0.993477 votes=3
617.03 453.60 617.48 416.02 631.26 416.18 630.81 453.77 ship 0 0.993317 votes=3
352.19 394.79 352.26 434.56 339.92 434.58 339.84 394.81 ship 0 0.993118 votes=3
439.20 441.40 439.44 405.40 451.44 405.48 451.21 441.48 ship 0 0.992934 votes=3
532.87 498.59 535.13 461.92 547.95 462.71 545.69 499.38 ship 0 0.992906 votes=3
518.26 247.91 518.31 278.28 507.22 278.30 507.17 247.93 ship 0 0.992514 votes=3
328.31 267.77 329.32 234.29 341.22 234.65 340.21 268.13 ship 0 0.992161 votes=3
86.86 546.46 566.62 590.16 554.55 722.73 74.78 679.04 harbor 0 0.991671 votes=3
372.16 396.83 372.40 430.43 360.45 430.51 360.21 396.92 ship 0 0.991323 votes=3
556.40 165.88 558.29 132.19 570.46 132.87 568.57 166.56 ship 0 0.990904 votes=3
147.86 255.61 148.74 221.48 161.67 221.81 160.79 255.94 ship 0 0.990717 votes=3
338.07 149.81 339.12 120.28 350.84 120.70 349.78 150.23 ship 0 0.990190 votes=3
375.64 485.00 377.67 449.75 390.29 450.47 388.26 485.73 ship 0 0.990171 votes=3
589.15 133.70 589.19 167.32 577.84 167.33 577.80 133.71 ship 0 0.989926 votes=3
510.22 635.92 512.68 589.29 528.26 590.11 525.80 636.74 ship 0 0.988557 votes=3
291.06 263.88 293.08 230.37 304.67 231.07 302.65 264.58 ship 0 0.987872 votes=3
452.00 122.31 452.13 160.89 438.59 160.94 438.47 122.35 ship 0 0.987782 votes=3
298.38 150.72 300.01 113.36 313.32 113.94 311.70 151.30 ship 0 0.987288 votes=3
355.36 493.43 356.11 446.54 369.08 446.75 368.33 493.63 ship 0 0.985749 votes=3
132.48 252.20 133.89 222.46 145.47 223.02 144.05 252.76 ship 0 0.983444 votes=3
319.06 145.11 321.48 117.26 333.09 118.27 330.67 146.12 ship 0 0.983061 votes=3
140.22 59.24 201.43 61.95 199.97 94.86 138.76 92.15 ship 0 0.982473 votes=3
336.97 76.53 388.15 82.50 385.09 108.71 333.91 102.74 ship 0 0.979892 votes=3
479.30 159.75 480.64 126.32 491.15 126.75 489.81 160.17 ship 0 0.977230 votes=3
538.28 447.88 538.77 412.93 550.98 413.10 550.48 448.05 ship 0 0.975242 votes=3
109.81 379.80 666.42 415.10 660.39 510.26 103.77 474.96 harbor 0 0.975108 votes=3
62.74 263.34 111.23 264.38 110.71 288.31 62.22 287.27 ship 0 0.966646 votes=3
124.76 218.55 672.91 254.08 667.26 341.26 119.11 305.73 harbor 0 0.965261 votes=3
655.31 178.42 658.40 133.97 672.74 134.97 669.65 179.42 ship 0 0.954341 votes=3
347.44 693.10 349.07 638.63 371.03 639.29 369.39 693.76 ship 0 0.932761 votes=3
300.89 430.99 301.28 392.33 313.55 392.45 313.17 431.11 ship 0 0.915666 votes=3
116.16 86.76 684.07 128.93 680.26 180.22 112.35 138.05 harbor 0 0.897107 votes=3
488.29 278.02 489.84 247.41 501.32 247.99 499.78 278.60 ship 0 0.867539 votes=3
629.96 288.85 630.78 254.51 642.20 254.79 641.37 289.12 ship 0 0.840622 votes=3
