510.87 115.56 511.30 197.96 481.98 198.12 481.54 115.72 ship 0 0.999758 votes=3
541.93 117.94 542.98 196.76 517.96 197.09 516.91 118.27 ship 0 0.999617 votes=3
470.06 325.33 534.07 324.74 534.28 347.60 470.27 348.19 ship 0 0.999570 votes=3
482.56 499.04 544.39 495.01 545.54 512.68 483.71 516.70 ship 0 0.999522 votes=3
474.29 519.88 545.58 519.80 545.61 542.38 474.31 542.46 ship 0 0.999512 votes=3
477.31 271.04 534.19 270.42 534.40 289.73 477.52 290.35 ship 0 0.999431 votes=3
467.01 353.74 533.41 351.43 534.21 374.58 467.82 376.90 ship 0 0.999397 votes=3
49.38 520.53 67.28 478.46 81.82 484.65 63.92 526.71 ship 0 0.999279 votes=3
456.21 212.58 530.28 208.72 531.63 234.76 457.57 238.62 ship 0 0.999258 votes=3
576.98 104.48 577.68 198.04 547.37 198.26 546.67 104.71 ship 0 0.999256 votes=3
483.58 551.64 543.49 548.09 544.74 569.17 484.83 572.72 ship 0 0.999240 votes=3
483.10 577.72 544.90 573.38 546.52 596.40 484.71 600.74 ship 0 0.999009 votes=3
499.27 607.67 549.53 607.72 549.51 626.21 499.25 626.16 ship 0 0.998893 votes=3
470.19 410.35 542.05 407.13 543.00 428.35 471.14 431.57 ship 0 0.998796 votes=3
475.95 298.59 538.38 296.92 538.91 316.99 476.49 318.66 ship 0 0.998739 votes=3
497.99 682.71 553.29 679.66 554.42 700.22 499.12 703.26 ship 0 0.998637 votes=3
550.65 236.57 605.39 234.19 606.28 254.63 551.54 257.01 ship 0 0.998542 votes=3
476.02 383.65 539.27 379.06 540.69 398.60 477.44 403.19 ship 0 0.998211 votes=3
554.00 312.97 604.82 313.30 604.70 331.20 553.89 330.86 ship 0 0.997917 votes=3
551.52 289.44 600.89 288.26 601.29 305.09 551.93 306.27 ship 0 0.997717 votes=3
550.09 208.46 597.93 208.05 598.08 225.82 550.24 226.23 ship 0 0.997518 votes=3
476.59 242.21 534.26 240.61 534.81 260.46 477.14 262.06 ship 0 0.997508 votes=3
483.17 467.18 542.00 466.33 542.28 485.49 483.44 486.34 ship 0 0.997177 votes=3
520.62 732.79 557.47 731.42 558.00 745.71 521.15 747.08 ship 0 0.996971 votes=3
437.38 206.27 437.52 138.54 474.65 138.62 474.51 206.35 ship 0 0.996957 votes=3
554.06 362.31 603.55 361.73 603.74 377.72 554.25 378.29 ship 0 0.996566 votes=3
520.11 709.36 552.54 708.84 552.74 721.51 520.31 722.02 ship 0 0.996510 votes=3
559.18 432.30 610.24 430.97 610.74 450.38 559.68 451.70 ship 0 0.996362 votes=3
565.62 650.19 601.61 649.33 601.94 662.99 565.95 663.85 ship 0 0.996062 votes=3
495.47 636.54 547.98 635.08 548.52 654.54 496.01 656.00 ship 0 0.995746 votes=3
560.03 479.48 600.47 477.79 601.09 492.73 560.65 494.42 ship 0 0.995324 votes=3
552.89 335.85 605.17 335.89 605.16 356.46 552.88 356.42 ship 0 0.994915 votes=3
567.91 670.86 602.83 670.32 603.04 683.87 568.11 684.41 ship 0 0.994780 votes=3
568.49 691.15 603.98 690.46 604.24 704.01 568.75 704.70 ship 0 0.994636 votes=3
561.16 521.92 599.81 521.41 599.99 535.58 561.35 536.09 ship 0 0.994264 votes=3
560.02 501.89 601.87 498.47 603.13 513.94 561.28 517.36 ship 0 0.993969 votes=3
558.80 408.09 606.89 408.95 606.55 427.74 558.47 426.88 ship 0 0.993201 votes=3
493.82 664.86 549.23 661.85 550.19 679.53 494.78 682.54 ship 0 0.992317 votes=3
554.83 263.77 597.97 264.42 597.72 281.06 554.58 280.41 ship 0 0.991952 votes=3
518.44 754.02 559.92 751.07 561.02 766.51 519.53 769.45 ship 0 0.987019 votes=3
554.28 388.22 601.34 385.35 602.38 402.27 555.31 405.14 ship 0 0.975347 votes=3
595.93 140.17 618.09 794.44 493.73 798.65 471.57 144.38 harbor 0 0.960754 votes=3
