430.16 214.90 489.73 216.17 489.22 240.04 429.65 238.77 ship 0 0.998753 votes=3
292.91 147.79 334.38 152.42 332.52 169.17 291.04 164.55 ship 0 0.998647 votes=3
505.91 267.47 513.70 204.10 535.14 206.73 527.36 270.10 ship 0 0.998645 votes=3
550.92 32.00 550.93 73.18 534.80 73.18 534.79 32.01 ship 0 0.997755 votes=3
643.76 59.46 655.22 21.88 669.18 26.14 657.72 63.72 ship 0 0.992516 votes=3
539.03 133.06 539.08 91.36 554.88 91.38 554.83 133.08 ship 0 0.991881 votes=3
629.06 57.69 636.60 20.96 652.64 24.25 645.10 60.98 ship 0 0.984462 votes=3
657.84 60.78 664.47 100.53 649.61 103.01 642.97 63.27 ship 0 0.981509 votes=3
493.65 420.25 497.13 354.13 519.67 355.31 516.18 421.44 ship 0 0.975633 votes=3
687.22 61.44 691.79 100.48 678.28 102.06 673.71 63.02 ship 0 0.974783 votes=3
421.66 168.79 729.03 150.97 743.12 394.09 435.75 411.91 harbor 0 0.970198 votes=3
672.34 61.54 676.94 99.97 664.84 101.42 660.24 62.99 ship 0 0.960786 votes=3
438.33 9.16 727.33 17.05 723.31 164.08 434.32 156.18 harbor 0 0.836672 votes=3
734.75 326.20 736.55 360.45 726.35 360.98 724.55 326.73 ship 0 0.822240 votes=3
676.75 258.73 676.78 227.31 687.05 227.32 687.01 258.74 ship 0 0.805120 votes=3
513.89 307.54 521.23 278.62 535.66 282.29 528.32 311.21 ship 0 0.760673 votes=2
