318.42 128.75 331.62 149.77 322.95 155.21 309.75 134.19 vehicle 0 0.999452 votes=3
362.88 677.79 381.67 687.00 377.53 695.44 358.75 686.22 vehicle 0 0.998648 votes=3
727.03 62.30 748.87 61.97 749.00 70.75 727.17 71.08 vehicle 0 0.998214 votes=3
323.59 569.00 336.62 550.80 343.69 555.86 330.66 574.06 vehicle 0 0.998035 votes=3
514.08 442.38 528.44 465.21 519.96 470.54 505.60 447.71 vehicle 0 0.997831 votes=3
284.97 72.08 294.25 88.87 286.40 93.21 277.11 76.42 vehicle 0 0.997409 votes=3
384.20 585.87 399.37 603.85 391.72 610.31 376.54 592.33 vehicle 0 0.997350 votes=3
403.27 274.36 414.75 291.12 407.80 295.88 396.32 279.12 vehicle 0 0.997265 votes=3
447.23 340.96 458.37 358.15 450.98 362.94 439.84 345.75 vehicle 0 0.995280 votes=3
503.05 757.76 518.13 767.63 512.60 776.09 497.51 766.22 vehicle 0 0.993340 votes=3
458.62 385.98 468.88 403.20 461.88 407.37 451.62 390.14 vehicle 0 0.990030 votes=3
489.52 405.82 499.52 423.88 492.18 427.94 482.18 409.88 vehicle 0 0.987323 votes=3
533.19 505.69 543.62 523.24 537.09 527.11 526.67 509.56 vehicle 0 0.981551 votes=3
347.41 170.96 368.11 204.63 355.13 212.61 334.43 178.94 vehicle 0 0.980727 votes=3
732.43 40.60 767.21 41.77 766.79 54.05 732.01 52.88 vehicle 0 0.937150 votes=3
450.58 262.81 731.69 665.86 648.10 724.16 367.00 321.10 overpass 0 0.936366 votes=3
251.83 11.30 267.38 34.49 256.19 41.99 240.65 18.80 vehicle 0 0.935404 votes=3
368.17 426.29 370.17 446.78 360.38 447.73 358.38 427.25 vehicle 0 0.904809 votes=3
