644.15 335.37 687.49 330.73 689.03 345.04 645.68 349.68 ship 0 0.996143 votes=3
526.74 349.13 571.66 343.29 573.48 357.29 528.56 363.13 ship 0 0.993157 votes=3
290.41 602.66 342.79 276.50 447.77 293.36 395.39 619.52 bridge 0 0.991535 votes=3
674.98 483.57 712.67 481.31 713.49 494.90 675.79 497.16 ship 0 0.987146 votes=3
200.42 449.26 226.54 451.91 225.39 463.25 199.27 460.60 ship 0 0.987139 votes=3
658.23 31.65 661.52 11.39 671.06 12.94 667.77 33.20 vehicle 0 0.981882 votes=3
252.79 591.95 271.41 586.45 273.89 594.87 255.27 600.37 vehicle 0 0.977110 votes=3
488.96 344.13 520.82 348.02 519.37 359.81 487.52 355.92 ship 0 0.855526 votes=3
548.44 496.70 582.43 496.06 582.71 510.95 548.72 511.59 ship 0 0.838433 votes=3
109.53 634.31 134.78 633.91 134.93 643.21 109.68 643.61 vehicle 0 0.698855 votes=2
