299.26 230.63 364.28 240.60 361.11 261.26 296.09 251.29 ship 0 0.999616 votes=3
507.22 544.63 542.18 497.86 559.19 510.58 524.23 557.34 ship 0 0.999466 votes=3
312.79 400.49 339.96 354.37 356.29 363.99 329.13 410.11 ship 0 0.999452 votes=3
282.23 384.60 315.90 333.87 332.99 345.22 299.32 395.95 ship 0 0.999446 votes=3
409.70 478.18 441.45 437.02 455.65 447.97 423.90 489.14 ship 0 0.999419 votes=3
449.01 263.84 499.23 295.24 488.86 311.81 438.65 280.42 ship 0 0.999354 votes=3
381.85 458.15 409.25 418.79 422.60 428.08 395.20 467.44 ship 0 0.999353 votes=3
294.21 475.89 317.48 439.61 331.16 448.37 307.89 484.66 ship 0 0.999336 votes=3
359.96 441.80 393.62 399.08 407.70 410.18 374.04 452.90 ship 0 0.999316 votes=3
387.61 553.06 419.54 510.67 432.86 520.71 400.93 563.09 ship 0 0.999312 votes=3
161.06 308.05 185.89 272.23 198.75 281.14 173.91 316.96 ship 0 0.999303 votes=3
570.39 341.08 620.46 369.62 611.53 385.29 561.46 356.75 ship 0 0.999252 votes=3
260.23 369.98 289.14 327.57 303.20 337.15 274.29 379.56 ship 0 0.999231 votes=3
418.34 571.82 447.25 529.19 461.88 539.11 432.98 581.74 ship 0 0.999063 votes=3
378.37 243.33 434.48 252.67 431.28 271.88 375.17 262.54 ship 0 0.999038 votes=3
374.10 528.32 398.75 497.10 411.16 506.90 386.52 538.12 ship 0 0.998656 votes=3
274.67 461.55 296.67 429.81 308.43 437.96 286.42 469.70 ship 0 0.998654 votes=3
345.03 509.09 369.44 477.34 381.33 486.48 356.91 518.23 ship 0 0.998435 votes=3
644.61 632.97 662.79 576.09 678.13 580.99 659.95 637.88 ship 0 0.998098 votes=3
219.26 362.54 258.69 392.40 249.37 404.72 209.93 374.86 ship 0 0.995964 votes=3
132.87 349.30 151.93 321.68 162.65 329.09 143.59 356.70 ship 0 0.994309 votes=3
512.83 302.81 557.02 333.29 547.54 347.03 503.36 316.54 ship 0 0.993840 votes=3
115.36 325.66 135.36 300.48 145.90 308.85 125.89 334.03 ship 0 0.991492 votes=3
433.32 495.19 455.95 460.07 470.21 469.25 447.58 504.37 ship 0 0.986459 votes=3
498.20 615.05 518.29 586.37 530.72 595.08 510.63 623.76 ship 0 0.981392 votes=3
257.06 290.88 690.75 619.64 614.94 719.65 181.25 390.88 harbor 0 0.967123 votes=3
9.17 321.34 41.95 270.40 61.40 282.92 28.62 333.86 ship 0 0.884475 votes=3
48.27 454.55 161.37 273.27 180.82 285.40 67.72 466.68 harbor 0 0.841697 votes=3
-13.29 395.28 60.97 279.29 76.53 289.26 2.27 405.24 harbor 0 0.791053 votes=2
330.03 177.50 746.96 418.95 726.15 454.88 309.22 213.44 harbor 0 0.647662 votes=3
