254.87 210.26 356.00 209.69 356.52 302.69 255.39 303.26 storagetank 0 0.999513 votes=3
476.76 23.51 582.80 24.59 581.78 124.52 475.74 123.44 storagetank 0 0.999486 votes=3
548.93 303.36 551.23 204.32 649.76 206.60 647.46 305.64 storagetank 0 0.999471 votes=3
318.46 478.95 401.77 480.43 400.38 559.20 317.06 557.73 storagetank 0 0.999471 votes=3
79.87 666.69 163.49 668.01 162.23 747.93 78.60 746.61 storagetank 0 0.999459 votes=3
76.59 217.53 162.45 217.14 162.82 297.31 76.96 297.71 storagetank 0 0.999436 votes=3
77.14 35.54 162.97 37.56 161.14 115.30 75.31 113.28 storagetank 0 0.999435 votes=3
79.18 479.51 164.03 478.94 164.56 558.78 79.71 559.35 storagetank 0 0.999364 votes=3
529.76 478.06 612.37 478.71 611.74 558.56 529.13 557.91 storagetank 0 0.999352 votes=3
264.64 666.38 348.75 667.31 347.84 749.65 263.73 748.72 storagetank 0 0.999313 votes=3
512.31 659.68 614.74 658.36 615.95 751.74 513.52 753.07 storagetank 0 0.999175 votes=3
264.92 34.45 346.77 34.54 346.68 114.82 264.83 114.73 storagetank 0 0.999102 votes=3
