140.92 468.23 153.51 519.53 138.48 523.22 125.89 471.92 ship 0 0.999470 votes=3
260.45 435.35 271.89 484.90 256.79 488.39 245.35 438.84 ship 0 0.998832 votes=3
697.33 376.53 705.47 337.95 717.56 340.50 709.41 379.08 ship 0 0.998802 votes=3
18.67 465.22 93.15 447.60 97.68 466.74 23.20 484.36 ship 0 0.998562 votes=3
319.79 420.54 329.93 461.85 315.91 465.29 305.77 423.98 ship 0 0.998544 votes=3
611.14 350.80 622.14 313.50 635.08 317.32 624.07 354.61 ship 0 0.998508 votes=3
393.99 290.45 402.30 250.33 415.17 252.99 406.86 293.11 ship 0 0.998504 votes=3
628.48 356.25 639.94 314.57 652.88 318.13 641.42 359.81 ship 0 0.998483 votes=3
338.84 415.78 350.04 456.89 335.87 460.75 324.67 419.64 ship 0 0.998311 votes=3
570.59 517.54 584.59 467.88 597.81 471.61 583.80 521.27 ship 0 0.998160 votes=3
189.61 325.08 239.04 312.06 242.88 326.65 193.46 339.68 ship 0 0.998034 votes=3
97.91 476.96 108.22 518.70 95.23 521.91 84.92 480.17 ship 0 0.997988 votes=3
377.77 481.32 396.69 417.28 416.88 423.24 397.97 487.28 ship 0 0.997963 votes=3
632.39 535.80 643.01 491.93 658.99 495.79 648.38 539.67 ship 0 0.997866 votes=3
220.63 449.83 230.42 493.73 217.88 496.52 208.09 452.62 ship 0 0.997831 votes=3
164.33 462.19 177.86 516.50 160.64 520.80 147.10 466.48 ship 0 0.997656 votes=3
351.54 478.14 371.24 407.71 391.68 413.43 371.98 483.85 ship 0 0.997570 votes=3
493.98 318.95 502.65 283.63 516.10 286.93 507.43 322.25 ship 0 0.997551 votes=3
639.28 215.82 689.07 228.33 684.00 248.51 634.21 236.00 ship 0 0.997374 votes=3
738.25 398.51 778.59 413.66 773.46 427.30 733.13 412.15 ship 0 0.997315 votes=3
377.55 296.76 421.46 310.00 417.10 324.47 373.19 311.23 ship 0 0.997212 votes=3
420.47 484.54 435.03 429.44 451.54 433.80 436.98 488.90 ship 0 0.997199 votes=3
550.20 514.70 564.44 468.49 577.06 472.38 562.83 518.59 ship 0 0.997125 votes=3
560.08 338.55 569.76 299.78 582.58 302.98 572.90 341.75 ship 0 0.996865 votes=3
614.18 529.77 625.85 487.75 638.42 491.24 626.74 533.26 ship 0 0.996859 votes=3
80.51 481.03 92.53 533.60 76.38 537.29 64.36 484.72 ship 0 0.996754 votes=3
340.90 274.07 352.40 235.31 365.87 239.31 354.37 278.07 ship 0 0.996752 votes=3
291.86 400.08 336.04 391.98 338.52 405.48 294.34 413.58 ship 0 0.996243 votes=3
712.18 379.95 721.87 340.81 735.90 344.28 726.20 383.43 ship 0 0.995934 votes=3
479.28 311.85 487.87 282.09 497.84 284.97 489.25 314.73 ship 0 0.995881 votes=3
682.07 371.55 688.43 335.75 700.41 337.87 694.06 373.68 ship 0 0.995757 votes=3
488.47 494.28 497.80 452.25 513.52 455.74 504.20 497.77 ship 0 0.995616 votes=3
116.95 346.55 149.60 337.31 152.44 347.34 119.79 356.59 ship 0 0.995557 votes=3
149.80 416.59 195.34 403.20 199.37 416.92 153.84 430.32 ship 0 0.995135 votes=3
378.70 285.50 385.40 258.13 395.72 260.65 389.02 288.03 ship 0 0.995064 votes=3
177.40 307.95 208.96 300.48 211.33 310.46 179.76 317.93 ship 0 0.994807 votes=3
22.23 498.29 35.71 550.13 19.46 554.35 5.98 502.51 ship 0 0.994675 votes=3
527.56 329.07 538.34 284.86 554.51 288.80 543.74 333.01 ship 0 0.994616 votes=3
505.85 506.28 518.82 459.77 531.92 463.43 518.95 509.93 ship 0 0.994285 votes=3
282.56 430.91 291.83 476.53 276.39 479.67 267.11 434.05 ship 0 0.994188 votes=3
648.18 375.34 686.52 383.34 684.14 394.70 645.81 386.71 ship 0 0.993939 votes=3
689.20 386.06 724.87 395.11 722.04 406.26 686.37 397.21 ship 0 0.993749 votes=3
202.31 452.66 211.78 490.67 199.82 493.65 190.35 455.64 ship 0 0.993711 votes=3
216.59 298.93 242.97 290.30 246.06 299.74 219.68 308.38 ship 0 0.993418 votes=3
763.12 396.22 773.76 350.43 788.56 353.86 777.92 399.66 ship 0 0.993368 votes=3
508.27 430.00 543.53 439.57 540.88 449.33 505.62 439.76 ship 0 0.993253 votes=3
494.39 330.70 533.47 341.30 530.13 353.61 491.05 343.00 ship 0 0.993028 votes=3
256.16 413.48 286.28 407.01 288.46 417.14 258.33 423.62 ship 0 0.993013 votes=3
255.32 307.93 282.25 302.07 284.44 312.14 257.51 317.99 ship 0 0.992819 votes=3
541.15 193.61 581.75 202.35 578.81 216.04 538.20 207.30 ship 0 0.990683 votes=3
631.40 463.31 674.49 475.28 671.01 487.84 627.91 475.87 ship 0 0.990574 votes=3
153.46 432.06 226.46 410.98 232.07 430.41 159.07 451.49 ship 0 0.989832 votes=3
80.10 332.82 112.24 325.05 115.27 337.59 83.13 345.36 ship 0 0.987014 votes=3
71.55 329.31 85.21 371.39 72.17 375.62 58.51 333.54 ship 0 0.987004 votes=3
41.70 487.80 55.26 537.66 38.33 542.26 24.77 492.40 ship 0 0.986752 votes=3
590.65 357.66 627.34 368.24 623.95 380.01 587.26 369.43 ship 0 0.984386 votes=3
491.37 182.15 534.83 191.16 531.94 205.09 488.49 196.08 ship 0 0.984317 votes=3
447.13 399.88 496.95 412.88 491.50 433.75 441.68 420.75 ship 0 0.983782 votes=3
661.68 367.32 671.20 331.61 683.47 334.88 673.94 370.59 ship 0 0.983137 votes=3
124.15 322.22 165.43 310.32 168.81 322.04 127.53 333.95 ship 0 0.981343 votes=3
351.59 287.42 362.01 331.97 349.40 334.92 338.98 290.37 ship 0 0.978549 votes=3
383.89 393.87 421.41 403.34 418.99 412.92 381.47 403.45 ship 0 0.934840 votes=3
690.13 228.38 697.60 201.31 707.88 204.14 700.41 231.22 ship 0 0.924009 votes=3
353.11 389.39 666.26 475.35 646.55 547.12 333.41 461.16 harbor 0 0.909269 votes=2
80.85 357.78 113.69 347.98 117.97 362.33 85.14 372.14 ship 0 0.885430 votes=2
-3.15 487.39 369.05 384.29 388.27 453.66 16.07 556.76 harbor 0 0.879250 votes=2
352.10 239.30 785.54 355.88 770.56 411.60 337.11 295.01 harbor 0 0.875704 votes=3
488.91 137.90 705.30 172.38 696.56 227.24 480.17 192.76 harbor 0 0.828243 votes=3
589.90 453.25 628.70 463.68 626.07 473.47 587.27 463.04 ship 0 0.820159 votes=3
449.27 489.32 456.73 438.73 478.95 442.01 471.49 492.60 ship 0 0.795774 votes=3
288.98 299.47 322.40 287.58 326.24 298.37 292.83 310.27 ship 0 0.740988 votes=3
76.44 347.85 313.20 272.05 319.74 292.44 82.97 368.25 harbor 0 0.711657 votes=3
