286.50 431.36 326.46 623.42 244.56 640.46 204.60 448.40 tenniscourt 0 0.999722 votes=3
114.80 141.30 144.79 334.57 54.24 348.63 24.24 155.36 tenniscourt 0 0.999710 votes=3
656.38 366.08 685.42 557.83 596.47 571.30 567.43 379.55 tenniscourt 0 0.999709 votes=3
404.04 412.70 438.61 604.31 349.48 620.40 314.91 428.78 tenniscourt 0 0.999688 votes=3
764.76 350.18 794.12 541.33 704.35 555.12 674.99 363.97 tenniscourt 0 0.999686 votes=3
518.55 393.52 551.92 585.21 462.86 600.72 429.49 409.03 tenniscourt 0 0.999684 votes=3
378.32 98.14 410.75 290.81 321.50 305.83 289.08 113.16 tenniscourt 0 0.999674 votes=3
487.95 80.08 519.41 272.96 430.29 287.49 398.83 94.62 tenniscourt 0 0.999666 votes=3
598.20 62.09 629.55 255.49 538.85 270.20 507.50 76.80 tenniscourt 0 0.999649 votes=3
231.31 122.82 262.12 315.15 171.38 329.69 140.56 137.36 tenniscourt 0 0.999641 votes=3
