279.26 407.62 456.53 467.05 442.97 507.52 265.70 448.09 ship 0 0.999586 votes=3
296.51 662.04 379.22 707.35 364.80 733.67 282.09 688.36 ship 0 0.999568 votes=3
311.53 468.63 400.66 497.95 392.25 523.49 303.13 494.18 ship 0 0.999539 votes=3
615.28 187.36 711.69 229.63 699.53 257.36 603.12 215.10 ship 0 0.999510 votes=3
93.69 42.52 208.56 106.33 183.59 151.30 68.71 87.49 ship 0 0.999495 votes=3
716.07 379.21 794.74 434.84 776.82 460.19 698.15 404.56 ship 0 0.999411 votes=3
638.97 149.84 716.13 200.95 697.71 228.76 620.55 177.65 ship 0 0.999120 votes=3
573.14 702.09 637.38 761.60 618.97 781.46 554.74 721.96 ship 0 0.999104 votes=3
197.70 614.79 277.68 645.35 268.32 669.84 188.34 639.28 ship 0 0.998977 votes=3
642.14 347.23 675.10 385.11 658.25 399.77 625.30 361.89 ship 0 0.998518 votes=3
527.74 681.49 552.39 704.26 540.79 716.82 516.14 694.05 ship 0 0.997111 votes=3
681.64 349.52 699.17 375.76 685.02 385.21 667.50 358.96 ship 0 0.988485 votes=3
60.75 37.84 88.06 37.99 87.98 53.09 60.67 52.94 ship 0 0.958654 votes=3
564.11 129.03 592.01 142.18 587.71 151.31 559.81 138.17 ship 0 0.930833 votes=3
535.29 679.17 567.28 691.53 563.14 702.25 531.15 689.89 ship 0 0.842674 votes=3
150.72 609.85 190.07 601.55 193.09 615.84 153.73 624.14 ship 0 0.827559 votes=3
