377.00 547.12 405.24 547.25 405.19 557.13 376.95 557.00 vehicle 0 0.999145 votes=3
248.79 88.85 623.51 92.66 621.27 311.84 246.56 308.03 Expressway-Service-area 0 0.998771 votes=3
244.33 479.94 608.44 484.91 605.45 703.97 241.34 699.01 Expressway-Service-area 0 0.998425 votes=3
416.77 548.80 448.98 549.22 448.87 557.84 416.66 557.42 vehicle 0 0.998133 votes=3
448.68 210.60 482.29 216.49 480.60 226.13 446.99 220.24 vehicle 0 0.997773 votes=3
386.42 583.85 417.55 587.83 416.50 596.03 385.37 592.04 vehicle 0 0.997643 votes=3
485.35 289.96 533.16 291.63 532.79 302.22 484.98 300.55 vehicle 0 0.996090 votes=3
646.45 298.81 680.11 305.25 678.28 314.81 644.62 308.38 vehicle 0 0.993711 votes=3
74.34 304.89 114.48 298.47 116.01 308.05 75.87 314.48 vehicle 0 0.982505 votes=3
470.67 642.30 470.79 621.21 477.56 621.24 477.44 642.34 vehicle 0 0.655805 votes=2
