662.11 9.26 807.26 13.12 803.72 146.33 658.57 142.47 storagetank 0 0.998089 votes=3
641.51 352.55 778.81 354.14 777.27 487.04 639.97 485.45 storagetank 0 0.998002 votes=3
488.17 357.58 624.97 353.60 628.81 485.80 492.02 489.78 storagetank 0 0.997799 votes=3
9.05 345.69 153.88 349.67 150.13 486.31 5.30 482.34 storagetank 0 0.997304 votes=3
667.74 33.94 667.92 62.91 640.65 63.08 640.47 34.11 storagetank 0 0.997149 votes=3
642.77 498.21 779.68 500.22 777.69 635.40 640.79 633.39 storagetank 0 0.997139 votes=3
344.92 349.82 483.73 352.24 481.43 483.82 342.63 481.40 storagetank 0 0.997019 votes=3
351.30 498.75 488.52 500.77 486.58 633.14 349.35 631.12 storagetank 0 0.996272 votes=3
141.01 421.83 308.39 430.94 299.97 585.66 132.60 576.56 storagetank 0 0.996046 votes=3
495.89 505.95 630.54 506.54 629.97 635.23 495.32 634.64 storagetank 0 0.995412 votes=3
9.74 492.19 146.14 497.54 140.97 629.25 4.57 623.90 storagetank 0 0.994704 votes=3
