210.69 462.37 304.82 463.93 304.22 499.44 210.10 497.87 vehicle 0 0.999809 votes=3
441.08 441.85 536.37 438.49 537.63 474.44 442.34 477.80 vehicle 0 0.999803 votes=3
446.69 170.68 537.35 165.81 539.14 199.18 448.48 204.05 vehicle 0 0.999793 votes=3
451.66 567.06 541.69 563.96 542.87 598.51 452.85 601.61 vehicle 0 0.999765 votes=3
461.89 624.46 556.52 626.05 555.93 661.34 461.29 659.76 vehicle 0 0.999748 votes=3
195.67 554.52 282.22 562.57 279.13 595.73 192.59 587.68 vehicle 0 0.999747 votes=3
452.49 498.99 541.74 500.36 541.16 537.85 451.91 536.48 vehicle 0 0.999743 votes=3
189.25 606.87 266.79 611.11 264.90 645.55 187.36 641.31 vehicle 0 0.999698 votes=3
228.46 405.22 311.52 407.10 310.80 439.25 227.73 437.37 vehicle 0 0.999674 votes=3
450.16 367.31 539.79 363.19 541.42 398.73 451.79 402.86 vehicle 0 0.999657 votes=3
459.95 265.36 543.62 266.18 543.28 300.92 459.61 300.10 vehicle 0 0.999641 votes=3
