399.61 369.25 402.81 296.18 433.46 297.52 430.26 370.60 vehicle 0 0.999824 votes=3
242.84 387.11 245.28 307.99 275.27 308.92 272.83 388.03 vehicle 0 0.999823 votes=3
735.74 374.21 737.28 296.77 768.58 297.40 767.04 374.83 vehicle 0 0.999814 votes=3
540.12 355.76 541.79 290.62 571.71 291.39 570.04 356.53 vehicle 0 0.999790 votes=3
634.25 735.97 634.39 661.47 664.75 661.53 664.62 736.03 vehicle 0 0.999772 votes=3
762.66 618.60 762.77 708.94 729.67 708.98 729.55 618.65 vehicle 0 0.999761 votes=3
250.56 738.23 257.55 666.35 285.47 669.06 278.49 740.94 vehicle 0 0.999749 votes=3
194.69 378.60 205.29 298.38 235.24 302.34 224.63 382.55 vehicle 0 0.999740 votes=3
495.58 362.27 497.56 288.28 529.44 289.13 527.46 363.12 vehicle 0 0.999649 votes=3
301.81 741.53 310.98 647.44 345.41 650.79 336.24 744.88 vehicle 0 0.999527 votes=3
