319.96 332.25 487.40 335.75 486.32 387.23 318.89 383.73 bridge 0 0.998014 votes=3
325.22 399.60 479.75 404.31 478.19 455.72 323.66 451.02 bridge 0 0.995681 votes=3
774.73 431.44 795.85 432.63 795.39 440.78 774.27 439.58 vehicle 0 0.992595 votes=3
670.75 540.72 692.64 540.80 692.60 550.39 670.71 550.31 ship 0 0.967134 votes=3
150.26 341.94 171.80 342.80 171.49 350.86 149.94 350.00 vehicle 0 0.957054 votes=3
671.32 357.74 692.55 359.18 692.10 365.87 670.87 364.44 vehicle 0 0.944059 votes=3
5.89 766.23 14.14 777.81 8.44 781.87 0.19 770.30 vehicle 0 0.929757 votes=3
62.24 724.93 81.38 727.44 80.41 734.87 61.27 732.36 vehicle 0 0.920833 votes=3
72.76 684.73 89.93 686.35 89.27 693.32 72.11 691.71 vehicle 0 0.890051 votes=3
7.16 335.83 26.35 337.08 25.89 344.20 6.70 342.95 vehicle 0 0.864378 votes=3
