53.71 519.37 761.61 393.84 799.23 605.97 91.33 731.50 Expressway-Service-area 0 0.996853 votes=3
-16.05 299.86 765.06 201.40 784.02 351.82 2.91 450.28 Expressway-Service-area 0 0.989238 votes=3
582.80 587.52 599.04 563.62 603.13 566.40 586.89 590.30 vehicle 0 0.983087 votes=3
452.57 372.11 476.53 367.65 477.44 372.50 453.47 376.96 vehicle 0 0.980911 votes=3
736.58 409.01 755.01 402.04 756.95 407.18 738.52 414.15 vehicle 0 0.979979 votes=3
395.60 382.78 443.99 374.23 445.03 380.12 396.65 388.67 vehicle 0 0.978021 votes=3
543.55 587.68 561.34 566.04 565.15 569.18 547.37 590.82 vehicle 0 0.977889 votes=3
604.41 445.78 622.31 459.11 619.09 463.43 601.19 450.11 vehicle 0 0.967310 votes=3
211.97 340.25 225.36 323.91 229.35 327.18 215.96 343.52 vehicle 0 0.966199 votes=3
547.47 370.03 557.60 415.22 551.83 416.52 541.69 371.32 overpass 0 0.963536 votes=3
414.56 466.42 431.77 460.14 433.42 464.67 416.21 470.95 vehicle 0 0.961463 votes=3
392.79 619.78 403.53 601.51 408.06 604.18 397.32 622.44 vehicle 0 0.958401 votes=3
324.17 318.47 334.39 304.40 337.35 306.55 327.13 320.62 vehicle 0 0.955057 votes=3
264.57 408.05 308.18 400.21 309.07 405.15 265.46 413.00 vehicle 0 0.950794 votes=3
730.23 367.18 749.11 362.77 750.33 367.98 731.45 372.39 vehicle 0 0.923592 votes=3
333.57 349.91 346.91 331.39 350.96 334.31 337.63 352.84 vehicle 0 0.886561 votes=3
219.17 415.89 242.61 411.68 243.57 417.03 220.13 421.25 vehicle 0 0.872148 votes=3
521.03 538.30 534.99 516.72 539.34 519.54 525.38 541.11 vehicle 0 0.845902 votes=3
525.50 542.47 540.87 533.94 542.95 537.68 527.57 546.21 vehicle 0 0.842710 votes=3
656.04 570.20 658.05 593.66 652.65 594.12 650.65 570.66 vehicle 0 0.666942 votes=2
