512.37 459.97 617.30 456.42 617.83 472.06 512.90 475.61 vehicle 0 0.999398 votes=3
109.33 709.29 120.46 691.76 129.10 697.24 117.97 714.78 vehicle 0 0.999029 votes=3
467.33 377.77 479.03 361.55 486.62 367.02 474.92 383.25 vehicle 0 0.998944 votes=3
663.68 113.15 677.63 92.39 686.56 98.38 672.62 119.15 vehicle 0 0.998380 votes=3
417.78 270.20 429.67 253.36 437.84 259.14 425.95 275.97 vehicle 0 0.997845 votes=3
189.24 566.07 207.29 542.84 216.18 549.76 198.13 572.98 vehicle 0 0.997815 votes=3
163.99 563.36 480.76 148.60 605.22 243.65 288.45 658.42 overpass 0 0.997591 votes=3
276.26 343.68 304.45 343.03 304.72 354.24 276.53 354.90 vehicle 0 0.997095 votes=3
8.72 349.62 32.77 350.04 32.62 358.62 8.57 358.19 vehicle 0 0.995457 votes=3
241.22 371.36 261.69 369.53 262.48 378.46 242.02 380.29 vehicle 0 0.993867 votes=3
531.95 262.22 543.12 247.81 550.62 253.61 539.45 268.03 vehicle 0 0.975454 votes=3
737.75 331.83 760.63 332.32 760.40 342.69 737.52 342.20 vehicle 0 0.973556 votes=3
