430.99 302.26 462.04 302.51 461.93 316.51 430.88 316.25 windmill 0 0.973922 votes=3
282.39 376.09 307.30 376.39 307.13 390.24 282.22 389.94 windmill 0 0.955703 votes=3
460.06 400.03 484.66 400.72 484.25 415.33 459.65 414.64 windmill 0 0.949124 votes=3
287.58 487.97 321.96 488.44 321.76 503.22 287.38 502.75 windmill 0 0.937485 votes=3
174.43 479.64 199.22 481.19 198.30 495.89 173.51 494.34 windmill 0 0.931612 votes=3
661.31 322.39 686.17 322.79 685.94 337.34 661.07 336.94 windmill 0 0.906352 votes=3
103.35 655.52 127.68 656.73 126.83 673.75 102.50 672.54 windmill 0 0.904983 votes=3
100.81 543.16 122.54 544.04 121.99 557.54 100.26 556.66 windmill 0 0.866556 votes=3
243.38 559.75 271.02 559.95 270.92 573.61 243.28 573.41 windmill 0 0.733989 votes=3
312.76 272.40 329.72 272.31 329.79 285.85 312.83 285.93 windmill 0 0.691341 votes=2
