243.84 310.70 262.19 323.57 256.56 331.59 238.22 318.71 vehicle 0 0.999073 votes=3
358.65 602.48 623.60 292.08 749.99 399.95 485.04 710.36 overpass 0 0.997951 votes=3
648.79 666.90 668.73 685.78 661.01 693.93 641.07 675.05 vehicle 0 0.997925 votes=3
192.83 451.20 446.85 141.16 578.58 249.09 324.56 559.13 overpass 0 0.997601 votes=3
711.89 720.07 728.90 735.32 721.47 743.61 704.45 728.36 vehicle 0 0.997507 votes=3
148.32 283.44 167.12 300.36 159.70 308.61 140.89 291.69 vehicle 0 0.997440 votes=3
773.48 779.21 789.38 793.20 783.17 800.27 767.27 786.28 vehicle 0 0.995810 votes=3
413.96 466.01 430.00 479.63 423.45 487.34 407.41 473.73 vehicle 0 0.995229 votes=3
607.32 625.21 626.66 635.12 622.30 643.64 602.96 633.73 vehicle 0 0.995037 votes=3
119.28 207.07 135.73 222.52 128.21 230.53 111.76 215.09 vehicle 0 0.993184 votes=3
268.66 156.42 288.68 174.67 281.90 182.11 261.88 163.86 vehicle 0 0.986914 votes=3
739.78 612.15 758.55 627.19 751.96 635.40 733.20 620.36 vehicle 0 0.982588 votes=3
722.40 571.81 737.31 582.71 732.70 589.02 717.79 578.12 vehicle 0 0.958797 votes=3
239.01 177.90 260.83 195.77 254.31 203.74 232.48 185.87 vehicle 0 0.829755 votes=3
