628.45 677.55 706.45 677.51 706.47 703.41 628.47 703.46 ship 0 0.999692 votes=3
624.72 710.09 702.20 709.10 702.54 735.56 625.05 736.55 ship 0 0.999669 votes=3
164.99 683.91 242.59 684.26 242.48 709.62 164.87 709.27 ship 0 0.999621 votes=3
385.46 467.78 452.96 468.07 452.86 491.78 385.36 491.50 ship 0 0.999619 votes=3
73.50 228.33 133.54 226.88 134.06 248.36 74.02 249.81 ship 0 0.999588 votes=3
160.68 532.58 229.11 530.07 229.92 552.04 161.49 554.55 ship 0 0.999585 votes=3
628.51 637.28 703.36 640.60 702.26 665.51 627.41 662.19 ship 0 0.999581 votes=3
621.44 457.59 695.21 456.72 695.46 478.14 621.70 479.01 ship 0 0.999570 votes=3
79.55 595.35 141.98 595.81 141.80 620.11 79.37 619.66 ship 0 0.999543 votes=3
336.10 687.98 421.09 693.13 419.47 719.91 334.48 714.76 ship 0 0.999527 votes=3
148.94 141.11 209.61 141.46 209.49 163.10 148.82 162.74 ship 0 0.999501 votes=3
72.58 362.65 134.91 361.38 135.39 384.71 73.06 385.99 ship 0 0.999489 votes=3
75.87 689.64 145.36 689.99 145.25 712.62 75.76 712.27 ship 0 0.999476 votes=3
541.21 344.80 606.66 343.31 607.14 364.30 541.69 365.79 ship 0 0.999455 votes=3
164.15 626.85 215.62 627.45 215.41 645.26 163.94 644.66 ship 0 0.999453 votes=3
319.08 595.91 371.16 595.75 371.23 616.33 319.14 616.48 ship 0 0.999452 votes=3
72.61 176.93 130.75 172.32 132.31 192.00 74.17 196.61 ship 0 0.999452 votes=3
631.84 602.20 706.88 602.91 706.62 629.94 631.58 629.23 ship 0 0.999444 votes=3
147.79 115.43 200.99 115.53 200.95 134.92 147.75 134.81 ship 0 0.999440 votes=3
621.49 204.41 680.69 204.91 680.50 227.00 621.31 226.50 ship 0 0.999411 votes=3
538.97 373.47 605.50 373.29 605.56 395.28 539.03 395.45 ship 0 0.999408 votes=3
541.83 636.19 612.53 634.53 613.10 658.87 542.40 660.53 ship 0 0.999383 votes=3
157.23 469.87 224.62 470.27 224.49 491.96 157.10 491.57 ship 0 0.999365 votes=3
162.46 654.59 229.83 654.66 229.81 678.28 162.44 678.21 ship 0 0.999285 votes=3
621.96 260.63 688.88 261.98 688.43 284.40 621.51 283.06 ship 0 0.999280 votes=3
383.42 360.13 441.30 360.41 441.20 380.74 383.33 380.46 ship 0 0.999216 votes=3
303.64 445.36 365.88 440.74 367.70 465.32 305.47 469.95 ship 0 0.999215 votes=3
625.34 377.46 675.63 377.44 675.64 394.09 625.34 394.10 ship 0 0.999211 votes=3
625.03 179.76 665.97 179.98 665.88 196.85 624.94 196.64 ship 0 0.999211 votes=3
628.03 541.26 699.71 541.33 699.69 566.97 628.00 566.90 ship 0 0.999177 votes=3
542.09 206.40 607.84 206.17 607.92 229.30 542.17 229.53 ship 0 0.999129 votes=3
544.95 260.36 606.39 260.30 606.41 284.41 544.97 284.47 ship 0 0.999121 votes=3
383.45 226.77 427.06 227.21 426.89 243.32 383.28 242.87 ship 0 0.999113 votes=3
300.52 503.68 368.87 499.25 370.36 522.31 302.02 526.74 ship 0 0.999104 votes=3
621.27 235.46 685.62 237.55 684.98 257.55 620.62 255.46 ship 0 0.999067 votes=3
381.32 336.07 436.70 330.45 438.68 350.06 383.31 355.67 ship 0 0.999064 votes=3
626.71 402.47 682.06 403.10 681.83 423.11 626.48 422.48 ship 0 0.999040 votes=3
300.07 336.80 363.55 332.03 365.31 355.43 301.83 360.20 ship 0 0.999034 votes=3
75.49 143.57 131.59 143.57 131.59 164.35 75.49 164.35 ship 0 0.998976 votes=3
626.84 342.52 678.58 350.92 675.77 368.27 624.03 359.87 ship 0 0.998957 votes=3
60.00 90.68 125.98 84.91 127.97 107.63 61.99 113.40 ship 0 0.998943 votes=3
379.50 280.37 426.24 280.85 426.08 296.34 379.34 295.86 ship 0 0.998824 votes=3
545.18 672.79 611.82 671.90 612.07 690.90 545.43 691.78 ship 0 0.998766 votes=3
92.83 446.60 136.76 445.71 137.10 462.70 93.17 463.58 ship 0 0.998745 votes=3
556.26 291.74 602.79 291.07 603.03 308.20 556.51 308.87 ship 0 0.998736 votes=3
531.12 235.42 609.25 234.40 609.57 258.57 531.43 259.58 ship 0 0.998736 votes=3
386.64 495.16 442.69 500.96 440.61 520.99 384.57 515.19 ship 0 0.998703 votes=3
305.75 176.09 357.29 170.87 359.24 190.10 307.70 195.33 ship 0 0.998697 votes=3
305.46 532.02 367.10 533.80 366.47 555.58 304.83 553.80 ship 0 0.998690 votes=3
317.92 256.95 361.95 257.55 361.73 273.80 317.70 273.19 ship 0 0.998689 votes=3
546.83 402.85 607.69 403.04 607.62 425.08 546.76 424.88 ship 0 0.998610 votes=3
556.09 430.11 605.83 430.50 605.69 448.36 555.95 447.97 ship 0 0.998540 votes=3
79.94 394.83 134.75 390.23 136.36 409.42 81.55 414.01 ship 0 0.998362 votes=3
302.38 365.08 364.03 362.90 364.71 382.13 303.07 384.31 ship 0 0.998325 votes=3
382.04 255.40 425.89 257.95 424.93 274.56 381.08 272.01 ship 0 0.998294 votes=3
76.16 285.06 126.34 283.46 126.90 300.92 76.72 302.52 ship 0 0.998293 votes=3
564.78 546.64 607.78 548.70 607.02 564.61 564.02 562.56 ship 0 0.998258 votes=3
379.56 199.95 427.11 202.49 426.24 218.69 378.69 216.15 ship 0 0.998157 votes=3
155.91 202.04 196.06 203.96 195.30 219.82 155.15 217.90 ship 0 0.998141 votes=3
81.03 340.21 134.01 334.50 136.10 353.87 83.12 359.59 ship 0 0.997914 votes=3
382.24 304.27 421.36 309.98 419.17 324.96 380.05 319.25 ship 0 0.997910 votes=3
389.14 536.57 437.10 539.09 436.17 556.81 388.21 554.28 ship 0 0.997739 votes=3
308.87 282.94 351.05 279.73 352.25 295.60 310.08 298.82 ship 0 0.996824 votes=3
381.83 385.59 419.38 385.91 419.25 400.99 381.71 400.68 ship 0 0.996192 votes=3
151.75 88.53 196.21 89.96 195.60 108.99 151.14 107.56 ship 0 0.995418 votes=3
317.96 312.55 362.96 312.12 363.11 326.88 318.11 327.32 ship 0 0.994005 votes=3
558.00 512.08 608.72 511.17 609.00 526.90 558.28 527.81 ship 0 0.976381 votes=3
426.67 29.72 438.12 708.79 317.70 710.82 306.25 31.75 harbor 0 0.962825 votes=3
198.56 37.31 214.35 706.68 85.18 709.73 69.39 40.36 harbor 0 0.944957 votes=3
678.03 131.89 689.27 724.91 558.65 727.39 547.41 134.37 harbor 0 0.901433 votes=3
70.36 602.65 73.52 567.29 88.33 568.62 85.17 603.97 ship 0 0.752394 votes=3
