481.76 257.95 484.15 463.32 282.13 465.67 279.74 260.31 chimney 0 0.999473 votes=3
383.08 542.59 592.81 522.39 611.34 714.81 401.62 735.01 chimney 0 0.998798 votes=3
566.20 742.75 586.78 742.53 586.99 762.28 566.41 762.49 storagetank 0 0.965319 votes=3
644.89 483.01 658.50 483.34 658.18 496.52 644.57 496.19 storagetank 0 0.920227 votes=3
597.45 729.65 599.43 742.21 587.03 744.17 585.05 731.61 storagetank 0 0.908532 votes=3
615.62 739.50 616.33 750.33 606.17 750.99 605.47 740.16 storagetank 0 0.908108 votes=3
651.73 497.67 666.35 498.31 665.73 512.45 651.11 511.81 storagetank 0 0.894811 votes=3
638.23 467.75 653.03 466.89 653.85 480.83 639.05 481.70 storagetank 0 0.870082 votes=3
598.94 728.13 610.17 725.85 612.28 736.22 601.05 738.50 storagetank 0 0.864924 votes=3
602.52 744.10 604.85 755.28 594.50 757.44 592.16 746.26 storagetank 0 0.857522 votes=3
502.00 488.42 503.38 501.17 490.89 502.53 489.51 489.77 storagetank 0 0.791332 votes=3
