221.22 623.28 221.34 712.57 195.00 712.61 194.88 623.32 ship 0 0.999764 votes=3
307.94 621.88 310.84 713.68 283.55 714.54 280.66 622.74 ship 0 0.999746 votes=3
19.45 491.68 21.92 380.35 55.73 381.10 53.25 492.43 ship 0 0.999698 votes=3
411.16 506.82 411.41 425.44 438.18 425.52 437.93 506.90 ship 0 0.999675 votes=3
623.44 484.90 762.99 488.40 762.00 527.99 622.45 524.49 ship 0 0.999645 votes=3
189.73 498.31 190.81 422.59 214.14 422.92 213.05 498.65 ship 0 0.999612 votes=3
480.90 631.54 481.95 708.34 456.51 708.69 455.46 631.88 ship 0 0.999589 votes=3
65.41 337.54 225.15 336.20 225.54 382.99 65.80 384.32 ship 0 0.999587 votes=3
178.88 638.15 185.86 710.11 161.42 712.48 154.44 640.52 ship 0 0.999582 votes=3
92.15 688.78 92.47 602.63 123.05 602.75 122.73 688.90 ship 0 0.999575 votes=3
443.80 512.81 447.06 426.92 474.09 427.95 470.83 513.83 ship 0 0.999474 votes=3
50.13 685.59 51.00 598.75 81.08 599.05 80.21 685.89 ship 0 0.999469 votes=3
617.23 548.66 791.74 552.27 790.88 594.11 616.37 590.50 ship 0 0.999447 votes=3
511.71 430.29 512.89 483.31 491.49 483.78 490.31 430.77 ship 0 0.999428 votes=3
8.39 688.25 9.20 595.78 42.05 596.07 41.24 688.54 ship 0 0.999409 votes=3
234.41 333.75 431.41 342.47 429.26 391.08 232.25 382.36 ship 0 0.999340 votes=3
273.79 659.90 274.04 710.04 254.63 710.14 254.38 660.00 ship 0 0.999260 votes=3
521.08 503.80 524.34 428.99 551.68 430.18 548.42 504.99 ship 0 0.999241 votes=3
364.27 430.86 364.52 475.62 344.71 475.73 344.46 430.97 ship 0 0.999205 votes=3
524.81 362.06 621.91 363.85 621.31 396.54 524.21 394.75 ship 0 0.999055 votes=3
223.51 96.73 274.93 88.71 278.05 108.71 226.63 116.73 ship 0 0.998997 votes=3
297.49 486.33 300.44 443.61 317.11 444.76 314.16 487.48 ship 0 0.998388 votes=3
546.88 706.68 547.45 645.76 570.29 645.98 569.73 706.90 ship 0 0.996950 votes=3
372.33 489.30 376.43 447.10 394.56 448.86 390.47 491.06 ship 0 0.977843 votes=3
68.95 472.52 70.80 436.42 86.33 437.22 84.49 473.31 ship 0 0.977415 votes=3
24.86 374.77 626.52 390.51 623.55 503.96 21.89 488.22 harbor 0 0.900514 votes=3
