93.25 358.25 687.89 553.58 599.04 824.06 4.40 628.73 Expressway-Service-area 0 0.998772 votes=3
208.53 -7.67 801.62 184.27 713.59 456.29 120.50 264.35 Expressway-Service-area 0 0.998658 votes=3
512.01 283.15 514.52 320.39 505.36 321.00 502.86 283.76 vehicle 0 0.995095 votes=3
315.85 302.27 364.39 316.43 361.24 327.21 312.71 313.05 vehicle 0 0.994833 votes=3
435.57 267.14 436.31 294.63 428.44 294.85 427.69 267.36 vehicle 0 0.991939 votes=3
228.18 408.22 250.80 414.53 248.78 421.79 226.16 415.47 vehicle 0 0.990697 votes=3
529.85 294.67 536.92 330.83 529.33 332.31 522.26 296.16 vehicle 0 0.982560 votes=3
307.60 494.31 323.88 539.25 315.08 542.44 298.80 497.50 vehicle 0 0.979735 votes=3
393.07 246.29 403.12 292.28 393.12 294.46 383.07 248.48 vehicle 0 0.979166 votes=3
453.05 269.45 458.87 295.05 451.61 296.70 445.80 271.10 vehicle 0 0.969682 votes=3
264.05 481.69 288.29 521.42 276.85 528.40 252.61 488.67 vehicle 0 0.939283 votes=3
355.74 145.23 377.38 150.45 375.32 158.96 353.69 153.73 vehicle 0 0.770072 votes=3
571.14 309.18 578.36 345.17 569.90 346.86 562.69 310.87 vehicle 0 0.743772 votes=3
