333.33 638.52 337.46 572.12 361.42 573.61 357.29 640.00 ship 0 0.999721 votes=3
439.10 643.98 439.24 573.00 463.63 573.05 463.49 644.03 ship 0 0.999701 votes=3
195.73 260.63 196.65 166.98 230.37 167.31 229.45 260.96 ship 0 0.999695 votes=3
603.22 652.74 605.12 584.60 629.07 585.26 627.17 653.41 ship 0 0.999689 votes=3
557.28 652.06 558.86 570.34 590.18 570.94 588.60 652.67 ship 0 0.999677 votes=3
493.52 573.96 493.77 648.28 469.96 648.36 469.71 574.04 ship 0 0.999673 votes=3
594.61 755.10 598.45 672.71 624.10 673.90 620.26 756.30 ship 0 0.999669 votes=3
268.49 635.75 268.93 569.43 291.91 569.58 291.47 635.90 ship 0 0.999643 votes=3
548.82 771.19 554.35 672.50 587.94 674.38 582.41 773.07 ship 0 0.999635 votes=3
295.63 732.14 300.82 658.75 325.51 660.50 320.32 733.89 ship 0 0.999617 votes=3
294.50 358.04 295.57 283.51 321.85 283.89 320.79 358.41 ship 0 0.999583 votes=3
483.51 669.68 485.71 734.45 460.60 735.30 458.41 670.54 ship 0 0.999535 votes=3
368.28 285.87 368.68 365.01 342.54 365.14 342.15 286.00 ship 0 0.999527 votes=3
509.78 648.88 517.56 559.19 549.87 561.99 542.09 651.68 ship 0 0.999513 votes=3
399.00 645.14 405.94 566.04 431.36 568.27 424.41 647.37 ship 0 0.999498 votes=3
237.13 637.58 241.05 573.37 262.53 574.68 258.61 638.90 ship 0 0.999479 votes=3
643.00 654.77 644.42 588.45 669.79 588.99 668.38 655.31 ship 0 0.999459 votes=3
370.62 163.06 370.75 259.71 342.01 259.75 341.88 163.10 ship 0 0.999412 votes=3
282.27 162.46 282.47 258.86 248.11 258.93 247.91 162.53 ship 0 0.999401 votes=3
259.66 736.10 263.73 654.07 288.39 655.29 284.31 737.32 ship 0 0.999375 votes=3
291.84 258.56 304.66 175.79 333.12 180.20 320.30 262.97 ship 0 0.999318 votes=3
170.17 187.24 171.06 254.53 145.91 254.86 145.03 187.57 ship 0 0.999238 votes=3
305.10 634.25 306.81 569.30 330.44 569.92 328.72 634.88 ship 0 0.999092 votes=3
637.68 748.75 639.10 680.14 664.12 680.66 662.70 749.27 ship 0 0.999003 votes=3
129.66 630.52 134.67 562.76 159.96 564.63 154.94 632.39 ship 0 0.998559 votes=3
244.79 368.83 246.03 288.40 275.50 288.85 274.26 369.29 ship 0 0.998089 votes=3
501.17 736.29 505.82 675.95 540.76 678.64 536.11 738.98 ship 0 0.994217 votes=3
123.84 172.95 354.86 168.27 359.14 379.42 128.13 384.10 harbor 0 0.991209 votes=3
120.51 559.91 701.34 581.07 695.48 741.82 114.66 720.66 harbor 0 0.976330 votes=3
159.69 628.29 161.51 571.28 185.15 572.04 183.33 629.05 ship 0 0.946708 votes=3
