674.07 54.45 674.47 110.10 650.98 110.27 650.57 54.62 vehicle 0 0.999738 votes=3
526.74 241.36 527.38 296.04 504.42 296.31 503.78 241.63 vehicle 0 0.999715 votes=3
399.13 669.46 400.69 720.61 378.86 721.28 377.29 670.13 vehicle 0 0.999711 votes=3
713.38 167.77 727.69 109.31 752.45 115.37 738.14 173.83 vehicle 0 0.999669 votes=3
756.25 239.12 756.79 292.32 733.12 292.55 732.58 239.35 vehicle 0 0.999653 votes=3
383.29 47.17 444.59 46.21 444.98 71.64 383.69 72.60 vehicle 0 0.999609 votes=3
262.48 564.83 263.57 507.52 287.49 507.98 286.40 565.29 vehicle 0 0.999206 votes=3
601.03 44.22 601.86 97.75 578.88 98.10 578.05 44.57 vehicle 0 0.999065 votes=3
446.89 190.73 537.58 192.50 536.90 227.13 446.22 225.36 vehicle 0 0.999012 votes=3
578.05 150.37 624.26 156.30 621.45 178.21 575.24 172.28 vehicle 0 0.998799 votes=3
370.96 510.59 372.98 565.37 350.52 566.19 348.51 511.42 vehicle 0 0.997712 votes=3
-7.27 563.02 46.96 566.61 44.91 597.56 -9.32 593.96 vehicle 0 0.996400 votes=3
200.02 776.85 246.85 778.56 246.07 799.84 199.24 798.12 vehicle 0 0.977813 votes=3
18.90 713.85 83.79 715.05 83.54 728.53 18.65 727.33 vehicle 0 0.755269 votes=2
