616.19 295.74 711.94 295.26 712.33 372.98 616.58 373.47 storagetank 0 0.999291 votes=3
189.92 227.45 387.62 228.19 386.91 416.62 189.21 415.88 storagetank 0 0.998711 votes=3
527.73 329.60 582.67 324.72 586.43 367.07 531.49 371.94 storagetank 0 0.997463 votes=3
413.84 81.17 613.98 74.76 619.95 261.19 419.81 267.60 storagetank 0 0.997371 votes=3
278.13 624.56 309.30 622.14 311.22 646.84 280.05 649.26 storagetank 0 0.989943 votes=3
294.16 656.42 319.69 643.44 331.95 667.56 306.43 680.54 storagetank 0 0.982645 votes=3
340.00 584.50 370.54 572.19 381.44 599.23 350.90 611.54 storagetank 0 0.976149 votes=3
389.28 607.03 390.82 622.25 376.20 623.73 374.66 608.51 storagetank 0 0.955663 votes=3
576.06 389.58 616.94 387.04 618.39 410.20 577.50 412.75 storagetank 0 0.924204 votes=3
388.82 628.37 401.20 628.79 400.84 639.35 388.46 638.94 storagetank 0 0.797407 votes=3
602.20 413.29 617.59 405.87 621.80 414.61 606.41 422.03 storagetank 0 0.660927 votes=2
321.61 597.39 333.75 591.23 338.87 601.34 326.73 607.49 storagetank 0 0.654182 votes=2
