696.87 138.88 773.44 138.20 773.64 160.05 697.06 160.73 ship 0 0.999644 votes=3
495.21 142.23 555.52 142.72 555.37 161.62 495.06 161.14 ship 0 0.999600 votes=3
617.34 219.89 673.48 220.47 673.29 239.16 617.14 238.58 ship 0 0.999597 votes=3
421.82 141.73 478.72 142.16 478.57 161.36 421.67 160.94 ship 0 0.999570 votes=3
426.86 218.93 477.39 217.70 477.79 234.15 427.26 235.38 ship 0 0.999538 votes=3
426.44 552.07 482.21 553.23 481.81 572.55 426.03 571.39 ship 0 0.999520 votes=3
624.35 496.38 677.18 496.24 677.23 514.06 624.40 514.21 ship 0 0.999512 votes=3
627.36 471.40 676.83 470.42 677.16 487.21 627.69 488.19 ship 0 0.999494 votes=3
697.71 571.13 761.08 570.33 761.32 589.65 697.95 590.46 ship 0 0.999485 votes=3
698.79 470.26 755.96 469.94 756.06 488.47 698.89 488.79 ship 0 0.999474 votes=3
249.44 577.49 291.41 576.75 291.67 591.53 249.71 592.27 ship 0 0.999455 votes=3
505.15 600.08 559.38 599.10 559.71 617.48 505.48 618.46 ship 0 0.999448 votes=3
234.26 145.31 291.78 143.49 292.42 163.85 234.90 165.67 ship 0 0.999417 votes=3
629.16 547.90 676.81 547.62 676.91 563.93 629.26 564.21 ship 0 0.999412 votes=3
700.40 394.70 756.65 395.02 756.54 413.06 700.30 412.74 ship 0 0.999408 votes=3
703.16 546.86 752.24 545.86 752.58 562.46 703.50 563.46 ship 0 0.999408 votes=3
65.24 267.07 119.01 266.07 119.33 283.37 65.57 284.37 ship 0 0.999401 votes=3
621.73 196.39 675.23 194.87 675.77 213.64 622.26 215.16 ship 0 0.999392 votes=3
499.90 192.90 553.86 193.56 553.64 211.40 499.68 210.74 ship 0 0.999366 votes=3
700.64 195.67 750.21 193.51 750.95 210.48 701.37 212.63 ship 0 0.999343 votes=3
620.35 321.77 676.77 320.34 677.24 339.13 620.83 340.56 ship 0 0.999333 votes=3
505.30 434.17 554.46 434.53 554.36 449.03 505.19 448.67 ship 0 0.999307 votes=3
306.24 146.60 360.69 147.63 360.36 165.63 305.90 164.60 ship 0 0.999299 votes=3
72.49 147.61 127.34 147.48 127.38 165.87 72.53 166.00 ship 0 0.999269 votes=3
72.59 444.82 120.95 445.07 120.86 462.48 72.50 462.24 ship 0 0.999247 votes=3
699.27 244.72 755.02 244.79 755.00 263.61 699.24 263.55 ship 0 0.999241 votes=3
628.08 571.12 676.64 570.09 677.00 586.86 628.44 587.89 ship 0 0.999240 votes=3
623.12 143.38 674.30 143.28 674.34 161.86 623.15 161.96 ship 0 0.999218 votes=3
435.15 526.71 481.83 527.27 481.62 544.57 434.94 544.01 ship 0 0.999193 votes=3
428.84 505.27 480.75 504.18 481.12 521.68 429.21 522.77 ship 0 0.999190 votes=3
65.58 509.61 119.90 509.25 120.02 527.42 65.70 527.79 ship 0 0.999187 votes=3
146.93 578.82 187.07 578.99 187.01 592.41 146.87 592.24 ship 0 0.999179 votes=3
499.33 314.31 553.41 315.15 553.13 332.91 499.05 332.07 ship 0 0.999149 votes=3
430.80 194.40 475.95 192.89 476.50 209.31 431.35 210.82 ship 0 0.999133 votes=3
627.53 448.25 674.69 445.92 675.56 463.43 628.40 465.77 ship 0 0.999127 votes=3
143.12 554.22 184.38 553.66 184.59 569.62 143.34 570.18 ship 0 0.999123 votes=3
306.07 173.80 359.06 173.19 359.26 190.23 306.27 190.84 ship 0 0.999121 votes=3
698.84 341.39 762.92 342.01 762.73 362.34 698.64 361.73 ship 0 0.999101 votes=3
496.63 170.01 552.10 170.28 552.02 187.72 496.54 187.45 ship 0 0.999087 votes=3
701.30 442.54 759.39 442.74 759.32 463.43 701.23 463.23 ship 0 0.999073 votes=3
700.26 494.42 758.98 494.46 758.96 512.66 700.25 512.62 ship 0 0.999050 votes=3
626.14 370.69 675.41 370.70 675.41 388.79 626.13 388.78 ship 0 0.999038 votes=3
505.38 550.14 557.59 550.07 557.61 569.74 505.41 569.80 ship 0 0.999034 votes=3
421.74 170.34 474.70 170.08 474.79 188.43 421.83 188.69 ship 0 0.999008 votes=3
499.66 241.08 549.27 241.63 549.09 258.16 499.48 257.61 ship 0 0.999003 votes=3
696.40 167.32 764.38 166.36 764.67 186.76 696.70 187.73 ship 0 0.998994 votes=3
76.42 377.41 117.88 377.31 117.92 392.20 76.45 392.30 ship 0 0.998992 votes=3
497.72 409.03 548.42 408.74 548.51 424.56 497.81 424.85 ship 0 0.998953 votes=3
696.68 217.89 760.47 216.97 760.77 237.65 696.97 238.57 ship 0 0.998950 votes=3
696.52 293.52 757.13 294.50 756.82 313.38 696.21 312.40 ship 0 0.998944 votes=3
316.03 532.68 359.22 532.29 359.35 546.94 316.16 547.33 ship 0 0.998942 votes=3
249.78 511.26 290.54 510.57 290.77 524.13 250.01 524.82 ship 0 0.998925 votes=3
442.49 598.24 483.02 598.22 483.02 614.55 442.50 614.57 ship 0 0.998922 votes=3
699.62 270.51 757.15 270.64 757.11 289.01 699.57 288.88 ship 0 0.998911 votes=3
624.62 243.59 671.72 244.08 671.54 261.68 624.44 261.19 ship 0 0.998900 votes=3
314.13 307.53 357.28 307.53 357.28 322.51 314.13 322.50 ship 0 0.998881 votes=3
310.14 218.86 354.12 218.93 354.10 233.36 310.12 233.29 ship 0 0.998871 votes=3
699.50 368.76 761.52 367.84 761.82 388.29 699.80 389.20 ship 0 0.998870 votes=3
620.74 346.06 677.18 343.20 678.15 362.53 621.72 365.38 ship 0 0.998773 votes=3
681.03 678.54 681.75 704.24 671.66 704.53 670.93 678.82 vehicle 0 0.998768 votes=3
84.18 576.08 124.14 581.48 122.30 595.03 82.35 589.63 ship 0 0.998729 votes=3
241.27 218.35 291.99 217.22 292.37 234.11 241.65 235.24 ship 0 0.998726 votes=3
631.62 520.81 677.37 520.71 677.41 537.45 631.66 537.55 ship 0 0.998719 votes=3
72.83 489.35 116.54 489.09 116.64 504.99 72.92 505.26 ship 0 0.998708 votes=3
628.32 170.97 677.01 168.91 677.72 185.85 629.04 187.91 ship 0 0.998699 votes=3
132.26 147.43 187.01 147.68 186.92 165.98 132.18 165.74 ship 0 0.998680 votes=3
430.72 456.56 480.27 456.37 480.34 474.05 430.79 474.24 ship 0 0.998657 votes=3
631.60 596.65 672.25 596.63 672.26 611.40 631.60 611.42 ship 0 0.998630 votes=3
143.97 511.83 188.00 512.34 187.84 527.00 143.80 526.50 ship 0 0.998606 votes=3
138.86 176.52 179.49 175.60 179.79 188.77 139.16 189.69 ship 0 0.998585 votes=3
314.79 419.75 361.48 420.34 361.29 434.81 314.60 434.21 ship 0 0.998554 votes=3
242.51 174.20 288.78 172.93 289.22 188.93 242.95 190.20 ship 0 0.998544 votes=3
312.63 488.03 355.39 487.70 355.50 501.66 312.74 502.00 ship 0 0.998528 votes=3
246.86 420.02 288.07 419.36 288.33 435.40 247.12 436.06 ship 0 0.998527 votes=3
501.52 478.69 554.96 477.56 555.32 494.86 501.89 495.99 ship 0 0.998499 votes=3
245.72 265.20 288.56 263.25 289.22 277.82 246.38 279.76 ship 0 0.998499 votes=3
138.34 287.42 182.25 286.92 182.42 301.58 138.51 302.08 ship 0 0.998495 votes=3
632.22 422.32 675.66 420.52 676.28 435.53 632.83 437.33 ship 0 0.998488 votes=3
251.52 490.29 288.52 489.72 288.72 502.81 251.72 503.38 ship 0 0.998468 votes=3
143.30 331.54 187.78 331.73 187.72 346.38 143.24 346.19 ship 0 0.998392 votes=3
432.51 362.78 481.23 361.48 481.68 378.50 432.97 379.80 ship 0 0.998330 votes=3
146.01 489.64 183.58 489.93 183.48 502.29 145.92 501.99 ship 0 0.998309 votes=3
142.40 354.51 182.71 357.20 181.76 371.41 141.45 368.72 ship 0 0.998286 votes=3
443.26 411.46 478.29 408.17 479.55 421.59 444.52 424.88 ship 0 0.998263 votes=3
246.39 375.14 288.98 374.95 289.05 389.96 246.46 390.15 ship 0 0.998236 votes=3
143.26 422.74 186.91 422.87 186.87 436.61 143.22 436.48 ship 0 0.998234 votes=3
149.36 375.79 189.35 375.72 189.38 390.10 149.39 390.17 ship 0 0.998234 votes=3
307.34 374.16 353.92 373.56 354.12 389.41 307.54 390.01 ship 0 0.998222 votes=3
498.03 455.12 553.01 455.18 552.99 472.15 498.01 472.09 ship 0 0.998221 votes=3
499.32 502.70 555.67 502.81 555.64 520.67 499.29 520.57 ship 0 0.998219 votes=3
250.77 682.05 251.49 705.01 241.22 705.33 240.50 682.37 vehicle 0 0.998195 votes=3
429.81 432.17 479.28 430.10 480.05 448.58 430.58 450.64 ship 0 0.998132 votes=3
246.44 239.81 289.20 240.10 289.09 255.45 246.34 255.16 ship 0 0.998098 votes=3
700.56 319.94 757.44 319.58 757.56 337.08 700.67 337.44 ship 0 0.998046 votes=3
252.73 399.16 289.66 398.33 289.97 411.76 253.04 412.59 ship 0 0.998032 votes=3
311.14 397.70 362.07 397.91 362.00 414.03 311.07 413.81 ship 0 0.997950 votes=3
315.16 464.37 358.62 465.25 358.33 479.77 314.87 478.89 ship 0 0.997890 votes=3
429.15 480.55 477.74 479.36 478.08 493.42 429.49 494.61 ship 0 0.997884 votes=3
307.56 330.23 354.25 330.47 354.17 345.54 307.49 345.31 ship 0 0.997877 votes=3
313.83 443.69 353.62 443.45 353.70 457.26 313.91 457.50 ship 0 0.997852 votes=3
71.57 354.34 120.17 355.61 119.73 372.58 71.12 371.31 ship 0 0.997798 votes=3
145.70 443.75 195.88 444.27 195.71 460.59 145.53 460.07 ship 0 0.997769 votes=3
246.85 196.76 292.50 196.34 292.63 210.84 246.98 211.26 ship 0 0.997637 votes=3
627.74 398.88 676.63 395.01 677.97 411.91 629.08 415.78 ship 0 0.997589 votes=3
72.95 244.60 116.89 241.25 118.02 256.14 74.08 259.49 ship 0 0.997567 votes=3
142.38 265.39 181.35 264.95 181.49 277.18 142.52 277.63 ship 0 0.997538 votes=3
312.56 262.90 346.85 263.33 346.69 275.84 312.40 275.41 ship 0 0.997490 votes=3
77.17 331.62 120.90 331.60 120.91 347.00 77.18 347.03 ship 0 0.997486 votes=3
253.14 465.56 288.48 464.60 288.83 477.30 253.49 478.26 ship 0 0.997422 votes=3
312.57 286.07 345.38 285.60 345.55 297.59 312.74 298.05 ship 0 0.997419 votes=3
145.63 242.24 180.08 242.65 179.92 255.92 145.48 255.52 ship 0 0.997414 votes=3
501.46 340.57 541.97 339.50 542.34 353.59 501.83 354.65 ship 0 0.997307 votes=3
144.34 401.27 181.56 400.86 181.69 413.19 144.47 413.59 ship 0 0.997239 votes=3
73.22 423.15 119.75 423.08 119.77 437.15 73.25 437.22 ship 0 0.997162 votes=3
699.27 421.60 749.94 422.33 749.69 439.57 699.03 438.84 ship 0 0.997154 votes=3
499.48 265.21 549.90 264.72 550.06 282.05 499.65 282.54 ship 0 0.997068 votes=3
247.16 330.85 290.71 330.90 290.69 345.39 247.15 345.34 ship 0 0.997004 votes=3
76.69 533.13 122.57 535.40 121.70 553.01 75.82 550.74 ship 0 0.996927 votes=3
76.41 176.84 114.76 176.55 114.87 191.55 76.52 191.84 ship 0 0.996867 votes=3
75.10 197.10 118.87 196.11 119.20 210.73 75.44 211.73 ship 0 0.996845 votes=3
81.21 466.82 121.93 466.85 121.92 480.10 81.20 480.07 ship 0 0.996800 votes=3
503.90 524.87 552.72 524.84 552.73 544.43 503.92 544.46 ship 0 0.996712 votes=3
82.07 313.21 117.50 311.67 118.13 325.99 82.70 327.53 ship 0 0.996606 votes=3
75.81 222.01 117.48 221.06 117.80 235.28 76.14 236.24 ship 0 0.996474 votes=3
77.63 398.60 119.82 398.38 119.89 412.27 77.71 412.49 ship 0 0.996430 votes=3
309.36 241.64 350.70 240.57 351.04 253.63 309.70 254.71 ship 0 0.996080 votes=3
453.43 578.63 477.97 579.06 477.79 589.44 453.25 589.01 ship 0 0.995829 votes=3
432.31 342.62 476.83 338.94 477.93 352.29 433.42 355.97 ship 0 0.995681 votes=3
625.30 294.39 670.16 302.73 667.45 317.32 622.59 308.98 ship 0 0.995537 votes=3
501.16 288.97 535.12 288.02 535.49 301.18 501.52 302.13 ship 0 0.995486 votes=3
714.79 681.06 716.07 705.50 704.41 706.11 703.13 681.67 vehicle 0 0.995123 votes=3
317.25 556.22 346.50 555.95 346.62 568.21 317.36 568.49 ship 0 0.995029 votes=3
260.60 533.75 288.11 533.44 288.25 545.25 260.73 545.56 ship 0 0.994981 votes=3
437.76 385.82 478.36 385.75 478.39 401.08 437.79 401.16 ship 0 0.994927 votes=3
254.66 287.29 290.32 287.42 290.27 299.66 254.62 299.52 ship 0 0.994750 votes=3
140.78 309.65 183.22 310.08 183.07 325.39 140.62 324.97 ship 0 0.994156 votes=3
255.79 443.96 290.49 442.40 291.03 454.33 256.32 455.90 ship 0 0.993859 votes=3
504.75 362.86 534.02 362.49 534.16 374.18 504.90 374.55 ship 0 0.992584 votes=3
426.93 240.22 477.85 239.17 478.22 257.28 427.30 258.34 ship 0 0.990417 votes=3
175.11 156.74 177.50 625.39 84.01 625.87 81.63 157.22 harbor 0 0.972435 votes=3
534.70 158.26 538.13 632.07 446.47 632.73 443.04 158.92 harbor 0 0.961219 votes=3
749.67 153.29 753.11 628.31 632.51 629.18 629.06 154.17 harbor 0 0.959368 votes=3
345.72 150.11 346.66 632.06 256.04 632.24 255.10 150.29 harbor 0 0.956228 votes=3
466.15 681.35 466.15 703.18 456.30 703.18 456.30 681.35 vehicle 0 0.954001 votes=2
97.43 698.16 99.51 677.03 108.32 677.90 106.23 699.03 vehicle 0 0.944275 votes=2
