16.44 472.42 280.11 8.47 497.53 132.04 233.86 595.99 Expressway-Service-area 0 0.998984 votes=3
315.27 613.58 581.79 155.58 789.57 276.49 523.04 734.49 Expressway-Service-area 0 0.998286 votes=3
333.94 334.65 352.74 296.12 359.80 299.56 341.01 338.10 vehicle 0 0.996387 votes=3
241.07 377.19 260.68 341.88 267.31 345.57 247.70 380.88 vehicle 0 0.989184 votes=3
290.36 290.44 303.38 265.43 309.77 268.76 296.75 293.77 vehicle 0 0.989034 votes=3
483.09 490.65 499.39 462.44 504.70 465.50 488.39 493.71 vehicle 0 0.979402 votes=3
170.25 729.53 209.16 660.65 252.73 685.27 213.81 754.14 overpass 0 0.974437 votes=2
449.82 451.32 463.23 425.51 469.15 428.58 455.74 454.40 vehicle 0 0.939745 votes=3
224.59 750.83 264.59 692.13 277.04 700.61 237.04 759.31 overpass 0 0.935415 votes=2
144.73 720.99 179.43 654.46 192.10 661.07 157.40 727.60 overpass 0 0.918712 votes=3
222.37 353.71 254.08 293.28 263.33 298.13 231.61 358.56 vehicle 0 0.842374 votes=3
