201.54 324.92 202.91 250.84 227.23 251.29 225.86 325.37 ship 0 0.999705 votes=3
169.11 323.26 173.63 239.07 201.23 240.55 196.71 324.74 ship 0 0.999641 votes=3
167.15 32.12 167.71 124.60 140.42 124.76 139.86 32.28 ship 0 0.999528 votes=3
75.08 127.97 76.93 31.92 106.17 32.48 104.32 128.53 ship 0 0.999482 votes=3
40.68 310.39 41.89 223.12 71.93 223.53 70.72 310.81 ship 0 0.999469 votes=3
136.78 320.22 138.10 229.80 166.34 230.21 165.03 320.63 ship 0 0.999468 votes=3
287.93 30.71 289.73 131.48 258.05 132.05 256.25 31.27 ship 0 0.999442 votes=3
198.27 126.74 199.35 37.60 226.14 37.93 225.05 127.07 ship 0 0.999333 votes=3
168.16 127.86 169.23 39.27 197.04 39.60 195.98 128.19 ship 0 0.999294 votes=3
29.68 101.51 29.81 185.66 2.64 185.70 2.51 101.56 ship 0 0.999289 votes=3
293.72 338.39 308.82 224.85 343.69 229.49 328.59 343.03 ship 0 0.999271 votes=3
390.64 140.12 396.16 38.20 426.96 39.87 421.43 141.79 ship 0 0.999229 votes=3
353.30 133.85 362.61 37.05 391.83 39.86 382.52 136.65 ship 0 0.999218 votes=3
73.38 313.98 78.64 243.12 104.73 245.06 99.47 315.92 ship 0 0.998917 votes=3
263.39 330.90 268.30 232.90 299.52 234.46 294.62 332.46 ship 0 0.998857 votes=3
710.92 113.34 713.39 82.09 727.17 83.18 724.70 114.43 ship 0 0.998807 votes=3
553.49 269.00 619.07 162.46 651.58 182.48 586.00 289.01 ship 0 0.998758 votes=3
310.40 140.87 325.75 38.74 356.30 43.33 340.95 145.46 ship 0 0.998379 votes=3
419.21 433.50 419.86 465.55 405.30 465.84 404.65 433.79 ship 0 0.998319 votes=3
643.78 295.57 698.72 213.18 723.36 229.60 668.41 311.99 ship 0 0.998183 votes=3
581.73 310.71 657.40 186.34 687.87 204.87 612.20 329.25 ship 0 0.997619 votes=3
714.08 327.74 759.41 253.20 782.92 267.50 737.60 342.04 ship 0 0.997492 votes=3
254.40 42.58 256.63 125.09 230.26 125.80 228.03 43.29 ship 0 0.997456 votes=3
442.79 180.37 503.94 90.50 531.25 109.09 470.10 198.95 ship 0 0.994924 votes=3
496.52 710.12 517.28 751.58 496.92 761.78 476.15 720.33 ship 0 0.993704 votes=3
727.36 182.83 764.92 205.37 758.02 216.87 720.46 194.33 ship 0 0.986293 votes=3
32.20 211.82 346.10 242.32 333.92 367.67 20.02 337.18 harbor 0 0.885880 votes=3
574.70 791.95 776.70 350.97 831.52 376.08 629.51 817.06 bridge 0 0.757226 votes=3
6.63 11.48 489.85 18.96 487.97 140.56 4.74 133.08 harbor 0 0.753415 votes=2
