716.40 24.83 719.00 774.68 335.09 776.01 332.49 26.16 groundtrackfield 0 0.999353 votes=3
203.87 423.23 205.40 318.78 254.38 319.50 252.85 423.95 tenniscourt 0 0.998982 votes=3
197.92 489.08 198.67 593.06 158.47 593.35 157.71 489.37 tenniscourt 0 0.998736 votes=3
110.85 320.34 112.69 424.11 63.50 424.98 61.66 321.22 tenniscourt 0 0.998251 votes=3
255.44 488.31 256.02 592.66 206.99 592.93 206.41 488.58 tenniscourt 0 0.997950 votes=3
150.91 489.69 151.76 593.28 102.50 593.68 101.65 490.09 tenniscourt 0 0.997580 votes=3
294.02 658.59 294.74 761.87 245.93 762.22 245.21 658.93 tenniscourt 0 0.996735 votes=3
182.45 319.90 183.27 423.78 135.51 424.15 134.68 320.28 tenniscourt 0 0.996509 votes=3
152.24 658.86 153.17 762.79 104.26 763.23 103.33 659.29 tenniscourt 0 0.992283 votes=3
223.13 658.46 224.12 762.57 175.26 763.03 174.27 658.93 tenniscourt 0 0.991982 votes=3
63.43 697.70 63.83 715.75 55.35 715.93 54.95 697.88 vehicle 0 0.874767 votes=2
