36.13 463.16 168.99 459.21 170.26 501.90 37.39 505.85 ship 0 0.999703 votes=3
360.24 400.87 480.43 440.85 467.58 479.48 347.39 439.50 ship 0 0.999675 votes=3
107.66 340.41 194.42 339.94 194.58 369.75 107.82 370.22 ship 0 0.999610 votes=3
42.73 641.36 129.13 653.23 125.25 681.42 38.86 669.55 ship 0 0.999585 votes=3
43.77 513.86 157.30 517.60 156.21 550.60 42.68 546.86 ship 0 0.999545 votes=3
42.14 379.15 151.33 378.76 151.46 415.93 42.27 416.32 ship 0 0.999539 votes=3
699.07 348.42 717.85 252.72 749.59 258.95 730.81 354.65 ship 0 0.999484 votes=3
40.13 431.22 121.73 422.15 124.65 448.38 43.05 457.45 ship 0 0.999296 votes=3
42.47 601.19 131.48 600.42 131.71 626.97 42.69 627.74 ship 0 0.999273 votes=3
709.14 512.10 779.05 467.58 793.39 490.11 723.48 534.62 ship 0 0.999192 votes=3
576.26 441.66 644.58 483.80 631.02 505.79 562.69 463.65 ship 0 0.999001 votes=3
282.94 648.66 289.43 734.85 259.98 737.07 253.49 650.87 ship 0 0.998887 votes=3
202.71 745.82 204.26 648.72 236.66 649.23 235.12 746.33 ship 0 0.998837 votes=3
578.45 491.06 659.05 530.15 643.84 561.51 563.24 522.42 ship 0 0.998518 votes=3
290.71 712.01 292.49 620.49 324.97 621.12 323.20 712.64 ship 0 0.998315 votes=3
164.64 746.66 166.09 654.59 194.47 655.03 193.02 747.11 ship 0 0.997801 votes=3
390.65 475.92 482.78 522.97 468.62 550.69 376.49 503.64 ship 0 0.997773 votes=3
373.91 681.99 378.00 594.25 408.11 595.65 404.02 683.40 ship 0 0.997503 votes=3
233.96 51.77 241.74 155.52 201.93 158.50 194.15 54.76 ship 0 0.996969 votes=3
493.61 -20.07 584.47 66.49 557.10 95.22 466.23 8.67 ship 0 0.995612 votes=3
43.21 554.41 173.23 555.83 172.83 592.07 42.81 590.66 ship 0 0.995022 votes=3
618.24 256.96 696.36 341.15 669.58 365.99 591.47 281.80 ship 0 0.971320 votes=3
575.27 287.45 661.55 374.05 639.28 396.23 553.00 309.64 ship 0 0.967623 votes=3
590.67 362.29 656.13 432.12 633.63 453.22 568.16 383.39 ship 0 0.952133 votes=3
112.85 717.06 137.47 724.50 134.32 734.92 109.70 727.48 ship 0 0.762364 votes=3
