95.74 327.85 98.88 265.96 117.15 266.89 114.00 328.78 ship 0 0.999755 votes=3
737.18 381.90 737.91 284.53 765.25 284.73 764.52 382.11 ship 0 0.999730 votes=3
633.96 333.31 634.09 386.41 615.87 386.46 615.73 333.36 ship 0 0.999707 votes=3
39.51 334.36 40.29 266.35 61.65 266.60 60.87 334.61 ship 0 0.999697 votes=3
513.53 382.30 513.79 335.00 530.11 335.09 529.85 382.39 ship 0 0.999686 votes=3
211.68 333.19 215.68 262.99 235.46 264.12 231.46 334.31 ship 0 0.999653 votes=3
71.27 330.85 72.73 270.52 91.65 270.98 90.19 331.31 ship 0 0.999626 votes=3
186.51 332.54 188.42 273.46 207.75 274.08 205.83 333.17 ship 0 0.999603 votes=3
36.26 401.09 36.70 349.40 53.70 349.55 53.26 401.23 ship 0 0.999602 votes=3
490.20 388.16 490.77 336.04 507.40 336.22 506.83 388.35 ship 0 0.999559 votes=3
459.38 312.07 460.44 264.29 476.85 264.65 475.80 312.44 ship 0 0.999499 votes=3
647.51 390.45 648.43 329.56 667.47 329.85 666.54 390.74 ship 0 0.999427 votes=3
610.79 334.33 610.82 388.90 591.63 388.91 591.60 334.34 ship 0 0.999420 votes=3
173.03 280.12 173.37 335.05 154.75 335.17 154.41 280.23 ship 0 0.999396 votes=3
14.51 395.54 14.91 345.14 31.27 345.27 30.88 395.67 ship 0 0.999350 votes=3
410.52 373.10 411.34 329.93 424.58 330.18 423.76 373.35 ship 0 0.999275 votes=3
15.87 329.05 16.03 275.88 32.75 275.93 32.58 329.10 ship 0 0.999274 votes=3
248.91 337.85 251.25 262.47 272.09 263.12 269.74 338.50 ship 0 0.999262 votes=3
296.76 263.24 297.27 310.92 279.63 311.11 279.12 263.43 ship 0 0.999186 votes=3
357.74 312.28 358.06 264.99 375.55 265.11 375.23 312.40 ship 0 0.999134 votes=3
176.17 394.92 177.00 353.85 190.89 354.13 190.07 395.20 ship 0 0.999040 votes=3
370.58 369.43 370.94 331.28 385.91 331.42 385.55 369.57 ship 0 0.998987 votes=3
725.88 335.57 725.90 388.95 708.71 388.95 708.70 335.58 ship 0 0.998917 votes=3
140.23 395.62 140.40 352.70 154.59 352.76 154.41 395.68 ship 0 0.998904 votes=3
329.70 311.38 331.75 268.03 344.76 268.65 342.70 311.99 ship 0 0.998899 votes=3
159.28 392.64 160.04 352.71 173.95 352.98 173.19 392.91 ship 0 0.998899 votes=3
78.88 403.23 79.22 352.54 95.47 352.65 95.13 403.34 ship 0 0.998783 votes=3
689.76 333.73 689.92 386.81 673.59 386.86 673.42 333.78 ship 0 0.998579 votes=3
235.75 391.42 235.78 355.25 249.00 355.27 248.96 391.43 ship 0 0.998560 votes=3
383.94 87.76 424.30 80.17 426.67 92.77 386.31 100.36 ship 0 0.998526 votes=3
347.23 375.08 347.71 327.28 364.49 327.45 364.00 375.25 ship 0 0.998302 votes=3
120.16 396.61 120.92 354.41 135.09 354.66 134.33 396.87 ship 0 0.998170 votes=3
451.34 367.32 452.54 331.07 466.03 331.51 464.82 367.77 ship 0 0.997883 votes=3
513.17 311.26 513.89 275.96 526.61 276.22 525.88 311.52 ship 0 0.997637 votes=3
255.86 385.37 255.94 355.56 267.51 355.59 267.43 385.40 ship 0 0.997500 votes=3
696.30 272.02 696.65 313.75 683.40 313.87 683.05 272.13 ship 0 0.996970 votes=3
424.52 275.46 424.98 307.26 412.96 307.44 412.50 275.64 ship 0 0.996884 votes=3
674.73 278.35 674.90 310.93 663.19 310.99 663.01 278.41 ship 0 0.996610 votes=3
134.25 83.70 171.26 94.64 166.47 110.85 129.45 99.91 ship 0 0.996391 votes=3
216.58 385.17 218.20 349.97 231.52 350.59 229.89 385.79 ship 0 0.996220 votes=3
631.78 310.90 632.14 284.95 643.03 285.10 642.66 311.06 ship 0 0.996212 votes=3
714.84 311.74 716.38 275.26 728.40 275.76 726.87 312.24 ship 0 0.995582 votes=3
330.13 362.24 330.44 328.47 342.68 328.59 342.36 362.36 ship 0 0.994973 votes=3
582.48 314.67 583.41 272.78 599.64 273.14 598.71 315.03 ship 0 0.993843 votes=3
73.79 35.59 109.87 52.54 102.56 68.10 66.48 51.15 ship 0 0.992846 votes=3
428.23 359.80 429.14 333.01 439.73 333.37 438.82 360.16 ship 0 0.991790 votes=3
195.71 391.13 195.82 356.48 207.43 356.52 207.32 391.17 ship 0 0.991762 votes=3
241.32 14.88 287.78 21.44 284.12 47.34 237.66 40.78 ship 0 0.987122 votes=3
429.86 309.92 430.32 279.23 442.20 279.41 441.75 310.10 ship 0 0.950247 votes=3
6.98 264.44 738.13 259.71 738.97 390.25 7.82 394.98 harbor 0 0.939389 votes=3
73.39 362.00 73.42 391.46 62.72 391.47 62.69 362.02 ship 0 0.847028 votes=3
