281.70 537.05 466.38 456.54 546.76 640.91 362.08 721.43 baseballfield 0 0.999604 votes=3
219.15 645.39 243.83 635.54 247.48 644.69 222.80 654.54 vehicle 0 0.999360 votes=3
669.97 304.13 677.10 321.69 669.03 324.97 661.90 307.41 vehicle 0 0.997450 votes=3
566.31 141.48 575.18 160.97 567.10 164.65 558.23 145.16 vehicle 0 0.996679 votes=3
711.74 764.07 724.08 780.62 716.84 786.02 704.50 769.46 vehicle 0 0.995072 votes=3
758.92 733.13 768.90 748.18 762.28 752.57 752.30 737.51 vehicle 0 0.994365 votes=3
751.20 440.46 761.47 458.84 754.18 462.91 743.91 444.53 vehicle 0 0.993306 votes=3
647.93 778.73 659.97 794.47 653.65 799.31 641.61 783.57 vehicle 0 0.992742 votes=3
732.65 752.65 741.34 768.45 733.70 772.65 725.01 756.86 vehicle 0 0.989586 votes=3
776.84 169.40 777.00 148.73 786.17 148.80 786.01 169.47 vehicle 0 0.984866 votes=3
606.46 34.92 624.12 30.66 626.13 38.96 608.46 43.22 vehicle 0 0.982597 votes=3
615.89 82.62 634.59 79.10 636.09 87.12 617.40 90.63 vehicle 0 0.970665 votes=3
664.90 49.52 683.14 49.73 683.04 58.05 664.81 57.84 vehicle 0 0.943989 votes=3
785.69 224.82 785.92 205.34 794.70 205.44 794.47 224.92 vehicle 0 0.885314 votes=3
734.49 265.72 752.82 267.09 752.28 274.20 733.96 272.82 vehicle 0 0.782410 votes=3
