528.85 91.89 535.95 57.59 550.75 60.65 543.65 94.95 vehicle 0 0.998289 votes=3
596.74 80.69 608.37 52.67 619.49 57.28 607.86 85.31 vehicle 0 0.998025 votes=3
506.23 91.52 514.16 60.14 527.50 63.51 519.56 94.89 vehicle 0 0.994044 votes=3
685.43 75.61 687.88 41.25 702.45 42.29 700.00 76.64 vehicle 0 0.993321 votes=3
651.65 72.18 663.90 35.94 678.39 40.83 666.14 77.08 vehicle 0 0.992373 votes=3
435.18 734.00 435.27 708.13 448.01 708.17 447.93 734.05 vehicle 0 0.987513 votes=3
399.67 36.68 546.73 747.67 416.54 774.60 269.48 63.61 overpass 0 0.977905 votes=3
486.62 94.76 496.14 64.76 507.98 68.51 498.46 98.52 vehicle 0 0.952916 votes=3
467.86 91.30 478.63 64.98 491.85 70.39 481.09 96.71 vehicle 0 0.936098 votes=3
745.81 4.48 783.08 16.83 778.46 30.76 741.19 18.40 vehicle 0 0.847600 votes=3
