337.91 655.47 385.41 716.02 368.02 729.66 320.52 669.11 ship 0 0.999341 votes=3
479.74 493.27 524.01 451.60 537.25 465.67 492.99 507.34 ship 0 0.999103 votes=3
447.38 459.31 496.31 412.62 509.58 426.53 460.66 473.22 ship 0 0.998736 votes=3
431.03 438.55 460.01 413.30 468.91 423.51 439.93 448.76 ship 0 0.998626 votes=3
687.51 505.58 737.19 469.00 747.63 483.17 697.95 519.76 ship 0 0.998603 votes=3
370.14 489.93 419.97 447.65 431.88 461.69 382.05 503.97 ship 0 0.998474 votes=3
286.81 361.08 322.90 333.47 331.24 344.37 295.14 371.98 ship 0 0.998437 votes=3
413.73 163.20 456.94 133.93 465.05 145.90 421.84 175.18 ship 0 0.998352 votes=3
220.68 521.11 272.87 574.95 255.30 591.98 203.11 538.14 ship 0 0.998342 votes=3
308.10 396.79 351.17 363.44 361.24 376.45 318.17 409.80 ship 0 0.998309 votes=3
282.23 85.29 349.99 26.73 363.61 42.49 295.85 101.05 ship 0 0.998111 votes=3
72.39 361.28 97.19 338.62 104.71 346.86 79.92 369.51 ship 0 0.997971 votes=3
240.31 316.22 283.48 283.46 292.85 295.81 249.69 328.58 ship 0 0.997956 votes=3
174.12 490.33 206.36 463.45 215.66 474.59 183.42 501.48 ship 0 0.997877 votes=3
324.09 412.71 363.88 381.50 374.20 394.67 334.41 425.87 ship 0 0.997874 votes=3
126.98 432.99 182.23 386.83 195.46 402.66 140.20 448.81 ship 0 0.997619 votes=3
157.69 469.32 190.73 446.36 197.86 456.62 164.81 479.58 ship 0 0.997590 votes=3
367.15 351.35 401.04 324.30 409.09 334.39 375.20 361.44 ship 0 0.997513 votes=3
295.28 270.94 335.12 242.65 344.26 255.53 304.42 283.81 ship 0 0.997494 votes=3
36.50 327.70 66.88 302.63 75.62 313.23 45.24 338.30 ship 0 0.997396 votes=3
241.79 207.02 276.11 177.85 285.17 188.51 250.85 217.68 ship 0 0.997286 votes=3
552.51 352.35 604.03 314.52 614.58 328.88 563.06 366.71 ship 0 0.997200 votes=3
403.52 144.00 436.28 117.22 443.77 126.38 411.01 153.17 ship 0 0.996807 votes=3
385.30 365.45 406.48 349.76 412.25 357.54 391.07 373.23 ship 0 0.996746 votes=3
396.63 383.65 421.04 365.38 427.57 374.11 403.17 392.39 ship 0 0.996732 votes=3
19.31 305.59 84.35 252.78 97.09 268.47 32.05 321.29 ship 0 0.996501 votes=3
589.74 387.97 633.55 350.26 644.43 362.90 600.62 400.61 ship 0 0.996224 votes=3
148.87 447.03 177.99 427.10 184.71 436.92 155.60 456.85 ship 0 0.995363 votes=3
613.14 732.54 641.27 710.15 647.35 717.80 619.22 740.19 ship 0 0.995222 votes=3
341.34 321.45 359.96 305.61 366.19 312.93 347.58 328.78 ship 0 0.995214 votes=3
343.48 452.11 389.40 412.47 401.93 426.99 356.01 466.63 ship 0 0.995132 votes=3
205.74 262.74 231.12 243.19 239.59 254.18 214.21 273.73 ship 0 0.994473 votes=3
646.78 454.11 697.47 419.44 708.49 435.56 657.81 470.23 ship 0 0.993615 votes=3
581.82 362.86 622.31 328.33 632.94 340.80 592.46 375.32 ship 0 0.993607 votes=3
183.28 230.26 216.25 204.65 223.81 214.38 190.84 239.99 ship 0 0.993459 votes=3
352.70 473.63 405.40 430.49 416.62 444.19 363.91 487.33 ship 0 0.992194 votes=3
353.24 69.23 383.90 46.72 391.27 56.76 360.61 79.27 ship 0 0.990381 votes=3
493.31 253.31 528.57 220.90 538.79 232.01 503.53 264.43 ship 0 0.989303 votes=3
561.73 569.95 586.92 543.07 596.25 551.81 571.06 578.69 ship 0 0.989065 votes=3
119.97 420.97 138.01 403.34 144.70 410.18 126.65 427.81 ship 0 0.988491 votes=3
270.53 592.92 301.63 620.84 292.96 630.51 261.85 602.59 ship 0 0.987902 votes=3
205.76 158.47 223.09 143.43 229.10 150.34 211.77 165.39 ship 0 0.985687 votes=3
451.64 199.21 475.61 178.33 484.20 188.18 460.23 209.06 ship 0 0.983610 votes=3
765.58 555.73 784.40 537.91 791.05 544.93 772.23 562.75 ship 0 0.981059 votes=3
530.44 285.81 560.88 261.35 568.09 270.33 537.65 294.79 ship 0 0.975070 votes=3
373.05 681.98 393.03 708.64 384.21 715.25 364.24 688.59 ship 0 0.958539 votes=3
411.24 500.36 429.31 486.93 434.72 494.21 416.65 507.64 ship 0 0.941283 votes=3
358.41 87.29 395.76 57.50 408.40 73.35 371.05 103.14 ship 0 0.907974 votes=3
121.07 734.22 137.82 742.02 134.59 748.97 117.84 741.17 vehicle 0 0.904813 votes=3
232.83 128.38 557.23 508.96 465.15 587.45 140.75 206.86 harbor 0 0.800810 votes=3
726.47 506.72 750.70 487.77 757.47 496.43 733.24 515.37 ship 0 0.788008 votes=3
410.08 116.65 427.77 99.80 433.80 106.13 416.11 122.98 ship 0 0.788005 votes=3
118.48 200.15 137.69 181.68 143.34 187.56 124.13 206.03 vehicle 0 0.759022 votes=3
735.74 530.15 752.98 511.49 760.47 518.42 743.23 537.08 ship 0 0.750815 votes=3
68.62 443.20 82.22 432.35 86.42 437.61 72.81 448.46 vehicle 0 0.699587 votes=3
790.83 567.65 801.13 586.73 786.77 594.48 776.47 575.40 ship 0 0.629350 votes=2
