373.34 374.44 373.99 225.03 503.31 225.59 502.66 375.00 chimney 0 0.999402 votes=3
645.80 429.04 646.35 644.27 464.80 644.73 464.25 429.50 chimney 0 0.999391 votes=3
173.87 70.19 173.91 118.40 137.03 118.43 136.99 70.22 storagetank 0 0.986107 votes=3
289.85 268.22 290.45 311.33 254.21 311.85 253.61 268.74 storagetank 0 0.982623 votes=3
244.85 268.80 245.05 303.84 211.41 304.03 211.21 268.98 storagetank 0 0.967900 votes=3
260.64 263.15 261.39 220.82 298.10 221.47 297.35 263.81 storagetank 0 0.966355 votes=3
325.98 260.07 326.06 301.54 290.14 301.61 290.06 260.14 storagetank 0 0.960693 votes=3
84.26 67.22 130.93 68.09 130.06 114.75 83.40 113.88 storagetank 0 0.956030 votes=3
159.78 276.24 159.85 224.05 202.66 224.10 202.60 276.29 storagetank 0 0.916194 votes=3
214.86 259.23 218.54 218.03 252.85 221.09 249.17 262.29 storagetank 0 0.911857 votes=3
356.01 164.57 357.06 206.53 316.10 207.56 315.05 165.59 storagetank 0 0.911218 votes=3
