183.32 227.96 254.85 229.01 254.48 254.62 182.95 253.57 ship 0 0.999717 votes=3
99.79 63.93 171.09 58.55 172.86 81.93 101.56 87.31 ship 0 0.999656 votes=3
173.50 679.02 237.87 669.86 241.23 693.43 176.85 702.59 ship 0 0.999624 votes=3
85.67 641.37 151.78 638.61 152.68 660.03 86.56 662.80 ship 0 0.999607 votes=3
376.79 302.45 425.17 368.55 404.75 383.49 356.38 317.38 ship 0 0.999601 votes=3
354.74 551.49 421.08 543.18 423.67 563.84 357.32 572.15 ship 0 0.999600 votes=3
180.66 445.93 242.39 445.27 242.60 465.03 180.87 465.69 ship 0 0.999600 votes=3
181.07 407.28 237.44 406.77 237.61 425.44 181.24 425.95 ship 0 0.999595 votes=3
112.10 122.70 171.55 122.61 171.59 145.72 112.14 145.81 ship 0 0.999562 votes=3
183.25 486.97 240.70 488.57 240.10 510.14 182.64 508.54 ship 0 0.999551 votes=3
142.41 17.78 228.75 18.64 228.47 45.99 142.13 45.12 ship 0 0.999535 votes=3
96.49 518.36 156.10 521.21 155.07 542.78 95.46 539.93 ship 0 0.999528 votes=3
88.03 481.55 161.23 489.10 158.74 513.26 85.54 505.71 ship 0 0.999486 votes=3
343.39 727.46 424.44 727.26 424.51 757.65 343.47 757.85 ship 0 0.999435 votes=3
187.18 63.20 247.44 63.99 247.18 83.91 186.92 83.12 ship 0 0.999421 votes=3
108.92 230.90 165.22 230.56 165.34 250.75 109.05 251.09 ship 0 0.999418 votes=3
174.36 541.33 231.58 542.42 231.16 564.85 173.93 563.76 ship 0 0.999413 votes=3
343.67 765.27 430.36 762.47 431.24 789.85 344.56 792.64 ship 0 0.999381 votes=3
184.49 97.82 252.74 92.25 254.76 116.93 186.50 122.50 ship 0 0.999346 votes=3
99.81 403.31 162.87 404.18 162.57 426.01 99.51 425.14 ship 0 0.999336 votes=3
187.91 166.27 245.69 158.74 248.30 178.76 190.52 186.29 ship 0 0.999317 votes=3
100.56 440.53 158.41 442.33 157.78 462.52 99.93 460.72 ship 0 0.999313 votes=3
176.14 715.69 238.47 714.75 238.84 738.90 176.50 739.84 ship 0 0.999266 votes=3
89.69 584.58 155.25 590.57 153.28 612.04 87.73 606.05 ship 0 0.999254 votes=3
116.39 333.52 162.74 331.33 163.61 349.61 117.25 351.80 ship 0 0.999225 votes=3
183.11 330.60 238.03 335.21 236.58 352.46 181.66 347.84 ship 0 0.999194 votes=3
188.25 123.32 234.22 124.69 233.71 141.83 187.74 140.46 ship 0 0.999184 votes=3
180.44 373.49 254.24 379.49 252.26 403.89 178.46 397.89 ship 0 0.999181 votes=3
108.60 97.21 171.70 96.05 172.05 115.20 108.95 116.36 ship 0 0.999071 votes=3
120.53 192.75 168.15 191.92 168.46 209.39 120.84 210.23 ship 0 0.999037 votes=3
173.00 617.33 231.11 622.61 229.40 641.44 171.29 636.15 ship 0 0.998914 votes=3
79.98 729.91 154.03 708.07 160.76 730.88 86.71 752.72 ship 0 0.998879 votes=3
185.66 306.53 236.47 311.50 234.84 328.18 184.03 323.21 ship 0 0.998832 votes=3
377.04 635.90 425.07 634.33 425.62 651.08 377.59 652.65 ship 0 0.998811 votes=3
370.94 601.54 425.40 602.10 425.16 624.62 370.71 624.06 ship 0 0.998576 votes=3
177.18 519.31 228.10 518.02 228.58 536.80 177.65 538.10 ship 0 0.998552 votes=3
114.20 164.94 167.66 165.55 167.46 183.49 113.99 182.88 ship 0 0.998236 votes=3
107.36 689.63 156.51 690.50 156.21 707.46 107.06 706.60 ship 0 0.997894 votes=3
173.98 570.56 224.41 569.38 224.82 587.06 174.40 588.24 ship 0 0.997465 votes=3
106.72 299.75 166.03 302.91 164.84 325.32 105.52 322.16 ship 0 0.997297 votes=3
104.13 376.53 161.62 378.14 161.08 397.39 103.59 395.79 ship 0 0.996916 votes=3
107.78 616.71 151.67 617.94 151.25 633.05 107.36 631.82 ship 0 0.996726 votes=3
378.71 659.06 426.87 658.39 427.11 676.05 378.95 676.73 ship 0 0.996662 votes=3
378.15 686.70 426.18 685.49 426.62 703.16 378.60 704.38 ship 0 0.996337 votes=3
183.43 262.43 237.42 265.14 236.49 283.52 182.51 280.82 ship 0 0.996260 votes=3
407.45 328.24 451.23 287.28 464.70 301.68 420.92 342.64 ship 0 0.967338 votes=3
108.71 767.42 118.53 41.78 236.76 43.38 226.94 769.02 harbor 0 0.866001 votes=3
553.68 615.71 560.50 542.53 576.30 544.00 569.48 617.19 vehicle 0 0.792706 votes=2
