233.88 692.29 669.61 62.75 746.84 116.21 311.11 745.75 airport 0 0.979195 votes=3
458.87 69.85 494.47 135.58 467.75 150.05 432.15 84.32 harbor 0 0.970023 votes=2
482.42 71.59 500.54 131.58 480.52 137.63 462.40 77.64 harbor 0 0.969672 votes=2
586.70 326.71 595.56 316.30 603.54 323.09 594.68 333.50 airplane 0 0.865522 votes=2
577.98 339.87 584.16 329.11 592.81 334.07 586.63 344.84 airplane 0 0.846602 votes=2
561.88 363.12 569.86 351.11 578.50 356.85 570.53 368.86 airplane 0 0.832212 votes=2
569.12 351.14 577.18 341.88 585.25 348.89 577.19 358.16 airplane 0 0.830051 votes=2
323.59 769.92 323.80 782.69 311.49 782.90 311.28 770.12 baseballfield 0 0.827453 votes=3
573.85 599.16 577.74 588.36 587.35 591.82 583.46 602.62 airplane 0 0.804940 votes=3
601.10 309.09 607.71 299.21 615.44 304.38 608.83 314.26 airplane 0 0.804188 votes=2
542.97 383.26 555.19 372.61 561.95 380.38 549.73 391.02 airplane 0 0.786253 votes=2
360.01 785.03 360.20 798.73 347.57 798.90 347.37 785.21 baseballfield 0 0.763116 votes=3
