147.99 233.67 308.12 257.94 294.23 349.58 134.10 325.32 basketballcourt 0 0.999584 votes=3
639.84 228.63 641.55 200.54 653.30 201.26 651.59 229.35 vehicle 0 0.999541 votes=3
104.21 754.38 138.46 750.27 140.04 763.45 105.80 767.55 vehicle 0 0.999448 votes=3
334.45 757.24 359.07 754.50 360.30 765.51 335.68 768.25 vehicle 0 0.999350 votes=3
238.93 773.35 264.43 769.36 266.12 780.22 240.63 784.20 vehicle 0 0.999161 votes=3
528.21 428.22 550.54 435.95 546.90 446.47 524.57 438.74 vehicle 0 0.999116 votes=3
567.42 710.82 587.41 727.33 580.08 736.22 560.08 719.70 vehicle 0 0.998930 votes=3
638.25 71.15 641.37 103.62 628.63 104.84 625.51 72.38 vehicle 0 0.998690 votes=3
535.74 616.10 548.33 587.21 558.98 591.85 546.39 620.75 vehicle 0 0.998483 votes=3
612.15 583.14 631.02 596.88 624.66 605.61 605.79 591.87 vehicle 0 0.998266 votes=3
519.87 660.96 529.22 636.41 539.69 640.40 530.35 664.95 vehicle 0 0.998173 votes=3
147.13 748.18 171.76 743.56 173.73 754.08 149.10 758.69 vehicle 0 0.996544 votes=3
26.51 657.05 26.52 685.36 15.28 685.37 15.27 657.05 vehicle 0 0.995799 votes=3
209.62 738.90 233.86 735.39 235.40 746.01 211.16 749.52 vehicle 0 0.992598 votes=3
166.48 691.15 166.52 719.37 155.04 719.39 155.00 691.17 vehicle 0 0.979938 votes=3
723.86 15.25 748.10 10.63 750.04 20.77 725.80 25.39 vehicle 0 0.928342 votes=3
