661.34 581.88 762.27 585.51 759.25 669.67 658.31 666.04 storagetank 0 0.999049 votes=3
90.54 354.91 240.69 362.46 233.80 499.49 83.65 491.94 storagetank 0 0.998722 votes=3
363.25 363.62 442.54 369.68 437.49 435.72 358.21 429.67 storagetank 0 0.996062 votes=3
410.60 704.40 465.86 704.98 465.51 738.69 410.24 738.11 storagetank 0 0.994456 votes=3
299.32 721.86 318.51 722.87 317.61 739.83 298.43 738.81 storagetank 0 0.977925 votes=3
353.61 759.34 355.56 722.33 375.66 723.39 373.71 760.40 storagetank 0 0.954363 votes=3
316.97 754.10 317.63 730.49 336.79 731.04 336.12 754.64 storagetank 0 0.953469 votes=3
323.71 706.53 324.68 687.16 339.37 687.90 338.41 707.26 storagetank 0 0.943255 votes=3
304.66 702.02 306.12 683.88 323.85 685.30 322.39 703.45 storagetank 0 0.911110 votes=3
377.26 727.66 393.22 728.08 392.84 742.76 376.88 742.34 storagetank 0 0.872828 votes=3
387.04 695.40 420.70 700.39 418.14 717.68 384.48 712.70 storagetank 0 0.813764 votes=3
