277.80 324.95 280.38 381.06 249.39 382.48 246.81 326.38 groundtrackfield 0 0.998280 votes=3
36.27 657.64 40.22 711.62 11.77 713.70 7.83 659.72 groundtrackfield 0 0.997757 votes=3
443.68 157.28 444.57 201.72 420.10 202.21 419.21 157.77 groundtrackfield 0 0.993665 votes=3
281.80 9.93 283.74 65.51 255.69 66.48 253.75 10.91 groundtrackfield 0 0.992656 votes=3
209.16 102.99 213.61 155.75 185.08 158.16 180.63 105.39 groundtrackfield 0 0.991213 votes=3
604.05 510.96 607.16 472.95 628.65 474.71 625.53 512.72 groundtrackfield 0 0.990441 votes=3
271.07 674.45 275.68 722.80 248.51 725.39 243.90 677.04 groundtrackfield 0 0.988637 votes=3
751.56 491.95 779.47 455.77 796.47 468.88 768.57 505.07 groundtrackfield 0 0.988607 votes=3
375.72 582.98 376.43 625.63 354.42 626.00 353.71 583.34 groundtrackfield 0 0.984434 votes=3
187.97 444.74 188.51 478.10 173.41 478.35 172.87 444.99 groundtrackfield 0 0.769662 votes=3
