268.02 189.45 268.39 145.98 290.18 146.16 289.81 189.64 tenniscourt 0 0.999421 votes=3
66.22 647.31 69.33 276.00 358.21 278.43 355.09 649.73 stadium 0 0.999369 votes=3
257.57 145.12 258.01 190.05 236.53 190.26 236.09 145.33 tenniscourt 0 0.999237 votes=3
171.30 146.13 171.32 188.41 151.41 188.43 151.39 146.14 tenniscourt 0 0.999192 votes=3
117.98 188.19 118.04 143.92 141.30 143.95 141.25 188.22 tenniscourt 0 0.999098 votes=3
466.40 217.28 466.90 162.30 494.35 162.55 493.85 217.52 tenniscourt 0 0.998551 votes=3
183.71 187.29 184.04 144.76 204.25 144.92 203.93 187.45 tenniscourt 0 0.998531 votes=3
500.11 218.46 500.42 164.30 524.40 164.43 524.10 218.59 tenniscourt 0 0.998296 votes=3
586.92 166.25 587.84 217.80 562.89 218.24 561.97 166.70 tenniscourt 0 0.997174 votes=3
555.95 165.34 556.66 219.17 530.43 219.52 529.72 165.68 tenniscourt 0 0.996868 votes=3
425.60 154.00 425.96 205.51 400.95 205.69 400.59 154.17 tenniscourt 0 0.996848 votes=3
432.73 205.97 432.87 154.15 456.25 154.21 456.11 206.04 tenniscourt 0 0.996754 votes=3
393.77 151.61 393.78 205.65 369.97 205.66 369.96 151.62 tenniscourt 0 0.995346 votes=3
362.84 146.86 362.99 206.50 337.13 206.56 336.99 146.92 tenniscourt 0 0.988835 votes=3
455.83 789.82 473.40 649.98 553.50 660.04 535.93 799.89 overpass 0 0.915131 votes=3
