275.59 298.98 388.28 305.36 381.92 417.64 269.23 411.25 baseballfield 0 0.999682 votes=3
221.59 447.79 223.60 510.11 193.27 511.08 191.27 448.76 tenniscourt 0 0.999595 votes=3
350.10 558.96 350.67 621.14 317.43 621.44 316.85 559.26 tenniscourt 0 0.999562 votes=3
245.93 560.43 246.75 621.85 217.18 622.24 216.37 560.82 tenniscourt 0 0.999494 votes=3
183.69 449.31 185.54 512.61 156.60 513.45 154.75 450.15 tenniscourt 0 0.999472 votes=3
308.55 558.99 310.65 621.95 282.28 622.90 280.18 559.94 tenniscourt 0 0.999448 votes=3
147.00 450.99 149.26 514.10 119.15 515.18 116.88 452.07 tenniscourt 0 0.999329 votes=3
207.19 561.98 208.90 623.32 179.68 624.13 177.97 562.80 tenniscourt 0 0.999169 votes=3
753.27 137.06 756.33 585.86 523.38 587.44 520.32 138.65 groundtrackfield 0 0.998730 votes=3
423.30 730.40 423.65 717.10 435.88 717.43 435.53 730.72 vehicle 0 0.791492 votes=2
