570.55 358.52 571.62 541.97 485.09 542.48 484.02 359.02 tenniscourt 0 0.999704 votes=3
432.79 358.56 433.40 540.08 347.18 540.37 346.57 358.85 tenniscourt 0 0.999701 votes=3
294.42 358.17 294.80 539.68 210.17 539.85 209.80 358.35 tenniscourt 0 0.999698 votes=3
71.08 540.72 71.19 358.41 157.73 358.46 157.63 540.77 tenniscourt 0 0.999664 votes=3
720.09 168.13 758.14 168.45 758.02 183.04 719.96 182.72 vehicle 0 0.999568 votes=3
460.65 205.57 490.11 227.50 481.18 239.48 451.73 217.55 vehicle 0 0.999079 votes=3
733.03 512.50 772.09 513.05 771.89 527.42 732.83 526.88 vehicle 0 0.999066 votes=3
166.74 211.81 206.94 211.72 206.97 225.67 166.77 225.76 vehicle 0 0.998717 votes=3
100.60 170.18 135.05 170.09 135.09 185.38 100.65 185.47 vehicle 0 0.998642 votes=3
690.64 31.39 692.88 62.83 678.61 63.85 676.37 32.41 vehicle 0 0.997963 votes=3
672.07 27.90 675.43 67.58 657.07 69.13 653.71 29.46 vehicle 0 0.997212 votes=3
566.64 43.99 602.73 62.58 596.23 75.20 560.14 56.61 vehicle 0 0.984579 votes=3
737.73 557.42 774.59 558.52 774.20 571.40 737.34 570.29 vehicle 0 0.978551 votes=3
694.00 85.04 727.58 102.34 722.07 113.04 688.49 95.74 vehicle 0 0.963773 votes=3
177.28 126.95 187.25 97.62 202.29 102.73 192.32 132.06 vehicle 0 0.877926 votes=3
403.62 707.12 404.72 730.04 395.16 730.50 394.06 707.58 vehicle 0 0.729265 votes=3
