185.06 402.68 256.01 477.54 231.57 500.70 160.62 425.84 ship 0 0.999480 votes=3
316.21 720.80 396.97 647.05 420.57 672.89 339.80 746.64 ship 0 0.998921 votes=3
231.60 505.73 303.52 583.76 279.68 605.73 207.76 527.70 ship 0 0.998787 votes=3
542.24 450.96 625.89 535.04 602.70 558.11 519.05 474.03 ship 0 0.998704 votes=3
205.38 526.14 277.69 613.90 252.69 634.50 180.38 546.74 ship 0 0.998613 votes=3
576.19 324.34 622.64 377.28 604.73 392.99 558.29 340.04 ship 0 0.998103 votes=3
521.66 479.50 595.49 563.59 569.86 586.09 496.03 502.00 ship 0 0.998082 votes=3
261.57 662.50 327.85 611.32 344.32 632.64 278.03 683.82 ship 0 0.997895 votes=3
548.69 346.85 599.05 404.25 580.08 420.89 529.72 363.49 ship 0 0.997662 votes=3
227.56 396.58 282.04 454.52 264.81 470.73 210.32 412.79 ship 0 0.994522 votes=3
653.02 659.86 689.17 626.60 701.45 639.94 665.29 673.21 ship 0 0.972925 votes=3
573.17 620.59 612.08 587.25 624.53 601.77 585.62 635.12 ship 0 0.934648 votes=3
333.33 393.40 426.42 701.83 248.84 755.42 155.75 447.00 harbor 0 0.825488 votes=3
647.20 343.11 745.64 692.27 558.40 745.06 459.96 395.89 harbor 0 0.771980 votes=3
