655.02 323.63 764.86 320.94 767.48 427.67 657.64 430.37 baseballfield 0 0.999643 votes=3
240.64 336.24 350.73 334.98 351.96 442.91 241.87 444.16 baseballfield 0 0.999641 votes=3
479.99 57.33 480.33 150.15 425.09 150.35 424.75 57.54 basketballcourt 0 0.999524 votes=3
351.71 60.26 353.06 152.69 297.66 153.50 296.32 61.07 basketballcourt 0 0.999491 votes=3
415.96 58.82 417.05 150.69 361.82 151.34 360.73 59.47 basketballcourt 0 0.999475 votes=3
287.88 62.23 288.63 154.41 233.92 154.85 233.18 62.67 basketballcourt 0 0.999412 votes=3
184.96 40.22 190.92 385.96 26.07 388.80 20.10 43.07 groundtrackfield 0 0.997025 votes=3
509.62 84.55 509.68 136.28 497.03 136.30 496.96 84.57 vehicle 0 0.959066 votes=3
538.68 161.34 538.79 141.05 549.24 141.11 549.13 161.39 vehicle 0 0.952444 votes=3
544.79 91.35 544.81 136.75 533.12 136.76 533.09 91.36 vehicle 0 0.950365 votes=3
521.45 144.25 522.75 165.39 514.50 165.90 513.21 144.76 vehicle 0 0.949748 votes=3
351.90 587.31 377.01 586.59 377.23 594.32 352.12 595.04 vehicle 0 0.934991 votes=3
76.26 775.63 79.48 792.29 71.62 793.81 68.41 777.15 vehicle 0 0.870204 votes=3
531.02 80.97 531.04 62.14 539.85 62.15 539.83 80.97 vehicle 0 0.785992 votes=3
519.77 88.70 519.81 105.54 511.48 105.55 511.44 88.71 vehicle 0 0.654026 votes=3
