56.14 433.62 117.72 427.33 119.72 446.87 58.13 453.16 ship 0 0.999688 votes=3
292.96 540.59 293.68 479.19 312.62 479.41 311.91 540.81 ship 0 0.999667 votes=3
54.15 90.61 118.27 89.26 118.67 108.29 54.55 109.64 ship 0 0.999663 votes=3
419.88 383.10 419.99 305.02 441.03 305.05 440.92 383.13 ship 0 0.999649 votes=3
253.87 619.34 254.11 554.03 273.09 554.09 272.85 619.41 ship 0 0.999625 votes=3
278.46 763.00 279.28 696.63 299.30 696.88 298.48 763.25 ship 0 0.999614 votes=3
269.02 300.52 269.35 366.22 247.97 366.33 247.65 300.63 ship 0 0.999579 votes=3
281.19 615.04 281.98 554.26 300.59 554.50 299.80 615.28 ship 0 0.999505 votes=3
57.20 318.60 119.83 316.59 120.45 335.85 57.82 337.86 ship 0 0.999503 votes=3
46.40 61.56 111.60 58.62 112.51 78.64 47.31 81.58 ship 0 0.999489 votes=3
57.23 206.57 119.77 204.33 120.38 221.57 57.84 223.81 ship 0 0.999487 votes=3
174.77 114.93 176.03 52.74 193.20 53.09 191.94 115.28 ship 0 0.999479 votes=3
35.71 28.74 129.09 29.64 128.88 52.04 35.49 51.13 ship 0 0.999468 votes=3
187.84 405.84 190.96 303.44 212.69 304.10 209.57 406.50 ship 0 0.999426 votes=3
429.60 176.19 430.22 123.92 447.23 124.12 446.62 176.39 ship 0 0.999421 votes=3
150.97 115.88 151.29 60.80 170.54 60.92 170.21 116.00 ship 0 0.999396 votes=3
355.04 555.66 355.31 613.60 335.32 613.70 335.04 555.75 ship 0 0.999383 votes=3
234.17 542.79 235.07 470.45 256.34 470.71 255.45 543.05 ship 0 0.999356 votes=3
62.78 407.17 119.57 405.55 120.10 423.97 63.30 425.59 ship 0 0.999334 votes=3
144.97 537.51 145.09 475.97 164.82 476.01 164.70 537.55 ship 0 0.999328 votes=3
433.93 536.65 437.24 451.46 460.79 452.38 457.47 537.57 ship 0 0.999319 votes=3
196.68 476.64 200.14 540.66 178.51 541.83 175.05 477.81 ship 0 0.999309 votes=3
57.95 348.32 118.30 348.74 118.16 367.70 57.82 367.28 ship 0 0.999300 votes=3
376.45 538.25 376.99 465.45 396.04 465.59 395.50 538.39 ship 0 0.999280 votes=3
320.20 114.20 320.23 62.48 337.89 62.49 337.86 114.21 ship 0 0.999255 votes=3
55.64 122.22 117.70 123.06 117.44 141.88 55.38 141.04 ship 0 0.999247 votes=3
473.74 236.56 474.60 288.17 457.21 288.46 456.36 236.85 ship 0 0.999228 votes=3
297.41 302.99 298.10 377.48 275.81 377.68 275.12 303.19 ship 0 0.999226 votes=3
336.93 366.41 337.44 298.26 356.45 298.40 355.94 366.56 ship 0 0.999224 votes=3
467.39 541.97 467.59 471.55 487.35 471.60 487.15 542.02 ship 0 0.999215 votes=3
464.66 636.63 464.93 553.54 485.80 553.60 485.54 636.70 ship 0 0.999199 votes=3
364.05 113.13 364.62 67.38 381.15 67.59 380.58 113.33 ship 0 0.999131 votes=3
230.12 611.60 231.72 556.60 248.39 557.09 246.79 612.09 ship 0 0.999036 votes=3
430.75 556.86 431.43 620.57 412.80 620.77 412.12 557.06 ship 0 0.998963 votes=3
343.40 114.04 344.76 66.91 361.25 67.39 359.89 114.52 ship 0 0.998896 votes=3
423.42 125.98 423.93 181.04 406.72 181.20 406.21 126.14 ship 0 0.998863 votes=3
149.66 229.98 149.76 284.68 132.95 284.71 132.85 230.01 ship 0 0.998860 votes=3
333.02 128.25 333.16 177.16 316.13 177.21 315.99 128.30 ship 0 0.998782 votes=3
385.66 300.51 385.81 377.79 364.94 377.83 364.79 300.56 ship 0 0.998561 votes=3
176.01 615.21 176.11 558.92 194.08 558.95 193.98 615.24 ship 0 0.998520 votes=3
286.81 136.74 287.07 181.66 269.17 181.77 268.91 136.84 ship 0 0.998458 votes=3
56.62 461.31 120.80 461.77 120.66 480.60 56.48 480.14 ship 0 0.998403 votes=3
246.97 715.96 247.34 760.08 232.52 760.20 232.15 716.09 ship 0 0.998384 votes=3
133.97 472.78 134.06 428.25 148.96 428.28 148.87 472.81 ship 0 0.998383 votes=3
317.35 56.70 317.77 114.08 300.56 114.21 300.14 56.82 ship 0 0.998127 votes=3
213.36 716.05 213.72 763.35 196.73 763.47 196.37 716.18 ship 0 0.998076 votes=3
41.76 501.44 77.69 502.80 77.17 516.42 41.25 515.07 ship 0 0.997928 votes=3
388.24 760.36 388.29 709.66 403.94 709.67 403.90 760.37 ship 0 0.997470 votes=3
397.12 356.20 397.65 301.31 415.36 301.48 414.82 356.37 ship 0 0.997357 votes=3
85.70 508.11 118.96 510.54 118.10 522.21 84.84 519.78 ship 0 0.997262 votes=3
225.84 282.84 227.81 238.74 242.12 239.38 240.15 283.48 ship 0 0.997081 votes=3
333.61 759.79 333.65 698.75 352.78 698.76 352.74 759.80 ship 0 0.996627 votes=3
195.99 128.78 196.66 183.22 178.53 183.44 177.85 129.00 ship 0 0.996585 votes=3
250.41 63.02 251.89 111.32 238.39 111.74 236.90 63.43 ship 0 0.995924 votes=3
388.45 617.31 388.55 554.62 405.88 554.65 405.77 617.33 ship 0 0.995740 votes=3
88.39 484.66 119.54 485.44 119.27 495.99 88.13 495.21 ship 0 0.995423 votes=3
528.30 550.63 528.89 609.57 497.76 609.88 497.17 550.94 ship 0 0.994983 votes=3
52.11 483.68 79.06 483.65 79.07 495.65 52.13 495.68 ship 0 0.993981 votes=3
277.94 113.42 278.75 71.96 295.28 72.28 294.48 113.74 ship 0 0.993059 votes=3
241.48 773.81 275.17 773.27 275.35 784.58 241.66 785.12 ship 0 0.992200 votes=3
294.65 773.76 320.94 772.18 321.66 784.16 295.37 785.73 ship 0 0.988818 votes=3
130.77 468.98 516.47 473.74 514.62 623.84 128.92 619.07 harbor 0 0.976775 votes=3
126.05 243.56 499.11 240.23 500.29 372.09 127.23 375.43 harbor 0 0.936438 votes=3
116.60 715.74 411.87 713.12 412.42 774.51 117.15 777.13 harbor 0 0.936282 votes=3
509.31 240.19 510.80 348.02 486.37 348.36 484.88 240.52 ship 0 0.935711 votes=3
111.97 73.43 458.20 75.81 457.53 172.06 111.30 169.67 harbor 0 0.908424 votes=3
