154.96 518.55 174.38 468.09 189.16 473.78 169.74 524.24 ship 0 0.999260 votes=3
471.47 343.79 484.19 311.05 495.40 315.41 482.68 348.14 ship 0 0.998921 votes=3
362.40 297.43 380.66 254.26 394.24 260.00 375.98 303.17 ship 0 0.998711 votes=3
403.69 614.06 417.13 570.23 430.88 574.44 417.45 618.27 ship 0 0.998487 votes=3
459.36 334.06 472.44 303.90 482.78 308.38 469.70 338.54 ship 0 0.998160 votes=3
502.58 354.39 515.26 321.21 526.58 325.53 513.89 358.72 ship 0 0.998036 votes=3
439.49 282.17 450.27 252.44 461.34 256.46 450.56 286.18 ship 0 0.997401 votes=3
450.39 202.33 465.88 155.16 479.76 159.71 464.28 206.88 ship 0 0.997121 votes=3
334.46 576.73 343.99 542.26 354.89 545.28 345.36 579.74 ship 0 0.996199 votes=3
445.16 323.99 452.24 299.41 461.78 302.16 454.70 326.74 ship 0 0.995912 votes=3
292.07 572.47 303.28 541.74 313.60 545.50 302.39 576.23 ship 0 0.993798 votes=3
527.52 314.50 538.45 285.47 548.98 289.44 538.05 318.46 ship 0 0.993771 votes=3
412.45 270.77 423.22 240.15 433.33 243.71 422.57 274.33 ship 0 0.993553 votes=3
396.47 265.76 405.15 240.24 414.74 243.50 406.06 269.02 ship 0 0.992523 votes=3
398.24 314.89 409.65 283.40 420.82 287.45 409.40 318.93 ship 0 0.991319 votes=3
456.58 286.49 468.64 259.23 478.08 263.41 466.02 290.66 ship 0 0.990011 votes=3
553.49 239.47 562.67 217.09 571.40 220.67 562.23 243.05 ship 0 0.989803 votes=3
502.10 301.68 507.70 276.67 515.33 278.38 509.73 303.39 ship 0 0.985379 votes=3
53.40 415.89 474.43 573.81 446.97 647.02 25.95 489.09 harbor 0 0.974852 votes=3
488.37 297.55 497.06 278.08 503.90 281.13 495.21 300.60 ship 0 0.974822 votes=3
470.07 200.06 478.09 180.60 485.38 183.61 477.36 203.06 ship 0 0.973504 votes=3
514.03 225.12 523.05 196.37 532.80 199.43 523.78 228.18 ship 0 0.972252 votes=3
403.85 235.03 567.78 297.17 542.11 364.88 378.19 302.74 harbor 0 0.958668 votes=3
83.18 479.56 89.38 461.01 97.29 463.65 91.09 482.21 ship 0 0.932459 votes=3
182.11 527.94 188.58 505.87 197.68 508.53 191.21 530.61 ship 0 0.927668 votes=3
469.26 158.97 603.42 217.99 585.63 258.41 451.47 199.39 harbor 0 0.892976 votes=3
384.59 602.21 390.08 584.87 396.75 586.98 391.26 604.32 ship 0 0.741004 votes=2
500.30 210.79 504.71 190.58 513.38 192.47 508.97 212.68 ship 0 0.739141 votes=3
