475.47 297.27 571.28 298.02 570.97 336.00 475.17 335.24 vehicle 0 0.999801 votes=3
491.95 122.46 582.97 122.44 582.98 160.92 491.96 160.94 vehicle 0 0.999795 votes=3
470.34 394.88 584.16 396.39 583.60 438.66 469.78 437.15 vehicle 0 0.999756 votes=3
210.39 271.07 295.75 271.66 295.50 306.82 210.15 306.23 vehicle 0 0.999743 votes=3
213.80 212.39 311.35 211.10 311.89 252.11 214.34 253.40 vehicle 0 0.999722 votes=3
190.77 539.97 293.76 542.56 292.74 583.41 189.75 580.82 vehicle 0 0.999693 votes=3
479.02 235.43 570.97 237.14 570.25 275.81 478.30 274.09 vehicle 0 0.999675 votes=3
207.88 427.77 317.99 431.81 316.44 473.93 206.33 469.88 vehicle 0 0.999590 votes=3
209.44 318.09 317.98 321.01 316.85 362.90 208.32 359.98 vehicle 0 0.999563 votes=3
220.35 151.91 321.31 157.16 319.23 197.22 218.26 191.98 vehicle 0 0.999559 votes=3
