455.78 225.73 562.49 255.91 553.09 289.15 446.38 258.97 ship 0 0.999732 votes=3
332.68 553.08 394.39 570.63 387.83 593.68 326.12 576.13 ship 0 0.999612 votes=3
404.08 603.56 474.50 633.01 465.01 655.71 394.59 626.26 ship 0 0.999597 votes=3
478.57 367.28 544.64 381.99 539.30 405.98 473.23 391.27 ship 0 0.999545 votes=3
411.16 575.16 474.74 598.70 466.81 620.12 403.23 596.58 ship 0 0.999515 votes=3
405.07 262.26 484.76 283.81 477.62 310.24 397.93 288.69 ship 0 0.999334 votes=3
327.56 585.63 383.24 599.93 377.66 621.63 321.99 607.33 ship 0 0.999313 votes=3
409.12 297.93 476.75 318.63 469.31 342.93 401.68 322.23 ship 0 0.999282 votes=3
357.67 498.08 412.75 517.29 405.55 537.93 350.47 518.72 ship 0 0.999256 votes=3
462.85 417.19 532.68 439.43 525.83 460.94 456.00 438.70 ship 0 0.999118 votes=3
311.24 650.63 359.17 679.07 347.92 698.02 300.00 669.58 ship 0 0.999002 votes=3
391.54 358.21 455.54 375.07 449.89 396.49 385.90 379.62 ship 0 0.998953 votes=3
503.84 288.58 573.82 311.63 565.59 336.63 495.60 313.59 ship 0 0.998919 votes=3
495.67 318.63 551.47 337.82 545.44 355.35 489.64 336.16 ship 0 0.998730 votes=3
217.39 353.47 295.60 373.64 288.99 399.29 210.77 379.12 ship 0 0.998511 votes=3
428.06 524.75 482.14 546.93 474.30 566.05 420.22 543.88 ship 0 0.998439 votes=3
231.92 298.26 295.17 320.53 287.67 341.85 224.42 319.58 ship 0 0.998428 votes=3
271.66 693.34 325.62 724.98 313.80 745.13 259.84 713.50 ship 0 0.998327 votes=3
446.61 467.68 511.91 488.33 504.87 510.61 439.57 489.96 ship 0 0.998019 votes=3
359.35 464.46 423.37 491.33 415.15 510.92 351.13 484.05 ship 0 0.997558 votes=3
395.53 633.00 438.69 646.63 434.16 660.97 391.00 647.33 ship 0 0.996839 votes=3
502.66 738.21 635.45 312.02 724.43 339.74 591.63 765.94 harbor 0 0.996111 votes=3
137.26 795.07 159.23 722.37 186.61 730.64 164.64 803.34 ship 0 0.995192 votes=3
386.62 448.71 434.43 462.52 429.73 478.79 381.92 464.98 ship 0 0.994912 votes=3
191.63 441.05 270.23 457.84 264.45 484.91 185.85 468.11 ship 0 0.954440 votes=3
78.34 769.15 244.39 192.87 339.57 220.30 173.52 796.57 harbor 0 0.943741 votes=3
136.02 638.63 212.27 660.84 205.17 685.20 128.92 663.00 ship 0 0.940387 votes=3
272.35 735.55 434.18 255.11 559.02 297.16 397.19 777.60 harbor 0 0.939470 votes=3
207.97 384.64 287.31 406.71 279.51 434.74 200.17 412.66 ship 0 0.908168 votes=3
224.77 514.39 230.84 486.86 242.89 489.52 236.83 517.05 ship 0 0.830355 votes=2
256.14 209.49 336.93 236.90 327.49 264.73 246.70 237.32 ship 0 0.770663 votes=2
