447.65 215.30 449.17 145.91 477.65 146.54 476.12 215.92 vehicle 0 0.999809 votes=3
477.13 703.62 477.41 637.40 504.47 637.51 504.19 703.74 vehicle 0 0.999803 votes=3
640.62 696.61 642.14 624.29 671.87 624.92 670.36 697.24 vehicle 0 0.999803 votes=3
765.99 166.02 766.85 243.33 734.97 243.69 734.12 166.37 vehicle 0 0.999802 votes=3
544.80 633.76 545.08 704.93 516.60 705.04 516.32 633.87 vehicle 0 0.999791 votes=3
368.96 214.30 370.88 144.62 399.29 145.41 397.36 215.08 vehicle 0 0.999775 votes=3
406.03 419.81 406.22 350.51 433.63 350.59 433.44 419.88 vehicle 0 0.999768 votes=3
690.57 165.10 694.26 86.08 722.78 87.41 719.10 166.43 vehicle 0 0.999734 votes=3
515.42 349.05 515.70 409.50 489.93 409.62 489.64 349.17 vehicle 0 0.999727 votes=3
788.81 439.82 789.51 507.80 762.75 508.07 762.05 440.10 vehicle 0 0.999710 votes=3
722.76 539.98 772.97 608.23 747.35 627.08 697.13 558.83 vehicle 0 0.999673 votes=3
495.06 144.88 495.56 76.88 523.00 77.09 522.49 145.09 vehicle 0 0.999466 votes=3
435.28 426.83 435.33 495.75 406.90 495.77 406.85 426.85 vehicle 0 0.999285 votes=3
