422.52 399.90 434.47 404.39 430.74 414.33 418.79 409.84 airplane 0 0.964155 votes=3
347.86 325.26 357.96 328.93 354.64 338.09 344.53 334.42 airplane 0 0.920706 votes=3
432.77 411.01 443.67 412.93 442.03 422.26 431.13 420.34 airplane 0 0.915087 votes=3
360.40 336.90 370.95 341.84 366.16 352.07 355.60 347.12 airplane 0 0.912202 votes=3
515.15 504.89 519.13 493.34 529.95 497.07 525.97 508.62 airplane 0 0.899990 votes=3
388.26 378.27 394.76 368.70 403.27 374.48 396.77 384.04 airplane 0 0.896590 votes=3
528.03 499.90 539.81 503.22 536.63 514.54 524.84 511.22 airplane 0 0.889073 votes=3
381.63 357.43 390.66 362.02 386.09 370.99 377.07 366.40 airplane 0 0.873002 votes=3
373.65 345.57 377.38 356.71 368.18 359.79 364.45 348.65 airplane 0 0.852307 votes=3
512.83 482.17 523.60 490.02 515.96 500.52 505.18 492.67 airplane 0 0.809319 votes=3
498.84 472.96 512.42 478.01 508.55 488.43 494.97 483.39 airplane 0 0.765070 votes=3
