556.40 627.30 559.95 662.27 545.58 663.73 542.04 628.76 ship 0 0.998282 votes=3
255.03 324.96 260.09 371.00 243.73 372.79 238.67 326.76 ship 0 0.997957 votes=3
317.85 512.39 323.39 542.84 312.16 544.88 306.62 514.44 ship 0 0.996605 votes=3
403.21 654.55 406.01 690.48 393.09 691.48 390.30 655.55 ship 0 0.996255 votes=3
417.65 648.31 422.37 684.71 410.61 686.23 405.89 649.83 ship 0 0.996207 votes=3
235.64 328.70 241.41 381.92 223.64 383.85 217.87 330.62 ship 0 0.995064 votes=3
489.28 634.33 496.90 676.69 482.78 679.23 475.16 636.87 ship 0 0.994402 votes=3
274.86 322.38 280.52 367.91 263.97 369.96 258.31 324.43 ship 0 0.993518 votes=3
332.97 503.34 340.27 537.39 327.72 540.08 320.42 506.03 ship 0 0.992552 votes=3
361.26 658.90 372.15 698.24 358.27 702.08 347.38 662.75 ship 0 0.991878 votes=3
454.99 526.72 456.88 559.85 444.42 560.56 442.54 527.43 ship 0 0.990831 votes=3
404.14 535.44 410.60 570.79 397.24 573.23 390.78 537.89 ship 0 0.990254 votes=3
430.52 491.92 435.11 519.32 423.44 521.27 418.86 493.87 ship 0 0.988363 votes=3
500.63 519.85 504.43 545.50 494.07 547.03 490.28 521.38 ship 0 0.987441 votes=3
473.42 645.08 477.86 678.19 464.19 680.02 459.76 646.91 ship 0 0.986968 votes=3
436.75 530.39 441.54 560.32 429.07 562.31 424.28 532.39 ship 0 0.986343 votes=3
382.23 503.34 386.50 527.64 377.08 529.29 372.81 504.99 ship 0 0.985889 votes=3
468.14 525.38 473.23 552.55 462.65 554.53 457.55 527.37 ship 0 0.984017 votes=3
437.41 640.83 442.42 688.28 426.12 690.00 421.11 642.55 ship 0 0.983875 votes=3
421.06 532.30 426.98 564.86 414.74 567.08 408.82 534.53 ship 0 0.983790 votes=3
493.69 480.19 498.45 507.81 487.03 509.78 482.27 482.16 ship 0 0.980762 votes=3
487.01 520.13 489.92 554.65 475.37 555.88 472.45 521.36 ship 0 0.979702 votes=3
330.82 579.68 331.31 546.59 345.05 546.80 344.55 579.89 ship 0 0.977243 votes=3
388.09 539.41 392.05 566.54 380.71 568.20 376.75 541.06 ship 0 0.977086 votes=3
454.78 649.68 459.77 680.10 447.35 682.14 442.36 651.71 ship 0 0.976970 votes=3
400.06 496.65 403.78 525.60 391.86 527.13 388.13 498.18 ship 0 0.970699 votes=3
343.50 658.43 353.14 704.15 338.00 707.34 328.36 661.62 ship 0 0.970445 votes=3
478.86 480.95 482.73 513.03 470.77 514.47 466.89 482.40 ship 0 0.970159 votes=3
462.40 483.20 467.42 515.70 456.35 517.41 451.33 484.91 ship 0 0.967810 votes=3
367.74 500.72 369.76 531.84 357.95 532.61 355.93 501.49 ship 0 0.967088 votes=3
357.50 549.35 360.91 572.38 350.89 573.87 347.48 550.84 ship 0 0.964702 votes=3
555.52 106.61 567.83 193.45 528.21 199.07 515.90 112.23 harbor 0 0.961996 votes=3
291.87 323.09 298.53 358.87 285.20 361.35 278.54 325.57 ship 0 0.961618 votes=3
311.63 507.27 495.39 477.46 507.78 553.80 324.02 583.61 harbor 0 0.952753 votes=3
340.65 375.17 479.05 349.31 491.50 415.94 353.10 441.80 harbor 0 0.951244 votes=3
332.37 661.43 571.59 618.10 581.23 671.31 342.01 714.64 harbor 0 0.947269 votes=3
233.87 273.35 237.19 247.07 246.56 248.25 243.24 274.53 ship 0 0.926218 votes=3
210.37 368.67 212.60 77.81 295.85 78.45 293.63 369.31 harbor 0 0.886427 votes=3
225.86 170.06 225.88 191.85 215.89 191.86 215.87 170.07 ship 0 0.845856 votes=3
234.47 306.00 235.22 284.50 245.77 284.86 245.03 306.36 ship 0 0.830316 votes=3
333.51 128.17 428.56 111.42 439.58 173.93 344.53 190.68 harbor 0 0.801075 votes=3
212.86 220.49 212.90 199.47 225.27 199.50 225.22 220.52 ship 0 0.780001 votes=3
329.66 248.66 452.49 225.70 465.59 295.75 342.75 318.71 harbor 0 0.767585 votes=3
