306.05 532.61 306.69 404.44 350.61 404.66 349.97 532.83 ship 0 0.999705 votes=3
216.13 232.10 219.20 358.99 179.80 359.94 176.73 233.05 ship 0 0.999689 votes=3
585.11 514.33 587.65 378.19 631.23 379.00 628.70 515.14 ship 0 0.999683 votes=3
340.38 238.02 345.14 350.13 303.37 351.90 298.61 239.79 ship 0 0.999648 votes=3
90.35 267.83 90.68 385.68 53.24 385.78 52.91 267.93 ship 0 0.999633 votes=3
294.14 401.58 298.60 524.03 260.11 525.44 255.64 402.98 ship 0 0.999540 votes=3
155.34 401.86 165.51 528.61 121.84 532.12 111.67 405.36 ship 0 0.999525 votes=3
452.53 402.16 459.42 495.49 424.90 498.04 418.01 404.71 ship 0 0.999466 votes=3
497.06 268.67 497.10 343.91 469.88 343.93 469.84 268.68 ship 0 0.999454 votes=3
176.74 545.81 179.00 405.55 225.78 406.31 223.53 546.56 ship 0 0.999451 votes=3
95.66 399.80 100.96 541.95 55.50 543.65 50.20 401.50 ship 0 0.999415 votes=3
474.56 502.02 475.91 399.31 507.86 399.73 506.51 502.44 ship 0 0.997568 votes=3
62.34 245.34 648.87 222.33 660.36 515.25 73.83 538.25 harbor 0 0.990405 votes=3
