62.79 125.59 64.60 54.15 135.23 55.94 133.42 127.38 storagetank 0 0.999462 votes=3
69.63 267.97 130.27 268.73 129.53 327.96 68.89 327.20 storagetank 0 0.999433 votes=3
288.24 387.03 378.08 389.04 376.14 475.19 286.31 473.18 storagetank 0 0.999386 votes=3
482.88 256.58 483.56 302.19 438.77 302.86 438.08 257.25 storagetank 0 0.999369 votes=3
265.00 256.87 310.24 255.19 311.90 299.78 266.66 301.46 storagetank 0 0.999324 votes=3
276.98 540.15 323.24 541.77 321.71 585.41 275.46 583.80 storagetank 0 0.999320 votes=3
74.17 154.65 125.63 155.67 124.62 206.40 73.17 205.39 storagetank 0 0.999316 votes=3
417.33 388.20 504.66 390.50 502.37 477.38 415.03 475.07 storagetank 0 0.999218 votes=3
351.88 257.28 398.06 257.05 398.28 301.16 352.10 301.39 storagetank 0 0.999126 votes=3
41.34 444.66 42.32 356.37 129.46 357.33 128.48 445.63 storagetank 0 0.998998 votes=3
31.19 229.51 31.67 193.19 67.55 193.67 67.07 229.99 storagetank 0 0.997207 votes=3
320.76 213.75 347.69 214.37 347.07 241.10 320.15 240.48 storagetank 0 0.987948 votes=3
