586.24 588.33 587.47 416.04 759.68 417.27 758.45 589.56 baseballfield 0 0.999670 votes=3
460.61 245.73 460.89 380.78 396.86 380.91 396.57 245.86 tenniscourt 0 0.999172 votes=3
214.40 467.18 215.00 602.49 150.63 602.77 150.03 467.47 tenniscourt 0 0.999034 votes=3
213.28 245.98 214.04 382.50 150.01 382.86 149.25 246.34 tenniscourt 0 0.999033 votes=3
377.85 245.34 378.57 381.69 314.51 382.03 313.79 245.68 tenniscourt 0 0.998837 votes=3
461.24 466.31 461.40 602.37 397.25 602.45 397.09 466.39 tenniscourt 0 0.998823 votes=3
296.50 467.36 296.99 603.12 233.16 603.35 232.67 467.59 tenniscourt 0 0.998769 votes=3
131.99 467.02 132.86 602.74 68.13 603.16 67.27 467.43 tenniscourt 0 0.998658 votes=3
66.78 383.02 66.86 246.27 131.62 246.31 131.54 383.06 tenniscourt 0 0.998618 votes=3
295.62 246.14 296.10 382.56 232.40 382.78 231.91 246.37 tenniscourt 0 0.998607 votes=3
379.17 466.01 379.84 602.48 314.91 602.80 314.25 466.32 tenniscourt 0 0.998362 votes=3
124.64 89.64 190.36 89.97 190.05 152.20 124.33 151.88 tenniscourt 0 0.907363 votes=3
