419.45 487.92 419.49 531.90 405.64 531.91 405.60 487.93 vehicle 0 0.998976 votes=3
526.82 750.26 526.87 791.11 517.25 791.12 517.20 750.27 vehicle 0 0.998406 votes=3
509.26 513.41 509.61 535.79 501.05 535.93 500.70 513.54 vehicle 0 0.997401 votes=3
383.50 463.78 384.67 213.05 454.95 213.38 453.78 464.11 bridge 0 0.986644 votes=3
725.90 102.54 734.54 120.88 726.48 124.68 717.85 106.34 vehicle 0 0.986222 votes=3
537.44 273.26 538.41 511.34 477.02 511.59 476.05 273.51 bridge 0 0.979036 votes=3
498.71 289.67 498.91 273.33 507.53 273.43 507.34 289.78 vehicle 0 0.943087 votes=3
494.87 184.26 495.07 201.56 485.96 201.66 485.77 184.36 vehicle 0 0.823188 votes=3
786.25 189.42 802.96 192.71 801.34 200.93 784.63 197.64 vehicle 0 0.775241 votes=3
728.67 83.63 740.80 105.11 732.11 110.01 719.99 88.53 vehicle 0 0.702702 votes=2
