411.35 275.85 455.76 276.26 455.67 285.46 411.26 285.04 vehicle 0 0.998432 votes=3
351.24 489.55 393.94 488.70 394.12 497.73 351.42 498.59 vehicle 0 0.998408 votes=3
339.52 296.75 380.45 298.10 380.17 306.60 339.24 305.25 vehicle 0 0.998129 votes=3
284.75 304.35 334.28 306.16 333.98 314.49 284.45 312.68 vehicle 0 0.995259 votes=3
406.49 322.03 447.31 323.78 446.97 331.90 406.14 330.15 vehicle 0 0.995244 votes=3
456.20 308.53 497.06 309.59 496.84 317.74 455.99 316.68 vehicle 0 0.994209 votes=3
26.78 94.13 711.83 100.43 709.39 365.89 24.34 359.59 Expressway-Service-area 0 0.986224 votes=3
392.88 522.54 414.63 523.54 414.22 532.36 392.47 531.36 vehicle 0 0.986136 votes=3
56.61 471.73 722.61 482.75 717.77 775.12 51.77 764.10 Expressway-Service-area 0 0.985936 votes=3
528.10 280.37 582.26 281.72 582.07 289.26 527.91 287.91 vehicle 0 0.975095 votes=3
220.81 566.25 259.21 567.33 259.02 573.95 220.63 572.87 vehicle 0 0.969896 votes=3
394.35 296.61 444.10 297.48 443.93 307.13 394.18 306.27 vehicle 0 0.964751 votes=3
324.12 520.32 345.21 520.79 345.05 527.99 323.96 527.53 vehicle 0 0.958877 votes=3
284.68 250.36 314.68 248.73 315.15 257.33 285.15 258.96 vehicle 0 0.954262 votes=3
132.72 383.80 170.81 383.99 170.76 393.31 132.68 393.12 vehicle 0 0.948554 votes=3
300.76 544.23 327.92 545.18 327.63 553.47 300.47 552.52 vehicle 0 0.947031 votes=3
241.24 530.25 257.23 530.96 256.95 537.28 240.96 536.57 vehicle 0 0.800055 votes=3
761.46 366.79 774.27 369.43 772.89 376.09 760.09 373.45 vehicle 0 0.796135 votes=3
