106.65 148.88 114.47 218.79 84.54 222.14 76.72 152.22 ship 0 0.999721 votes=3
191.18 364.23 311.95 361.18 312.96 401.09 192.19 404.14 ship 0 0.999706 votes=3
172.15 640.59 323.53 622.40 330.12 677.27 178.74 695.45 ship 0 0.999695 votes=3
354.48 361.51 532.37 351.39 535.60 408.24 357.71 418.36 ship 0 0.999681 votes=3
228.94 571.68 311.92 562.54 315.35 593.71 232.38 602.85 ship 0 0.999603 votes=3
399.45 132.21 443.81 156.62 433.38 175.58 389.02 151.16 vehicle 0 0.999506 votes=3
356.85 419.01 531.80 422.21 530.81 476.54 355.86 473.34 ship 0 0.999461 votes=3
467.90 25.59 512.12 49.40 502.54 67.19 458.32 43.38 vehicle 0 0.999408 votes=3
446.71 52.20 496.14 79.44 486.45 97.04 437.01 69.80 vehicle 0 0.998984 votes=3
440.29 224.55 443.46 637.12 253.55 638.58 250.38 226.01 harbor 0 0.978126 votes=3
383.69 172.41 508.63 -51.93 639.23 20.81 514.28 245.15 harbor 0 0.701270 votes=2
