253.62 549.50 331.31 558.57 328.35 583.87 250.67 574.79 ship 0 0.999541 votes=3
156.65 151.54 221.48 154.20 220.58 176.22 155.75 173.56 ship 0 0.999465 votes=3
276.44 299.57 379.73 336.46 368.58 367.68 265.29 330.78 ship 0 0.999354 votes=3
246.82 615.46 323.20 637.32 315.94 662.69 239.56 640.83 ship 0 0.999306 votes=3
562.61 463.41 673.31 406.88 689.23 438.06 578.53 494.60 ship 0 0.999196 votes=3
226.15 470.54 275.36 471.75 274.92 489.85 225.70 488.64 ship 0 0.999022 votes=3
273.97 381.29 374.63 401.92 367.94 434.53 267.28 413.89 ship 0 0.998772 votes=3
532.65 20.46 588.57 53.94 576.08 74.81 520.16 41.33 ship 0 0.998638 votes=3
562.04 5.27 608.97 35.61 599.49 50.26 552.56 19.93 ship 0 0.998475 votes=3
188.67 294.88 260.22 316.88 252.61 341.64 181.06 319.64 ship 0 0.998446 votes=3
532.81 217.35 585.14 178.52 598.62 196.69 546.29 235.51 ship 0 0.998433 votes=3
212.83 658.71 221.19 613.59 238.51 616.80 230.15 661.92 ship 0 0.998396 votes=3
506.05 142.29 558.22 129.61 562.61 147.66 510.43 160.34 ship 0 0.998006 votes=3
518.61 192.44 567.21 153.04 581.37 170.50 532.77 209.91 ship 0 0.997954 votes=3
513.19 267.88 586.80 213.15 608.75 242.66 535.13 297.40 ship 0 0.997849 votes=3
503.62 84.91 567.59 89.52 566.21 108.76 502.23 104.15 ship 0 0.997696 votes=3
629.72 310.03 675.27 281.33 686.07 298.47 640.52 327.18 ship 0 0.997477 votes=3
215.23 179.83 281.84 183.44 280.77 203.08 214.17 199.47 ship 0 0.997242 votes=3
237.55 584.24 299.55 592.58 296.51 615.13 234.52 606.78 ship 0 0.997089 votes=3
247.52 499.65 295.25 519.43 289.09 534.31 241.36 514.53 ship 0 0.996768 votes=3
513.24 111.47 567.02 115.12 565.91 131.46 512.13 127.81 ship 0 0.996245 votes=3
644.80 145.74 674.39 146.01 674.28 157.52 644.69 157.25 vehicle 0 0.995817 votes=3
556.55 310.96 630.15 264.84 642.49 284.54 568.90 330.67 ship 0 0.995712 votes=3
678.44 402.14 760.97 355.89 775.10 381.10 692.57 427.35 ship 0 0.994508 votes=3
258.97 332.66 340.78 356.89 333.15 382.66 251.34 358.44 ship 0 0.987762 votes=3
211.11 205.87 270.71 213.05 268.52 231.21 208.93 224.03 ship 0 0.984594 votes=3
178.79 321.05 253.95 343.33 246.75 367.59 171.59 345.31 ship 0 0.975878 votes=3
204.70 543.55 207.38 497.75 225.56 498.81 222.88 544.61 ship 0 0.957571 votes=3
552.33 62.50 573.45 71.87 569.23 81.38 548.11 72.01 ship 0 0.861369 votes=3
203.62 374.24 260.66 382.37 257.41 405.16 200.37 397.02 ship 0 0.809076 votes=3
578.44 422.87 767.85 329.35 777.02 347.93 587.62 441.45 harbor 0 0.802671 votes=3
194.95 562.79 308.61 583.19 302.11 619.45 188.44 599.05 harbor 0 0.708493 votes=2
172.13 41.23 283.06 73.89 279.16 87.16 168.22 54.50 harbor 0 0.705035 votes=3
641.30 471.04 773.46 413.98 809.33 497.07 677.17 554.12 harbor 0 0.662589 votes=2
654.80 34.09 709.73 268.24 553.42 304.91 498.49 70.75 harbor 0 0.630365 votes=2
