268.80 739.94 297.40 739.76 297.47 751.66 268.87 751.83 vehicle 0 0.999673 votes=3
145.46 191.20 210.19 185.07 212.20 206.29 147.47 212.42 ship 0 0.999651 votes=3
343.05 129.24 417.87 125.42 419.17 151.02 344.36 154.84 ship 0 0.999634 votes=3
769.92 740.36 772.02 775.18 759.16 775.95 757.06 741.14 vehicle 0 0.999541 votes=3
265.78 708.28 292.45 708.39 292.40 720.79 265.74 720.68 vehicle 0 0.999358 votes=3
142.14 221.51 206.20 215.77 208.36 239.82 144.30 245.57 ship 0 0.999205 votes=3
148.94 347.30 204.34 347.76 204.18 367.48 148.78 367.02 ship 0 0.999149 votes=3
157.87 413.17 200.85 412.11 201.25 428.57 158.28 429.62 ship 0 0.998867 votes=3
692.64 722.27 711.70 701.22 720.06 708.78 700.99 729.83 vehicle 0 0.998627 votes=3
265.69 782.41 293.31 780.37 294.12 791.34 266.50 793.38 vehicle 0 0.998524 votes=3
540.92 465.69 587.00 465.34 587.12 480.84 541.04 481.18 ship 0 0.998007 votes=3
63.69 509.26 63.77 140.84 204.96 140.88 204.88 509.29 harbor 0 0.997936 votes=3
438.06 262.60 438.55 487.48 303.93 487.78 303.44 262.89 harbor 0 0.997687 votes=3
367.42 762.29 380.98 790.85 368.60 796.73 355.04 768.17 vehicle 0 0.996651 votes=3
543.68 428.60 582.89 428.59 582.90 443.24 543.69 443.25 ship 0 0.996231 votes=3
688.61 774.70 714.59 756.12 721.90 766.34 695.92 784.92 vehicle 0 0.995454 votes=3
687.68 440.55 689.28 474.90 677.99 475.42 676.40 441.07 ship 0 0.994578 votes=3
695.03 136.25 697.85 482.44 535.58 483.76 532.76 137.57 harbor 0 0.993468 votes=3
177.88 729.20 208.00 726.73 209.04 739.41 178.91 741.87 vehicle 0 0.993257 votes=3
