262.54 213.82 265.08 374.08 188.06 375.30 185.53 215.04 tenniscourt 0 0.999358 votes=3
267.11 456.43 268.33 617.61 192.07 618.19 190.86 457.01 tenniscourt 0 0.999330 votes=3
505.62 452.53 507.15 613.50 430.43 614.23 428.90 453.26 tenniscourt 0 0.999230 votes=3
620.55 208.97 622.12 369.31 546.02 370.06 544.44 209.71 tenniscourt 0 0.999099 votes=3
623.86 451.04 624.84 612.14 548.76 612.60 547.79 451.50 tenniscourt 0 0.999022 votes=3
501.26 210.83 503.54 370.45 428.10 371.53 425.81 211.91 tenniscourt 0 0.999008 votes=3
384.81 454.99 386.39 614.13 310.43 614.89 308.85 455.74 tenniscourt 0 0.998974 votes=3
738.94 207.21 741.63 367.03 666.40 368.29 663.70 208.47 tenniscourt 0 0.998935 votes=3
743.73 449.93 745.35 610.77 668.75 611.55 667.12 450.70 tenniscourt 0 0.998869 votes=3
380.35 212.32 382.42 372.54 306.96 373.52 304.88 213.29 tenniscourt 0 0.998818 votes=3
