383.29 145.33 384.25 235.97 350.58 236.32 349.62 145.69 ship 0 0.999765 votes=3
336.88 616.04 336.92 536.75 365.29 536.77 365.25 616.06 ship 0 0.999742 votes=3
400.78 537.02 401.00 623.15 371.31 623.22 371.09 537.09 ship 0 0.999671 votes=3
174.08 570.21 176.26 696.38 140.76 696.99 138.57 570.82 ship 0 0.999660 votes=3
299.33 616.23 300.86 537.38 327.05 537.88 325.52 616.73 ship 0 0.999659 votes=3
249.90 650.48 251.17 719.55 228.19 719.98 226.92 650.90 ship 0 0.999618 votes=3
437.60 644.88 438.30 729.35 413.43 729.55 412.73 645.08 ship 0 0.999604 votes=3
262.05 620.32 262.22 536.94 288.11 537.00 287.93 620.37 ship 0 0.999577 votes=3
325.03 640.97 326.99 729.39 297.67 730.04 295.71 641.62 ship 0 0.999528 votes=3
471.72 139.70 473.54 242.53 442.44 243.08 440.62 140.25 ship 0 0.999507 votes=3
339.69 140.41 340.68 230.02 302.59 230.45 301.60 140.83 ship 0 0.999491 votes=3
444.44 747.68 448.36 640.33 479.96 641.49 476.04 748.83 ship 0 0.999456 votes=3
525.16 375.07 525.44 274.84 556.72 274.93 556.44 375.16 ship 0 0.999381 votes=3
66.28 450.42 73.49 402.72 92.89 405.65 85.68 453.35 ship 0 0.999270 votes=3
219.82 611.38 221.97 529.22 251.38 529.99 249.23 612.15 ship 0 0.999245 votes=3
464.84 283.13 476.76 370.11 447.75 374.09 435.83 287.11 ship 0 0.999221 votes=3
487.94 735.36 492.03 653.86 518.23 655.17 514.14 736.67 ship 0 0.998619 votes=3
566.64 175.55 567.85 140.44 582.28 140.93 581.07 176.05 ship 0 0.998447 votes=3
394.79 251.14 396.92 132.79 427.63 133.34 425.51 251.69 ship 0 0.998440 votes=3
172.87 533.48 568.63 536.26 567.22 736.90 171.46 734.11 harbor 0 0.986996 votes=3
335.49 131.27 641.64 127.51 644.73 379.66 338.59 383.41 harbor 0 0.980671 votes=3
161.30 723.55 163.58 698.82 175.81 699.94 173.53 724.68 ship 0 0.976595 votes=3
591.57 22.96 763.81 18.94 766.07 116.03 593.83 120.04 harbor 0 0.959221 votes=3
