610.83 164.99 618.98 303.13 552.85 307.03 544.71 168.89 tenniscourt 0 0.999603 votes=3
306.11 125.16 306.40 268.90 239.90 269.03 239.61 125.29 tenniscourt 0 0.999516 votes=3
693.43 158.18 702.05 297.30 636.59 301.36 627.97 162.23 tenniscourt 0 0.999508 votes=3
692.74 431.66 697.96 568.82 632.33 571.31 627.11 434.16 tenniscourt 0 0.999461 votes=3
239.01 511.96 239.27 364.94 306.56 365.06 306.30 512.08 tenniscourt 0 0.999397 votes=3
608.59 433.84 614.96 572.32 549.51 575.33 543.15 436.85 tenniscourt 0 0.999307 votes=3
136.88 123.74 137.39 267.44 68.39 267.68 67.88 123.98 tenniscourt 0 0.999212 votes=3
152.02 510.31 152.21 364.55 218.97 364.63 218.78 510.39 tenniscourt 0 0.999178 votes=3
154.49 268.16 154.76 123.62 222.56 123.74 222.30 268.28 tenniscourt 0 0.999098 votes=3
63.22 508.75 63.98 364.62 132.66 364.98 131.89 509.12 tenniscourt 0 0.999066 votes=3
