123.66 256.40 127.63 322.34 105.64 323.67 101.67 257.73 ship 0 0.999701 votes=3
523.10 265.29 525.29 339.14 501.95 339.83 499.76 265.99 ship 0 0.999515 votes=3
675.77 224.65 678.84 296.75 655.88 297.73 652.82 225.62 ship 0 0.999329 votes=3
165.89 255.15 166.46 318.73 136.63 319.00 136.07 255.41 ship 0 0.999288 votes=3
296.38 249.10 297.46 310.02 278.84 310.35 277.76 249.43 ship 0 0.999276 votes=3
491.76 260.85 492.42 329.11 471.51 329.31 470.85 261.05 ship 0 0.999257 votes=3
442.93 326.37 444.20 262.08 463.59 262.46 462.33 326.75 ship 0 0.999022 votes=3
590.98 322.11 591.05 238.25 618.14 238.27 618.07 322.13 ship 0 0.999012 votes=3
252.13 306.73 252.38 249.28 272.24 249.37 271.99 306.82 ship 0 0.998860 votes=3
197.99 253.87 198.27 303.77 180.48 303.87 180.21 253.97 ship 0 0.998835 votes=3
530.62 324.52 531.21 258.70 549.90 258.86 549.32 324.69 ship 0 0.998710 votes=3
222.03 252.25 222.34 311.88 204.34 311.97 204.03 252.35 ship 0 0.998573 votes=3
303.99 313.99 304.14 255.27 320.27 255.31 320.12 314.03 ship 0 0.998546 votes=3
432.77 265.52 434.08 321.88 418.21 322.25 416.89 265.89 ship 0 0.998544 votes=3
448.69 120.68 448.74 94.14 459.88 94.16 459.83 120.70 vehicle 0 0.998510 votes=3
47.98 256.89 52.45 310.76 33.06 312.37 28.58 258.50 ship 0 0.998253 votes=3
75.03 253.35 77.50 314.15 57.81 314.95 55.34 254.15 ship 0 0.997732 votes=3
94.76 254.67 99.82 300.02 83.87 301.80 78.81 256.45 ship 0 0.997696 votes=3
381.27 332.74 381.65 257.72 405.81 257.84 405.42 332.86 ship 0 0.996394 votes=3
227.83 301.51 228.47 252.71 245.96 252.94 245.32 301.74 ship 0 0.994448 votes=3
23.08 120.72 332.29 119.29 333.18 312.40 23.97 313.82 harbor 0 0.985962 votes=3
369.11 211.18 710.33 200.74 714.01 320.91 372.79 331.36 harbor 0 0.944961 votes=3
179.41 58.27 179.67 81.01 168.50 81.14 168.24 58.40 vehicle 0 0.934492 votes=3
579.30 144.20 579.53 117.75 589.60 117.84 589.37 144.29 vehicle 0 0.866797 votes=3
