623.05 343.83 702.05 345.79 700.35 414.49 621.34 412.53 storagetank 0 0.999358 votes=3
413.54 206.35 498.19 207.46 497.26 278.33 412.61 277.22 storagetank 0 0.999329 votes=3
194.20 612.07 297.95 613.09 297.12 697.61 193.36 696.59 storagetank 0 0.999293 votes=3
190.19 537.49 259.24 538.58 258.39 592.20 189.34 591.11 storagetank 0 0.999287 votes=3
364.41 325.40 450.30 328.08 448.13 397.77 362.24 395.09 storagetank 0 0.999235 votes=3
696.74 142.49 785.01 143.28 784.30 223.09 696.03 222.30 storagetank 0 0.999213 votes=3
96.91 535.93 155.54 536.48 155.11 583.66 96.47 583.12 storagetank 0 0.999160 votes=3
290.47 541.26 357.75 544.37 355.32 597.11 288.03 594.00 storagetank 0 0.998908 votes=3
331.17 451.50 393.36 453.44 391.84 502.06 329.65 500.12 storagetank 0 0.998247 votes=3
697.11 450.75 697.41 465.38 682.78 465.67 682.49 451.04 storagetank 0 0.909933 votes=3
658.46 453.37 676.75 453.23 676.86 468.22 658.58 468.36 storagetank 0 0.855414 votes=3
196.26 440.15 217.43 444.36 215.83 452.41 194.66 448.20 vehicle 0 0.832478 votes=3
643.61 453.15 657.44 453.34 657.26 466.35 643.43 466.16 storagetank 0 0.703853 votes=3
