247.91 468.96 337.33 399.96 369.78 442.01 280.36 511.01 tenniscourt 0 0.999243 votes=3
598.13 639.83 694.61 570.25 737.74 630.06 641.27 699.64 basketballcourt 0 0.999187 votes=3
207.46 418.38 296.16 348.35 329.09 390.06 240.39 460.10 tenniscourt 0 0.999121 votes=3
288.66 521.76 376.44 451.59 409.54 492.99 321.76 563.17 tenniscourt 0 0.999051 votes=3
165.40 366.52 254.20 296.37 288.12 339.31 199.32 409.46 tenniscourt 0 0.998962 votes=3
461.16 208.16 484.46 197.68 488.86 207.45 465.56 217.93 vehicle 0 0.997912 votes=3
483.19 247.94 503.37 238.38 507.45 246.97 487.27 256.54 vehicle 0 0.963569 votes=3
477.70 232.09 497.81 225.60 500.77 234.77 480.66 241.26 vehicle 0 0.955310 votes=3
775.52 428.84 789.21 448.11 781.42 453.64 767.74 434.37 vehicle 0 0.951946 votes=3
104.29 301.62 119.45 318.98 111.23 326.16 96.07 308.80 vehicle 0 0.754228 votes=3
