71.31 561.25 71.35 492.57 100.28 492.59 100.24 561.27 vehicle 0 0.999798 votes=3
469.14 107.21 550.33 106.42 550.66 140.07 469.47 140.86 vehicle 0 0.999783 votes=3
275.31 683.98 275.77 751.98 248.12 752.17 247.67 684.17 vehicle 0 0.999782 votes=3
288.76 279.39 369.07 278.66 369.36 310.32 289.05 311.05 vehicle 0 0.999759 votes=3
475.01 273.19 553.25 272.61 553.49 305.23 475.26 305.81 vehicle 0 0.999754 votes=3
121.54 687.55 122.89 752.78 98.15 753.29 96.80 688.06 vehicle 0 0.999747 votes=3
177.91 681.34 177.97 747.79 151.17 747.81 151.11 681.36 vehicle 0 0.999724 votes=3
482.38 349.59 552.23 350.33 551.94 377.40 482.09 376.66 vehicle 0 0.999721 votes=3
491.82 742.87 552.22 743.61 551.89 770.63 491.49 769.90 vehicle 0 0.999696 votes=3
240.69 687.72 241.45 757.71 214.93 758.00 214.17 688.01 vehicle 0 0.999645 votes=3
83.87 684.08 85.57 745.67 58.25 746.43 56.55 684.84 vehicle 0 0.999598 votes=3
148.79 549.87 150.74 496.78 175.85 497.70 173.91 550.79 vehicle 0 0.999593 votes=3
309.55 420.03 362.63 420.00 362.65 448.98 309.57 449.01 vehicle 0 0.997857 votes=3
488.20 495.59 548.49 495.90 548.37 519.34 488.08 519.03 vehicle 0 0.963302 votes=3
