391.91 510.46 393.43 664.69 343.39 665.18 341.87 510.95 ship 0 0.999736 votes=3
372.05 295.25 380.35 409.18 338.98 412.19 330.68 298.27 ship 0 0.999574 votes=3
520.96 479.70 522.72 677.85 465.51 678.36 463.75 480.20 ship 0 0.999465 votes=3
450.07 354.32 470.05 213.13 519.08 220.07 499.10 361.25 ship 0 0.999310 votes=3
440.36 531.01 449.80 695.05 400.15 697.90 390.72 533.87 ship 0 0.999202 votes=3
205.34 188.72 333.08 166.32 341.50 214.29 213.76 236.69 ship 0 0.999129 votes=3
453.76 471.47 468.52 377.04 498.47 381.72 483.70 476.15 ship 0 0.998865 votes=3
357.41 176.97 470.67 136.29 487.66 183.59 374.40 224.27 ship 0 0.998065 votes=3
436.68 258.82 440.93 420.53 381.88 422.08 377.63 260.37 ship 0 0.997194 votes=3
640.99 70.84 719.63 36.54 733.58 68.52 654.94 102.82 ship 0 0.996565 votes=3
413.57 525.89 414.19 460.43 438.98 460.66 438.36 526.13 ship 0 0.975334 votes=3
574.43 142.77 614.47 121.51 623.15 137.88 583.11 159.14 ship 0 0.971221 votes=3
685.10 86.39 738.19 68.80 744.75 88.58 691.65 106.17 ship 0 0.810120 votes=3
