308.43 389.91 310.39 435.79 291.85 436.58 289.89 390.70 ship 0 0.999411 votes=3
266.84 312.73 271.64 368.73 250.87 370.51 246.07 314.51 ship 0 0.998893 votes=3
389.52 610.52 395.48 652.72 377.99 655.19 372.03 612.99 ship 0 0.998789 votes=3
494.87 594.74 500.01 631.29 483.18 633.66 478.04 597.11 ship 0 0.998780 votes=3
457.17 531.05 461.17 579.05 441.08 580.72 437.09 532.72 ship 0 0.997545 votes=3
195.75 319.31 718.85 239.27 740.35 379.81 217.26 459.84 harbor 0 0.995529 votes=3
303.37 307.13 311.94 345.28 294.17 349.27 285.59 311.12 ship 0 0.994432 votes=3
228.30 567.77 574.11 521.18 587.86 623.23 242.05 669.82 harbor 0 0.993408 votes=3
403.36 292.02 406.65 339.64 388.27 340.91 384.98 293.29 ship 0 0.989517 votes=3
380.33 548.52 386.61 587.80 366.21 591.06 359.93 551.78 ship 0 0.959442 votes=3
508.18 698.03 513.76 743.75 494.64 746.09 489.06 700.36 ship 0 0.675776 votes=2
