363.74 340.85 363.94 377.59 349.55 377.67 349.34 340.93 vehicle 0 0.999740 votes=3
762.66 73.71 764.32 264.95 674.15 265.74 672.49 74.49 tenniscourt 0 0.999689 votes=3
307.94 75.61 309.93 267.61 219.81 268.54 217.82 76.55 tenniscourt 0 0.999666 votes=3
540.27 75.24 541.51 266.30 452.61 266.87 451.37 75.81 tenniscourt 0 0.999657 votes=3
419.44 74.47 420.80 266.35 331.33 266.99 329.97 75.10 tenniscourt 0 0.999654 votes=3
650.99 74.32 652.76 264.63 563.34 265.46 561.56 75.16 tenniscourt 0 0.999649 votes=3
290.26 542.25 323.33 520.18 332.57 534.04 299.50 556.11 vehicle 0 0.999549 votes=3
162.62 730.06 198.60 735.79 196.53 748.81 160.55 743.08 vehicle 0 0.973933 votes=3
168.35 754.95 200.25 748.39 203.18 762.61 171.28 769.17 vehicle 0 0.881215 votes=3
655.25 369.21 673.77 358.06 679.64 367.82 661.12 378.96 vehicle 0 0.847376 votes=3
