308.22 573.72 309.59 323.13 509.59 324.23 508.22 574.81 stadium 0 0.999076 votes=3
187.20 390.35 227.54 389.61 227.90 409.48 187.56 410.22 tenniscourt 0 0.985081 votes=3
389.14 102.08 396.91 225.52 341.30 229.02 333.53 105.58 groundtrackfield 0 0.976321 votes=3
122.43 515.02 122.90 476.79 142.10 477.02 141.64 515.25 tenniscourt 0 0.974524 votes=3
149.14 514.51 149.18 477.01 168.95 477.03 168.91 514.53 tenniscourt 0 0.970249 votes=3
170.45 366.92 170.70 406.76 147.45 406.91 147.20 367.06 tenniscourt 0 0.965574 votes=3
230.20 430.73 230.22 465.99 211.91 466.00 211.90 430.74 tenniscourt 0 0.961769 votes=3
165.47 423.41 165.76 459.86 145.41 460.02 145.13 423.57 tenniscourt 0 0.961375 votes=3
185.74 467.38 187.12 429.80 208.69 430.59 207.31 468.17 tenniscourt 0 0.951874 votes=3
141.39 366.18 142.26 410.08 118.87 410.54 118.00 366.64 tenniscourt 0 0.936417 votes=3
146.53 423.49 147.78 458.97 117.40 460.04 116.15 424.56 tenniscourt 0 0.914340 votes=3
220.50 635.73 231.12 629.16 232.90 632.03 222.28 638.60 vehicle 0 0.790520 votes=2
