382.49 20.86 470.83 21.40 470.30 108.07 381.96 107.52 storagetank 0 0.999405 votes=3
628.72 570.02 693.29 572.54 690.88 634.25 626.31 631.72 storagetank 0 0.999392 votes=3
330.73 205.54 420.21 203.57 422.13 290.61 332.66 292.58 storagetank 0 0.999379 votes=3
9.79 169.63 101.50 169.26 101.85 255.78 10.14 256.15 storagetank 0 0.999362 votes=3
152.92 346.02 244.71 345.82 244.89 433.57 153.11 433.76 storagetank 0 0.999356 votes=3
443.30 701.69 528.35 702.70 527.35 787.19 442.29 786.18 storagetank 0 0.999306 votes=3
294.93 525.07 384.09 524.42 384.72 611.14 295.57 611.80 storagetank 0 0.998967 votes=3
471.65 385.22 557.87 379.08 563.91 463.94 477.69 470.08 storagetank 0 0.998650 votes=3
185.98 28.61 275.70 26.94 277.32 113.99 187.60 115.66 storagetank 0 0.998603 votes=3
141.14 477.92 141.46 460.97 157.75 461.29 157.42 478.24 storagetank 0 0.849815 votes=3
