245.44 297.18 251.43 324.94 239.90 327.43 233.91 299.67 vehicle 0 0.999631 votes=3
635.45 174.39 662.20 171.21 663.56 182.62 636.81 185.81 vehicle 0 0.999556 votes=3
378.36 458.06 393.74 592.43 328.72 599.88 313.33 465.51 tenniscourt 0 0.999523 votes=3
212.27 547.15 247.68 545.83 248.13 557.87 212.72 559.19 vehicle 0 0.999451 votes=3
366.40 187.35 401.65 188.22 401.32 201.50 366.08 200.63 vehicle 0 0.999382 votes=3
205.85 423.51 232.40 422.52 232.82 433.93 206.27 434.92 vehicle 0 0.999366 votes=3
488.21 432.45 507.08 591.13 418.77 601.63 399.90 442.95 basketballcourt 0 0.999338 votes=3
364.25 158.13 389.81 155.68 390.87 166.70 365.31 169.15 vehicle 0 0.999308 votes=3
438.59 361.28 443.89 389.33 431.20 391.72 425.90 363.68 vehicle 0 0.999215 votes=3
208.38 453.66 234.51 452.15 235.18 463.78 209.05 465.29 vehicle 0 0.999140 votes=3
482.03 358.36 486.59 384.45 474.87 386.49 470.31 360.41 vehicle 0 0.999047 votes=3
374.71 724.26 374.94 753.86 362.47 753.95 362.24 724.35 vehicle 0 0.998998 votes=3
377.86 364.13 382.96 394.53 369.85 396.74 364.75 366.34 vehicle 0 0.998976 votes=3
398.22 280.13 400.91 312.69 385.62 313.96 382.93 281.39 vehicle 0 0.998866 votes=3
368.28 282.91 370.62 314.26 356.82 315.29 354.48 283.94 vehicle 0 0.998531 votes=3
273.03 379.23 275.54 405.50 262.79 406.72 260.27 380.45 vehicle 0 0.998293 votes=3
212.58 483.92 237.71 482.83 238.22 494.64 213.10 495.74 vehicle 0 0.998090 votes=3
409.83 365.04 412.24 392.56 398.44 393.78 396.02 366.25 vehicle 0 0.996966 votes=3
641.88 201.13 666.35 200.41 666.63 210.19 642.16 210.90 vehicle 0 0.995279 votes=3
288.95 190.14 314.31 190.32 314.24 200.90 288.87 200.72 vehicle 0 0.992930 votes=3
398.93 719.25 399.45 746.11 387.36 746.34 386.84 719.49 vehicle 0 0.988853 votes=3
302.86 206.97 331.97 206.36 332.21 217.81 303.10 218.43 vehicle 0 0.815312 votes=3
