300.01 319.52 470.46 320.12 469.87 489.75 299.42 489.15 stadium 0 0.999192 votes=3
-1.62 558.49 20.84 478.67 47.15 486.08 24.69 565.90 overpass 0 0.987888 votes=3
639.34 393.03 683.55 391.78 684.06 409.83 639.85 411.08 tenniscourt 0 0.976537 votes=3
640.28 433.69 644.36 472.84 625.63 474.79 621.55 435.64 tenniscourt 0 0.971341 votes=3
619.76 436.94 624.11 474.53 604.28 476.83 599.93 439.23 tenniscourt 0 0.968924 votes=3
546.87 445.26 552.80 487.01 534.21 489.65 528.28 447.90 tenniscourt 0 0.932671 votes=3
646.38 453.94 687.84 449.97 689.61 468.52 648.16 472.48 tenniscourt 0 0.923358 votes=3
643.77 413.71 683.69 411.52 684.63 428.74 644.71 430.93 tenniscourt 0 0.922306 votes=3
273.49 174.87 274.70 120.50 286.56 120.77 285.35 175.13 overpass 0 0.890688 votes=3
643.51 434.90 685.56 430.89 687.14 447.44 645.09 451.45 tenniscourt 0 0.890050 votes=3
554.13 462.72 597.52 459.85 598.92 481.06 555.53 483.92 tenniscourt 0 0.854224 votes=3
