404.05 125.25 429.38 145.19 421.36 155.38 396.03 135.44 vehicle 0 0.999686 votes=3
252.28 272.06 269.65 292.77 260.79 300.20 243.42 279.49 vehicle 0 0.999678 votes=3
135.53 353.79 158.66 380.72 148.25 389.66 125.11 362.73 vehicle 0 0.999600 votes=3
52.20 413.41 67.84 442.38 57.45 447.99 41.81 419.03 vehicle 0 0.999560 votes=3
329.66 222.91 355.07 243.33 346.87 253.52 321.47 233.10 vehicle 0 0.999461 votes=3
181.31 304.77 202.59 338.16 190.90 345.61 169.62 312.22 vehicle 0 0.999427 votes=3
554.33 330.31 614.19 576.01 373.79 634.58 313.93 388.88 baseballfield 0 0.999400 votes=3
374.24 171.18 400.01 194.39 390.15 205.34 364.38 182.12 vehicle 0 0.999222 votes=3
113.34 372.18 131.50 397.37 121.94 404.26 103.78 379.07 vehicle 0 0.998388 votes=3
363.27 31.26 370.23 61.12 358.17 63.93 351.22 34.07 vehicle 0 0.967804 votes=3
