446.93 34.14 451.18 163.32 323.74 167.51 319.49 38.33 baseballfield 0 0.999621 votes=3
546.22 275.90 548.71 346.83 514.42 348.03 511.93 277.10 tenniscourt 0 0.999401 votes=3
254.34 62.33 258.63 579.75 26.87 581.67 22.58 64.25 groundtrackfield 0 0.999097 votes=3
774.33 31.16 774.83 105.71 700.57 106.21 700.08 31.65 baseballfield 0 0.998947 votes=3
495.25 279.80 497.69 349.24 464.00 350.43 461.55 280.99 tenniscourt 0 0.998600 votes=3
315.77 320.71 387.57 287.02 420.33 356.84 348.53 390.52 baseballfield 0 0.995140 votes=3
190.22 705.38 201.74 691.23 207.47 695.90 195.95 710.05 vehicle 0 0.935810 votes=3
415.73 713.47 432.02 712.65 432.35 719.22 416.06 720.03 vehicle 0 0.933755 votes=3
731.19 608.06 745.47 616.52 742.28 621.91 728.00 613.45 vehicle 0 0.932485 votes=3
369.04 717.94 376.80 727.79 371.92 731.64 364.16 721.78 vehicle 0 0.875583 votes=3
416.23 631.95 431.35 633.14 430.86 639.30 415.75 638.11 vehicle 0 0.837649 votes=3
426.45 485.48 437.64 490.11 435.36 495.62 424.17 491.00 vehicle 0 0.709415 votes=3
601.92 254.34 610.54 344.43 562.12 349.07 553.49 258.97 basketballcourt 0 0.667172 votes=2
