78.14 83.52 143.72 83.38 143.76 104.95 78.18 105.08 ship 0 0.999653 votes=3
15.99 302.83 77.34 302.68 77.39 323.42 16.04 323.57 ship 0 0.999605 votes=3
609.25 695.13 616.59 635.84 634.98 638.12 627.64 697.40 ship 0 0.999479 votes=3
456.84 396.05 545.50 396.80 545.26 425.69 456.60 424.94 ship 0 0.999429 votes=3
85.71 167.03 142.85 167.20 142.79 187.09 85.65 186.92 ship 0 0.999422 votes=3
579.89 397.17 629.41 397.67 629.22 416.27 579.70 415.78 ship 0 0.999416 votes=3
235.93 598.68 301.47 599.13 301.32 621.59 235.78 621.14 ship 0 0.999406 votes=3
545.33 687.43 545.53 637.63 562.09 637.70 561.90 687.49 ship 0 0.999374 votes=3
452.08 109.03 522.42 108.34 522.66 132.92 452.32 133.62 ship 0 0.999338 votes=3
513.53 619.59 515.20 573.76 533.14 574.41 531.48 620.24 ship 0 0.999334 votes=3
545.95 83.78 595.82 84.15 595.70 101.65 545.82 101.29 ship 0 0.999323 votes=3
165.66 276.46 229.76 271.86 231.20 291.96 167.10 296.56 ship 0 0.999315 votes=3
401.65 619.90 404.15 556.56 425.64 557.41 423.14 620.75 ship 0 0.999293 votes=3
468.08 178.12 524.62 178.96 524.33 198.33 467.80 197.50 ship 0 0.999257 votes=3
76.26 211.15 139.23 212.53 138.78 233.05 75.81 231.68 ship 0 0.999248 votes=3
755.20 619.11 757.70 557.30 777.71 558.11 775.22 619.92 ship 0 0.999247 votes=3
544.07 202.15 596.75 204.34 596.04 221.39 543.36 219.21 ship 0 0.999228 votes=3
465.95 144.08 522.74 146.06 521.98 167.54 465.20 165.55 ship 0 0.999208 votes=3
721.35 569.49 724.97 615.13 710.29 616.30 706.67 570.66 ship 0 0.999185 votes=3
485.41 617.26 485.46 576.39 498.53 576.40 498.48 617.27 ship 0 0.999183 votes=3
383.38 568.91 385.71 617.98 370.78 618.69 368.45 569.61 ship 0 0.999179 votes=3
245.23 638.63 296.36 639.15 296.17 657.37 245.04 656.85 ship 0 0.999170 votes=3
166.12 114.76 205.11 115.24 204.94 129.27 165.94 128.79 ship 0 0.999148 votes=3
256.51 714.45 315.78 706.77 318.55 728.16 259.28 735.83 ship 0 0.999147 votes=3
316.96 616.04 317.04 554.05 336.28 554.07 336.21 616.06 ship 0 0.999118 votes=3
405.16 697.02 408.01 636.56 423.98 637.31 421.13 697.77 ship 0 0.999097 votes=3
780.50 389.57 781.24 451.33 761.20 451.57 760.46 389.81 ship 0 0.999093 votes=3
613.66 38.14 660.87 40.14 660.09 58.77 612.87 56.77 ship 0 0.999053 votes=3
683.30 617.55 683.55 558.49 701.72 558.57 701.47 617.63 ship 0 0.999039 votes=3
170.99 208.67 215.69 208.70 215.68 224.48 170.98 224.45 ship 0 0.999012 votes=3
238.35 677.04 297.35 678.06 297.03 696.80 238.02 695.78 ship 0 0.998958 votes=3
173.37 338.24 231.60 339.70 231.06 361.11 172.83 359.65 ship 0 0.998942 votes=3
163.07 47.03 213.44 46.74 213.54 64.45 163.17 64.75 ship 0 0.998934 votes=3
546.10 327.04 595.86 327.34 595.76 343.53 546.00 343.23 ship 0 0.998902 votes=3
89.81 135.49 131.79 135.06 131.93 148.72 89.95 149.15 ship 0 0.998866 votes=3
361.27 637.63 364.86 688.38 349.45 689.47 345.86 638.72 ship 0 0.998851 votes=3
544.47 60.86 588.51 61.14 588.41 76.56 544.37 76.27 ship 0 0.998837 votes=3
544.32 236.99 603.06 234.05 604.01 253.08 545.28 256.02 ship 0 0.998802 votes=3
466.69 321.24 529.15 323.14 528.56 342.48 466.10 340.57 ship 0 0.998755 votes=3
240.31 558.51 288.93 560.22 288.25 579.57 239.63 577.86 ship 0 0.998734 votes=3
550.80 361.35 625.38 364.07 624.57 386.41 549.99 383.69 ship 0 0.998714 votes=3
546.75 263.93 595.16 265.11 594.78 280.76 546.36 279.58 ship 0 0.998678 votes=3
698.33 687.39 698.69 639.28 714.79 639.40 714.43 687.51 ship 0 0.998619 votes=3
481.51 256.64 522.42 251.93 524.10 266.47 483.19 271.18 ship 0 0.998596 votes=3
446.84 359.49 525.75 361.30 525.20 385.30 446.29 383.49 ship 0 0.998481 votes=3
19.63 340.79 72.48 341.43 72.26 360.04 19.40 359.40 ship 0 0.998451 votes=3
466.46 75.18 522.87 76.00 522.55 98.07 466.14 97.25 ship 0 0.998417 votes=3
739.71 679.23 739.85 637.48 754.25 637.53 754.11 679.28 ship 0 0.998369 votes=3
601.66 635.30 605.25 674.25 592.39 675.44 588.79 636.49 ship 0 0.998351 votes=3
164.24 178.47 214.17 178.03 214.32 194.95 164.39 195.40 ship 0 0.998327 votes=3
565.77 695.01 566.35 638.11 585.69 638.31 585.10 695.21 ship 0 0.998236 votes=3
679.41 40.23 737.03 40.43 736.97 58.43 679.35 58.23 ship 0 0.998212 votes=3
629.66 618.97 631.18 578.72 645.73 579.27 644.22 619.51 ship 0 0.998202 votes=3
355.21 40.37 395.43 38.28 396.20 53.18 355.98 55.26 ship 0 0.998164 votes=3
545.95 306.22 591.77 306.58 591.65 321.94 545.83 321.59 ship 0 0.998057 votes=3
680.26 676.05 682.70 637.16 695.45 637.96 693.01 676.85 ship 0 0.997984 votes=3
544.39 136.80 587.84 137.26 587.67 152.90 544.22 152.44 ship 0 0.997793 votes=3
548.75 178.28 587.86 177.94 587.98 191.84 548.87 192.18 ship 0 0.997589 votes=3
653.11 637.74 653.43 678.40 639.62 678.51 639.30 637.85 ship 0 0.997419 votes=3
165.10 144.51 213.97 145.28 213.67 164.09 164.81 163.32 ship 0 0.997364 votes=3
167.09 241.74 210.28 244.99 209.02 261.80 165.83 258.56 ship 0 0.997343 votes=3
73.16 248.33 138.08 247.30 138.44 269.80 73.52 270.83 ship 0 0.997265 votes=3
168.05 307.64 215.80 307.31 215.94 326.57 168.19 326.91 ship 0 0.997260 votes=3
171.68 83.07 212.67 80.55 213.68 96.93 172.68 99.45 ship 0 0.997119 votes=3
781.34 149.18 781.82 190.23 767.45 190.40 766.98 149.34 ship 0 0.997094 votes=3
477.94 228.68 522.16 225.68 523.24 241.63 479.03 244.64 ship 0 0.997024 votes=3
778.29 291.82 779.51 337.52 762.83 337.96 761.61 292.27 ship 0 0.997013 votes=3
533.63 643.22 533.66 687.79 516.66 687.80 516.64 643.23 ship 0 0.996936 votes=3
573.22 619.05 573.82 572.11 587.80 572.29 587.20 619.23 ship 0 0.995882 votes=3
758.80 514.34 761.26 470.84 780.62 471.93 778.16 515.44 ship 0 0.993893 votes=3
84.06 341.51 146.33 340.46 146.86 372.12 84.59 373.17 ship 0 0.991583 votes=3
779.31 765.41 779.43 798.40 767.21 798.44 767.09 765.46 ship 0 0.990471 votes=3
79.90 38.41 135.11 41.39 133.48 71.62 78.27 68.64 ship 0 0.985734 votes=3
479.37 683.33 483.03 641.39 498.60 642.75 494.94 684.69 ship 0 0.985239 votes=3
242.93 509.86 299.07 510.79 298.44 548.64 242.30 547.71 ship 0 0.978271 votes=3
68.04 340.67 68.12 40.05 216.77 40.09 216.68 340.71 harbor 0 0.971501 votes=3
597.26 38.12 601.79 401.51 462.25 403.24 457.73 39.85 harbor 0 0.970206 votes=3
217.97 538.71 777.91 535.00 779.13 719.69 219.19 723.40 harbor 0 0.958294 votes=3
80.71 806.03 82.45 772.65 102.60 773.71 100.85 807.09 ship 0 0.945108 votes=3
73.74 777.17 73.90 800.84 53.48 800.98 53.32 777.31 ship 0 0.902896 votes=3
