194.93 505.06 390.01 408.22 484.93 599.42 289.86 696.27 baseballfield 0 0.999562 votes=3
622.35 218.39 626.02 367.01 484.28 370.51 480.60 221.89 baseballfield 0 0.999280 votes=3
610.28 49.28 611.23 169.48 539.39 170.04 538.44 49.85 basketballcourt 0 0.999118 votes=3
423.66 70.81 424.33 183.63 369.99 183.96 369.32 71.14 tenniscourt 0 0.998325 votes=3
358.90 71.38 359.14 184.67 305.45 184.79 305.21 71.50 tenniscourt 0 0.998112 votes=3
750.03 420.43 772.75 419.73 773.03 429.13 750.32 429.83 vehicle 0 0.997869 votes=3
744.38 352.48 768.47 352.12 768.62 362.05 744.53 362.42 vehicle 0 0.997641 votes=3
214.96 71.88 215.75 185.08 161.43 185.46 160.64 72.26 tenniscourt 0 0.997180 votes=3
282.06 71.33 283.46 184.94 228.71 185.61 227.31 72.01 tenniscourt 0 0.996923 votes=3
148.89 71.94 149.61 185.56 96.65 185.90 95.93 72.28 tenniscourt 0 0.996844 votes=3
743.92 393.32 767.37 393.20 767.42 402.87 743.98 402.99 vehicle 0 0.995865 votes=3
744.03 366.62 768.45 365.74 768.76 374.38 744.34 375.26 vehicle 0 0.988075 votes=3
754.63 434.50 776.93 434.13 777.07 442.60 754.77 442.97 vehicle 0 0.986438 votes=3
746.58 406.95 770.23 405.93 770.64 415.40 746.99 416.42 vehicle 0 0.980589 votes=3
744.85 380.10 768.29 380.26 768.24 389.11 744.80 388.96 vehicle 0 0.971038 votes=3
781.78 72.09 782.11 47.47 790.49 47.58 790.16 72.20 vehicle 0 0.917979 votes=3
762.03 521.47 784.40 522.63 783.89 532.37 761.52 531.21 vehicle 0 0.862686 votes=3
758.47 123.02 760.67 146.12 751.90 146.95 749.70 123.86 vehicle 0 0.809200 votes=3
