546.14 482.78 595.05 522.39 579.23 541.91 530.33 502.31 vehicle 0 0.999686 votes=3
538.11 744.82 584.30 783.55 569.56 801.13 523.37 762.40 vehicle 0 0.999611 votes=3
529.02 515.86 567.77 551.54 552.00 568.67 513.25 532.99 vehicle 0 0.999558 votes=3
41.60 463.55 62.07 408.96 86.50 418.12 66.03 472.71 vehicle 0 0.999505 votes=3
660.45 614.78 705.20 659.23 687.91 676.64 643.15 632.20 vehicle 0 0.999499 votes=3
614.34 397.86 658.63 438.33 641.38 457.20 597.09 416.73 vehicle 0 0.999250 votes=3
704.83 567.95 745.57 602.70 730.55 620.31 689.81 585.57 vehicle 0 0.999236 votes=3
761.74 331.16 762.10 407.87 736.06 407.99 735.69 331.28 vehicle 0 0.999192 votes=3
229.86 463.39 461.32 222.60 603.16 358.94 371.71 599.73 basketballcourt 0 0.998898 votes=3
6.99 447.53 27.14 395.01 50.93 404.14 30.78 456.66 vehicle 0 0.998433 votes=3
-12.01 648.71 15.21 598.91 36.28 610.43 9.06 660.23 vehicle 0 0.998242 votes=3
159.55 542.85 198.66 503.70 214.41 519.43 175.30 558.59 vehicle 0 0.997423 votes=3
38.96 693.69 78.25 646.23 96.83 661.61 57.54 709.07 vehicle 0 0.995776 votes=3
182.92 567.56 219.07 526.40 240.09 544.86 203.94 586.02 vehicle 0 0.993764 votes=3
