388.06 240.64 462.88 239.61 463.86 311.04 389.05 312.07 storagetank 0 0.999592 votes=3
557.33 229.88 631.58 229.25 632.20 302.98 557.95 303.60 storagetank 0 0.999547 votes=3
438.39 484.95 513.07 485.92 512.15 557.61 437.46 556.65 storagetank 0 0.999510 votes=3
222.03 247.87 295.57 249.22 294.24 321.40 220.71 320.05 storagetank 0 0.999499 votes=3
477.13 683.83 553.40 685.17 552.08 760.18 475.81 758.83 storagetank 0 0.999480 votes=3
671.09 675.44 744.05 674.39 745.09 746.80 672.13 747.85 storagetank 0 0.999446 votes=3
70.45 506.23 143.35 504.44 145.13 576.71 72.23 578.51 storagetank 0 0.999387 votes=3
254.05 494.16 330.20 494.33 330.04 568.28 253.88 568.11 storagetank 0 0.999386 votes=3
623.35 477.60 696.77 477.29 697.08 550.42 623.66 550.73 storagetank 0 0.999377 votes=3
478.51 32.22 555.55 30.43 557.22 102.61 480.18 104.40 storagetank 0 0.999361 votes=3
274.25 41.04 352.03 41.55 351.54 117.82 273.76 117.31 storagetank 0 0.999344 votes=3
50.90 257.83 125.95 257.66 126.12 329.51 51.06 329.68 storagetank 0 0.987049 votes=3
