463.69 18.73 548.38 21.73 545.57 100.95 460.88 97.95 storagetank 0 0.999516 votes=3
57.54 28.94 128.63 28.63 128.93 95.07 57.83 95.38 storagetank 0 0.999493 votes=3
256.03 227.36 341.07 226.98 341.44 306.80 256.39 307.19 storagetank 0 0.999437 votes=3
463.47 225.41 548.21 229.62 544.29 308.53 459.55 304.32 storagetank 0 0.999435 votes=3
265.11 26.47 335.84 31.12 331.50 97.19 260.76 92.53 storagetank 0 0.999422 votes=3
473.65 408.79 529.98 408.86 529.91 464.45 473.58 464.38 storagetank 0 0.999389 votes=3
50.44 227.70 136.15 228.69 135.23 308.14 49.52 307.14 storagetank 0 0.999377 votes=3
51.46 637.34 137.46 638.67 136.20 720.18 50.19 718.84 storagetank 0 0.999292 votes=3
353.79 554.23 498.26 556.56 496.08 691.91 351.61 689.58 storagetank 0 0.999194 votes=3
616.73 555.22 758.66 554.17 759.67 691.75 617.75 692.80 storagetank 0 0.999155 votes=3
52.31 429.96 138.71 432.85 135.98 514.48 49.58 511.59 storagetank 0 0.998976 votes=3
