70.52 188.69 147.61 187.34 148.05 212.34 70.95 213.70 ship 0 0.999711 votes=3
77.33 52.90 154.70 54.98 153.94 83.07 76.57 80.99 ship 0 0.999659 votes=3
165.03 94.74 231.69 94.85 231.66 116.48 165.00 116.38 ship 0 0.999610 votes=3
671.35 51.00 732.53 49.50 733.03 70.05 671.86 71.55 ship 0 0.999557 votes=3
75.02 470.29 145.04 470.94 144.80 496.32 74.78 495.67 ship 0 0.999536 votes=3
414.69 696.09 495.22 697.79 494.65 724.52 414.13 722.82 ship 0 0.999501 votes=3
67.70 132.28 145.04 119.93 149.39 147.14 72.05 159.50 ship 0 0.999421 votes=3
329.65 625.24 398.13 623.81 398.57 645.14 330.09 646.56 ship 0 0.999390 votes=3
321.20 43.67 397.93 39.54 399.28 64.58 322.55 68.72 ship 0 0.999380 votes=3
165.38 267.88 235.90 269.24 235.48 290.65 164.97 289.29 ship 0 0.999353 votes=3
71.13 330.83 146.82 326.94 148.22 354.17 72.53 358.06 ship 0 0.999336 votes=3
411.16 409.50 503.78 406.50 504.73 436.07 412.12 439.06 ship 0 0.999287 votes=3
328.08 429.69 398.02 430.35 397.80 454.11 327.85 453.44 ship 0 0.999251 votes=3
649.05 508.47 650.31 601.75 619.60 602.17 618.34 508.89 ship 0 0.999236 votes=3
666.15 85.32 726.08 85.15 726.14 105.15 666.21 105.31 ship 0 0.999175 votes=3
325.76 524.13 388.60 524.33 388.53 545.93 325.69 545.73 ship 0 0.999046 votes=3
324.70 270.19 394.36 272.84 393.40 298.21 323.73 295.56 ship 0 0.999043 votes=3
649.83 367.13 652.33 473.39 616.42 474.23 613.93 367.97 ship 0 0.998936 votes=3
612.77 346.04 613.35 245.92 649.57 246.13 649.00 346.25 ship 0 0.998899 votes=3
175.20 637.27 227.68 637.14 227.73 658.92 175.25 659.05 ship 0 0.998826 votes=3
324.45 715.79 399.33 715.98 399.27 741.84 324.39 741.65 ship 0 0.998689 votes=3
429.23 336.13 489.81 337.05 489.44 361.07 428.86 360.15 ship 0 0.996424 votes=3
494.39 55.51 494.76 765.39 330.68 765.48 330.31 55.60 harbor 0 0.986421 votes=3
75.50 766.64 79.92 64.80 229.53 65.74 225.12 767.58 harbor 0 0.981775 votes=3
640.23 779.33 644.76 52.89 734.50 53.45 729.97 779.89 harbor 0 0.952367 votes=3
