59.40 716.03 92.06 104.16 351.03 117.99 318.37 729.85 Expressway-Service-area 0 0.998733 votes=3
432.32 714.94 463.52 42.75 712.64 54.31 681.45 726.50 Expressway-Service-area 0 0.996728 votes=3
364.77 322.08 428.43 323.69 428.16 334.28 364.51 332.68 overpass 0 0.993455 votes=3
233.43 428.08 250.59 404.77 257.12 409.58 239.96 432.88 vehicle 0 0.991560 votes=3
466.25 77.30 469.12 104.09 463.26 104.71 460.39 77.92 vehicle 0 0.991244 votes=3
238.44 349.68 252.82 333.94 258.23 338.88 243.85 354.62 vehicle 0 0.987178 votes=3
235.08 449.81 249.17 432.53 255.02 437.30 240.94 454.58 vehicle 0 0.978228 votes=3
316.13 314.66 316.18 287.06 323.88 287.08 323.82 314.67 vehicle 0 0.972892 votes=3
276.27 255.72 298.37 220.36 305.03 224.52 282.93 259.88 vehicle 0 0.936485 votes=3
415.08 698.71 421.52 660.25 429.33 661.56 422.88 700.02 vehicle 0 0.927575 votes=3
463.49 359.50 463.81 321.12 470.81 321.18 470.49 359.56 vehicle 0 0.815705 votes=2
