639.22 456.36 695.63 455.81 695.83 475.26 639.41 475.81 ship 0 0.999660 votes=3
433.23 189.42 516.04 190.25 515.81 213.86 432.99 213.02 ship 0 0.999608 votes=3
503.57 548.88 562.14 547.46 562.64 568.08 504.07 569.50 ship 0 0.999429 votes=3
125.70 139.84 125.73 90.50 144.58 90.51 144.56 139.85 ship 0 0.999424 votes=3
286.11 661.10 345.83 662.14 345.47 682.99 285.75 681.95 ship 0 0.999308 votes=3
408.22 267.81 481.36 267.10 481.60 292.26 408.47 292.97 ship 0 0.999154 votes=3
285.33 578.36 344.42 576.76 344.98 597.71 285.89 599.30 ship 0 0.999133 votes=3
648.01 333.78 698.42 335.77 697.69 354.44 647.27 352.45 ship 0 0.999091 votes=3
282.05 688.54 338.61 688.67 338.56 709.10 282.00 708.96 ship 0 0.999016 votes=3
499.50 649.83 563.73 648.31 564.26 670.52 500.03 672.04 ship 0 0.998957 votes=3
431.33 676.25 480.94 676.58 480.82 693.82 431.22 693.50 ship 0 0.998877 votes=3
423.78 573.11 471.27 574.29 470.83 592.29 423.33 591.11 ship 0 0.998768 votes=3
339.33 241.94 340.63 286.03 324.88 286.49 323.57 242.40 ship 0 0.998731 votes=3
255.11 127.14 255.51 88.36 271.29 88.52 270.89 127.30 ship 0 0.998713 votes=3
424.18 124.97 424.22 77.85 442.53 77.87 442.49 124.98 ship 0 0.998649 votes=3
210.47 130.26 211.58 87.54 228.86 87.98 227.75 130.71 ship 0 0.998620 votes=3
500.38 623.92 560.54 624.47 560.34 645.88 500.18 645.34 ship 0 0.998613 votes=3
569.42 419.67 607.17 378.66 622.58 392.85 584.84 433.86 ship 0 0.998507 votes=3
642.52 577.54 688.24 580.38 687.33 594.88 641.62 592.03 ship 0 0.998258 votes=3
638.86 407.73 697.76 408.29 697.58 426.63 638.69 426.07 ship 0 0.997974 votes=3
432.08 398.55 480.06 399.20 479.85 414.57 431.87 413.92 ship 0 0.997865 votes=3
515.58 115.18 515.76 76.47 530.07 76.54 529.89 115.25 ship 0 0.997492 votes=3
708.41 579.16 746.12 578.82 746.25 593.43 708.54 593.77 ship 0 0.997358 votes=3
275.05 518.84 342.13 518.56 342.23 542.65 275.15 542.93 ship 0 0.996977 votes=3
639.50 552.57 691.00 554.98 690.09 574.24 638.59 571.83 ship 0 0.996361 votes=3
697.04 758.08 741.11 759.44 740.60 775.69 696.54 774.33 ship 0 0.996225 votes=3
630.61 776.37 630.69 735.30 646.04 735.32 645.96 776.40 ship 0 0.994493 votes=3
423.24 704.95 426.70 201.81 561.43 202.74 557.96 705.88 harbor 0 0.993179 votes=3
707.09 378.74 749.19 380.79 748.52 394.46 706.43 392.40 ship 0 0.989711 votes=3
628.37 778.77 644.71 221.21 756.66 224.49 740.32 782.05 harbor 0 0.988716 votes=3
158.47 194.20 347.95 185.86 352.20 282.37 162.72 290.70 harbor 0 0.981595 votes=3
75.98 60.87 811.53 42.89 813.52 124.09 77.96 142.07 harbor 0 0.931691 votes=3
338.89 343.19 340.62 448.78 254.02 450.20 252.30 344.60 harbor 0 0.929632 votes=2
711.01 436.81 749.76 437.51 749.50 452.23 710.74 451.53 ship 0 0.917366 votes=3
346.36 352.82 349.76 733.00 252.07 733.88 248.67 353.69 harbor 0 0.805412 votes=3
