161.51 92.06 161.56 59.36 173.43 59.38 173.38 92.08 ship 0 0.998961 votes=3
403.41 129.33 403.47 95.25 415.04 95.27 414.98 129.35 ship 0 0.998502 votes=3
359.89 53.45 359.89 88.04 347.93 88.04 347.92 53.46 ship 0 0.998394 votes=3
90.57 62.71 91.38 95.47 80.31 95.74 79.50 62.99 ship 0 0.998162 votes=3
522.94 85.50 522.99 50.25 534.26 50.27 534.21 85.51 ship 0 0.997991 votes=3
130.02 65.17 130.48 94.43 119.60 94.60 119.14 65.34 ship 0 0.997988 votes=3
611.15 190.20 611.46 237.91 596.95 238.00 596.64 190.30 ship 0 0.997699 votes=3
225.88 59.96 225.98 92.25 215.02 92.29 214.92 60.00 ship 0 0.997648 votes=3
343.67 250.23 343.76 218.22 355.11 218.26 355.01 250.26 ship 0 0.997602 votes=3
588.84 48.73 588.86 80.88 577.51 80.89 577.49 48.74 ship 0 0.997533 votes=3
507.17 53.91 507.53 85.65 497.09 85.77 496.73 54.02 ship 0 0.997304 votes=3
574.19 54.14 574.53 82.93 563.79 83.06 563.45 54.26 ship 0 0.997088 votes=3
158.66 61.06 158.72 94.79 147.62 94.81 147.56 61.08 ship 0 0.997077 votes=3
451.94 247.51 452.26 216.01 463.34 216.12 463.03 247.62 ship 0 0.996940 votes=3
332.13 98.18 333.02 130.11 321.34 130.44 320.46 98.50 ship 0 0.996705 votes=3
545.93 215.66 546.18 244.06 535.38 244.16 535.14 215.75 ship 0 0.996648 votes=3
106.44 133.24 107.14 102.91 118.29 103.16 117.60 133.50 ship 0 0.996438 votes=3
255.52 91.96 255.95 59.38 266.48 59.52 266.06 92.10 ship 0 0.996219 votes=3
607.11 494.77 607.30 539.55 596.01 539.60 595.82 494.82 ship 0 0.996000 votes=3
426.06 53.75 426.58 86.03 416.82 86.19 416.30 53.90 ship 0 0.995745 votes=3
466.74 50.12 466.88 87.55 455.40 87.59 455.26 50.16 ship 0 0.995598 votes=3
159.28 103.18 159.38 137.34 148.94 137.38 148.83 103.21 ship 0 0.995563 votes=3
447.75 179.90 447.85 210.14 437.84 210.17 437.73 179.93 ship 0 0.995545 votes=3
202.02 133.34 203.09 100.94 213.60 101.28 212.54 133.68 ship 0 0.995479 votes=3
279.18 99.62 279.49 132.04 268.94 132.14 268.63 99.72 ship 0 0.995415 votes=3
241.49 91.51 241.69 57.41 252.60 57.48 252.40 91.57 ship 0 0.995133 votes=3
131.82 102.42 132.17 135.40 121.67 135.51 121.33 102.53 ship 0 0.994936 votes=3
443.30 126.22 443.60 95.12 454.20 95.23 453.90 126.32 ship 0 0.994907 votes=3
173.87 187.61 174.00 214.99 164.13 215.03 163.99 187.66 ship 0 0.994722 votes=3
363.06 89.07 363.09 54.51 373.96 54.52 373.93 89.08 ship 0 0.994611 votes=3
498.98 293.92 499.24 323.01 489.48 323.10 489.22 294.01 ship 0 0.994493 votes=3
377.99 219.68 378.09 248.89 367.10 248.93 367.00 219.72 ship 0 0.994481 votes=3
428.77 95.03 428.88 131.29 417.32 131.32 417.21 95.06 ship 0 0.994478 votes=3
144.75 62.13 144.84 93.44 135.16 93.46 135.07 62.16 ship 0 0.994349 votes=3
524.82 208.87 524.85 180.41 534.05 180.41 534.02 208.88 ship 0 0.993660 votes=3
126.07 225.37 126.72 253.74 115.42 254.00 114.77 225.63 ship 0 0.993386 votes=3
293.21 100.26 293.52 132.45 283.70 132.54 283.39 100.35 ship 0 0.993169 votes=3
63.74 66.66 63.76 93.67 53.61 93.68 53.59 66.66 ship 0 0.992871 votes=3
509.70 181.03 510.00 208.92 501.05 209.02 500.76 181.12 ship 0 0.992467 votes=3
388.15 96.62 388.17 127.66 377.39 127.67 377.37 96.63 ship 0 0.992400 votes=3
581.40 179.54 581.85 209.05 571.90 209.20 571.45 179.69 ship 0 0.992374 votes=3
367.56 299.80 368.50 323.85 358.22 324.25 357.28 300.20 ship 0 0.992192 votes=3
439.98 58.49 440.30 85.75 430.22 85.87 429.90 58.61 ship 0 0.992177 votes=3
228.85 130.31 228.86 99.03 239.11 99.03 239.10 130.31 ship 0 0.992110 votes=3
228.96 92.60 229.04 59.63 238.91 59.65 238.83 92.62 ship 0 0.991997 votes=3
92.55 102.20 92.72 132.11 81.23 132.18 81.06 102.27 ship 0 0.991973 votes=3
528.92 524.22 529.20 548.94 518.86 549.06 518.58 524.34 ship 0 0.991971 votes=3
558.74 294.78 559.18 321.16 549.85 321.31 549.41 294.93 ship 0 0.991872 votes=3
500.40 245.83 500.50 218.64 510.28 218.67 510.18 245.87 ship 0 0.991853 votes=3
481.38 94.64 481.56 124.20 470.93 124.26 470.76 94.70 ship 0 0.991747 votes=3
297.17 323.52 297.29 298.96 306.17 299.00 306.05 323.57 ship 0 0.991697 votes=3
374.08 98.48 374.33 128.44 364.30 128.52 364.05 98.56 ship 0 0.991682 votes=3
403.35 247.01 404.41 219.68 414.64 220.07 413.58 247.40 ship 0 0.991679 votes=3
438.32 244.17 438.43 217.49 449.16 217.53 449.06 244.22 ship 0 0.990825 votes=3
173.37 225.42 174.02 253.91 164.94 254.11 164.29 225.63 ship 0 0.990654 votes=3
214.68 532.79 214.99 556.24 206.16 556.35 205.85 532.91 ship 0 0.990650 votes=3
174.02 101.29 174.80 132.24 163.34 132.53 162.56 101.58 ship 0 0.990612 votes=3
93.96 93.47 94.09 64.71 103.23 64.75 103.10 93.51 ship 0 0.990517 votes=3
344.36 300.46 344.88 325.24 335.49 325.44 334.97 300.65 ship 0 0.990403 votes=3
461.70 181.13 461.71 209.24 451.65 209.24 451.65 181.13 ship 0 0.990337 votes=3
401.06 97.08 401.24 125.53 391.50 125.59 391.32 97.14 ship 0 0.990321 votes=3
294.93 89.48 295.10 59.69 305.63 59.75 305.47 89.54 ship 0 0.990242 votes=3
470.15 86.42 470.35 56.81 479.63 56.88 479.42 86.48 ship 0 0.990225 votes=3
265.92 99.81 266.05 128.68 256.68 128.72 256.55 99.85 ship 0 0.990097 votes=3
161.46 225.27 162.09 254.72 151.85 254.94 151.22 225.49 ship 0 0.989923 votes=3
48.95 58.09 49.40 93.27 39.64 93.39 39.20 58.21 ship 0 0.989283 votes=3
284.42 299.73 284.47 327.65 273.73 327.66 273.68 299.75 ship 0 0.988938 votes=3
110.30 190.26 111.22 216.15 102.13 216.47 101.20 190.59 ship 0 0.988620 votes=3
66.82 133.60 66.92 104.27 76.69 104.30 76.59 133.63 ship 0 0.988594 votes=3
482.61 85.47 482.64 56.05 493.35 56.06 493.32 85.48 ship 0 0.988438 votes=3
148.56 188.50 149.28 215.28 140.29 215.52 139.57 188.74 ship 0 0.988195 votes=3
398.48 58.39 398.97 86.08 389.01 86.26 388.52 58.56 ship 0 0.988124 votes=3
160.42 406.43 160.85 430.86 151.17 431.03 150.74 406.60 ship 0 0.987464 votes=3
374.79 182.99 376.24 211.25 367.59 211.69 366.14 183.43 ship 0 0.986907 votes=3
568.40 180.62 568.51 207.74 558.44 207.79 558.33 180.66 ship 0 0.986899 votes=3
236.34 250.17 236.49 223.32 245.96 223.38 245.81 250.23 ship 0 0.986516 votes=3
122.01 533.58 122.22 557.34 113.11 557.42 112.89 533.66 ship 0 0.986083 votes=2
255.36 187.37 256.60 213.34 247.55 213.77 246.30 187.80 ship 0 0.985895 votes=3
123.85 189.32 124.61 216.66 114.89 216.94 114.12 189.59 ship 0 0.985600 votes=3
161.48 187.69 161.58 216.09 152.14 216.13 152.03 187.72 ship 0 0.985445 votes=3
308.81 324.98 308.84 299.72 318.36 299.73 318.33 324.99 ship 0 0.985371 votes=3
359.50 98.02 359.69 126.59 350.04 126.65 349.85 98.08 ship 0 0.985153 votes=3
305.66 98.50 306.18 129.07 295.37 129.26 294.85 98.69 ship 0 0.984654 votes=3
262.47 360.12 263.04 335.99 271.92 336.20 271.35 360.32 ship 0 0.984366 votes=3
345.27 97.71 345.74 130.01 336.03 130.15 335.56 97.85 ship 0 0.983790 votes=3
152.55 338.13 153.15 364.23 143.58 364.45 142.98 338.35 ship 0 0.983701 votes=3
318.77 58.63 319.91 89.52 308.90 89.93 307.75 59.04 ship 0 0.983675 votes=3
398.58 183.77 399.30 210.37 390.58 210.60 389.86 184.01 ship 0 0.983383 votes=2
402.40 85.48 402.47 56.04 412.61 56.06 412.54 85.51 ship 0 0.983077 votes=3
88.28 192.75 89.01 216.18 79.54 216.48 78.81 193.05 ship 0 0.982924 votes=3
233.22 187.32 233.41 213.52 223.22 213.59 223.03 187.40 ship 0 0.982203 votes=3
353.16 185.19 354.41 211.05 344.91 211.51 343.66 185.65 ship 0 0.982133 votes=3
562.11 321.20 562.27 293.25 572.41 293.31 572.26 321.26 ship 0 0.982110 votes=3
225.23 327.32 225.28 301.18 235.64 301.20 235.59 327.34 ship 0 0.981117 votes=3
279.17 222.09 279.24 249.43 270.04 249.46 269.97 222.12 ship 0 0.980633 votes=3
308.21 332.49 308.60 359.68 298.44 359.83 298.05 332.64 ship 0 0.979682 votes=3
591.32 492.67 591.67 518.03 581.97 518.17 581.62 492.81 ship 0 0.979485 votes=3
199.41 252.82 199.49 222.13 211.12 222.17 211.04 252.85 ship 0 0.979304 votes=3
149.28 225.57 149.76 253.25 140.70 253.40 140.23 225.72 ship 0 0.979069 votes=3
332.47 55.40 332.70 87.61 321.92 87.69 321.69 55.47 ship 0 0.978645 votes=3
576.72 397.68 577.31 422.22 567.68 422.46 567.09 397.91 ship 0 0.978427 votes=3
501.88 355.97 502.12 328.01 511.96 328.10 511.72 356.06 ship 0 0.978034 votes=3
536.37 295.12 536.53 320.76 526.95 320.81 526.79 295.18 ship 0 0.977145 votes=2
406.53 356.63 406.64 331.21 415.58 331.25 415.47 356.68 ship 0 0.976879 votes=3
154.10 328.41 154.14 301.94 163.44 301.96 163.40 328.42 ship 0 0.976709 votes=3
486.07 295.42 486.16 322.01 476.91 322.04 476.82 295.45 ship 0 0.976652 votes=3
105.71 365.00 105.80 337.78 115.20 337.80 115.12 365.03 ship 0 0.976327 votes=3
377.40 87.79 377.68 57.79 386.49 57.88 386.21 87.88 ship 0 0.975739 votes=3
430.04 356.95 430.88 332.98 440.30 333.30 439.47 357.28 ship 0 0.975641 votes=3
545.92 291.83 546.08 320.00 537.76 320.05 537.60 291.88 ship 0 0.975526 votes=3
47.66 105.69 48.84 131.02 40.67 131.41 39.48 106.08 ship 0 0.975509 votes=3
90.16 252.20 90.61 226.19 100.19 226.36 99.75 252.36 ship 0 0.975188 votes=3
512.52 208.36 512.59 180.74 521.91 180.76 521.84 208.38 ship 0 0.975072 votes=3
526.63 353.45 526.91 328.48 535.17 328.57 534.89 353.55 ship 0 0.975042 votes=3
279.09 530.96 279.37 555.01 269.91 555.12 269.62 531.07 ship 0 0.974525 votes=2
328.92 183.13 329.26 212.73 319.18 212.85 318.84 183.25 ship 0 0.974061 votes=3
116.89 328.76 116.95 305.82 125.35 305.84 125.30 328.78 ship 0 0.974053 votes=3
450.90 296.02 450.94 321.98 441.88 321.99 441.84 296.04 ship 0 0.973646 votes=3
203.52 436.72 203.75 461.43 194.14 461.52 193.90 436.81 ship 0 0.972895 votes=3
539.64 548.37 539.67 524.69 548.43 524.71 548.40 548.38 ship 0 0.971096 votes=3
112.88 225.44 113.05 253.71 102.54 253.78 102.37 225.50 ship 0 0.971012 votes=3
73.80 188.12 75.18 219.14 65.52 219.57 64.14 188.55 ship 0 0.970789 votes=3
425.39 182.66 425.59 208.29 416.69 208.36 416.49 182.73 ship 0 0.970673 votes=3
115.38 64.68 115.55 93.99 106.56 94.04 106.39 64.74 ship 0 0.970512 votes=3
438.05 298.59 438.30 322.28 430.18 322.37 429.92 298.68 ship 0 0.969915 votes=3
334.49 360.37 335.03 333.69 344.20 333.87 343.66 360.55 ship 0 0.969321 votes=3
347.00 360.47 347.11 333.39 355.79 333.42 355.68 360.50 ship 0 0.968473 votes=3
76.82 411.37 77.22 432.40 69.29 432.55 68.89 411.52 ship 0 0.967956 votes=3
497.25 183.08 497.54 208.90 488.57 209.00 488.28 183.18 ship 0 0.967927 votes=3
207.98 186.63 208.15 214.54 198.26 214.60 198.09 186.69 ship 0 0.967795 votes=3
91.41 337.64 91.55 362.66 82.30 362.71 82.16 337.70 ship 0 0.967703 votes=3
557.75 492.31 558.00 516.26 549.66 516.34 549.41 492.40 ship 0 0.967637 votes=3
292.52 185.84 293.67 212.04 283.71 212.48 282.55 186.28 ship 0 0.967595 votes=3
458.00 123.87 458.10 94.94 466.73 94.97 466.63 123.90 ship 0 0.967315 votes=3
424.39 496.96 424.59 519.59 415.57 519.67 415.37 497.04 ship 0 0.967273 votes=2
463.10 296.04 463.12 323.37 453.92 323.38 453.90 296.05 ship 0 0.966819 votes=2
36.38 410.42 594.89 397.35 596.14 451.03 37.64 464.10 harbor 0 0.965145 votes=3
389.97 298.60 391.23 323.76 382.80 324.18 381.53 299.02 ship 0 0.965089 votes=3
279.14 187.79 280.03 211.68 271.32 212.00 270.43 188.12 ship 0 0.964031 votes=3
332.57 302.09 332.76 325.66 322.39 325.74 322.20 302.17 ship 0 0.963475 votes=2
316.46 185.76 316.76 213.28 306.46 213.39 306.16 185.87 ship 0 0.962803 votes=3
558.54 245.19 559.98 216.44 569.38 216.91 567.94 245.66 ship 0 0.961562 votes=3
584.63 319.72 584.83 293.78 594.28 293.85 594.09 319.79 ship 0 0.961407 votes=3
28.92 58.52 613.91 47.97 615.31 125.97 30.33 136.52 harbor 0 0.960891 votes=3
135.45 191.97 135.83 216.53 127.72 216.65 127.35 192.09 ship 0 0.960547 votes=3
285.65 359.92 285.93 333.72 294.11 333.81 293.84 360.00 ship 0 0.958378 votes=3
31.37 185.69 604.16 180.77 604.74 248.29 31.95 253.21 harbor 0 0.958261 votes=3
331.12 333.08 331.17 359.05 322.61 359.07 322.56 333.09 ship 0 0.957378 votes=2
232.55 222.66 232.79 250.91 223.64 250.99 223.40 222.74 ship 0 0.957342 votes=3
211.03 213.77 211.05 187.31 219.27 187.31 219.25 213.78 ship 0 0.956437 votes=3
267.21 186.85 267.57 213.22 258.76 213.34 258.40 186.97 ship 0 0.955389 votes=3
283.01 248.28 283.48 225.46 291.76 225.63 291.28 248.45 ship 0 0.955380 votes=3
40.41 504.15 599.19 492.54 600.32 546.85 41.54 558.46 harbor 0 0.955347 votes=3
335.14 88.23 335.31 58.07 345.07 58.12 344.90 88.29 ship 0 0.954909 votes=3
279.54 57.31 279.97 91.25 269.35 91.39 268.92 57.45 ship 0 0.951950 votes=3
511.66 294.59 511.94 321.49 503.06 321.58 502.78 294.68 ship 0 0.950666 votes=3
393.91 323.80 394.07 298.90 402.90 298.96 402.73 323.86 ship 0 0.950031 votes=3
214.04 361.86 214.05 335.48 223.13 335.48 223.11 361.87 ship 0 0.946067 votes=2
199.61 306.56 200.03 329.15 190.61 329.33 190.18 306.74 ship 0 0.945895 votes=3
185.27 223.77 187.36 253.65 176.96 254.38 174.86 224.50 ship 0 0.945325 votes=3
496.25 95.33 496.65 124.76 484.94 124.92 484.54 95.49 ship 0 0.944988 votes=3
521.41 217.48 521.43 246.10 512.86 246.11 512.83 217.49 ship 0 0.944422 votes=3
36.15 304.58 608.09 293.50 609.25 353.75 37.32 364.83 harbor 0 0.940405 votes=3
141.47 406.61 141.64 430.31 132.68 430.37 132.51 406.68 ship 0 0.939776 votes=3
222.45 301.62 222.82 327.28 213.86 327.41 213.49 301.75 ship 0 0.937122 votes=2
465.66 355.62 465.75 329.49 474.65 329.52 474.56 355.66 ship 0 0.936785 votes=3
547.63 422.09 547.73 399.88 557.62 399.93 557.52 422.14 ship 0 0.936513 votes=3
237.64 362.40 238.02 336.65 246.37 336.77 245.99 362.53 ship 0 0.934783 votes=3
128.49 329.26 130.86 301.46 142.07 302.41 139.70 330.21 ship 0 0.934552 votes=2
190.40 363.34 190.69 336.32 200.08 336.42 199.79 363.45 ship 0 0.934151 votes=3
65.56 441.42 66.67 463.20 59.07 463.58 57.96 441.80 ship 0 0.931327 votes=3
43.21 599.89 590.26 587.41 591.35 635.18 44.31 647.66 harbor 0 0.930199 votes=3
425.13 219.25 425.15 246.10 416.07 246.11 416.05 219.26 ship 0 0.926237 votes=3
475.69 209.10 475.75 184.25 484.45 184.27 484.39 209.12 ship 0 0.924332 votes=3
392.96 330.97 393.08 356.45 384.33 356.49 384.20 331.01 ship 0 0.920719 votes=3
88.94 505.38 89.60 527.88 81.80 528.10 81.15 505.61 ship 0 0.919994 votes=2
249.95 361.38 249.99 335.18 258.43 335.19 258.40 361.39 ship 0 0.919969 votes=3
378.99 333.26 379.11 358.24 370.80 358.28 370.69 333.29 ship 0 0.919808 votes=3
522.94 295.77 523.13 322.21 513.81 322.28 513.61 295.84 ship 0 0.916968 votes=2
606.06 118.69 606.59 93.47 614.93 93.65 614.40 118.87 ship 0 0.916649 votes=3
194.40 188.01 194.81 213.54 185.84 213.68 185.44 188.16 ship 0 0.912591 votes=3
252.63 100.09 252.82 132.03 242.73 132.09 242.54 100.15 ship 0 0.912117 votes=3
66.31 250.09 66.36 228.12 74.26 228.14 74.20 250.11 ship 0 0.911148 votes=3
378.47 298.26 379.05 323.75 370.73 323.94 370.15 298.45 ship 0 0.910428 votes=3
316.24 222.37 316.29 249.24 307.17 249.26 307.11 222.39 ship 0 0.908840 votes=3
60.31 527.71 60.52 506.22 68.91 506.30 68.69 527.79 ship 0 0.908342 votes=3
442.65 425.46 443.02 400.22 453.59 400.37 453.23 425.61 ship 0 0.906693 votes=2
464.16 400.73 464.36 424.19 455.24 424.27 455.04 400.81 ship 0 0.901623 votes=2
432.05 124.93 432.09 94.51 441.29 94.53 441.25 124.94 ship 0 0.895503 votes=3
187.06 252.50 187.47 223.92 196.46 224.04 196.06 252.63 ship 0 0.895005 votes=3
280.67 92.80 280.86 58.62 292.25 58.69 292.06 92.86 ship 0 0.888903 votes=3
548.30 243.01 549.16 216.44 557.55 216.71 556.69 243.28 ship 0 0.887761 votes=3
55.53 341.31 55.68 365.11 47.07 365.16 46.92 341.36 ship 0 0.878568 votes=3
88.45 307.70 89.56 330.40 82.19 330.75 81.09 308.06 ship 0 0.878360 votes=2
211.22 335.75 211.65 362.71 203.02 362.85 202.59 335.89 ship 0 0.877591 votes=2
478.38 355.43 478.50 331.56 487.21 331.61 487.08 355.47 ship 0 0.872687 votes=3
45.03 683.61 510.25 669.98 511.77 721.89 46.55 735.52 harbor 0 0.872670 votes=3
591.01 426.70 591.13 452.35 582.22 452.40 582.10 426.74 ship 0 0.871802 votes=3
382.46 528.33 382.79 551.37 374.00 551.50 373.68 528.45 ship 0 0.871052 votes=2
568.16 492.72 569.32 514.50 561.31 514.92 560.15 493.14 ship 0 0.866369 votes=2
568.85 522.18 572.00 547.08 563.86 548.11 560.71 523.21 ship 0 0.848955 votes=3
472.06 181.79 472.23 208.38 463.01 208.44 462.84 181.85 ship 0 0.847950 votes=2
403.46 331.08 403.55 357.49 394.69 357.52 394.61 331.10 ship 0 0.823107 votes=3
120.58 681.72 121.08 702.65 111.98 702.86 111.49 681.94 ship 0 0.813666 votes=3
497.06 399.26 497.67 423.36 486.51 423.65 485.89 399.54 ship 0 0.807484 votes=2
98.53 683.36 100.50 702.60 93.23 703.35 91.26 684.11 ship 0 0.802863 votes=2
68.99 460.65 69.32 440.21 76.66 440.32 76.34 460.76 ship 0 0.798156 votes=3
568.80 452.33 569.49 428.51 577.62 428.75 576.92 452.57 ship 0 0.795854 votes=2
109.51 646.04 110.20 624.24 119.80 624.54 119.11 646.35 ship 0 0.795415 votes=2
305.68 220.30 306.10 249.92 296.82 250.05 296.41 220.43 ship 0 0.792641 votes=3
211.55 59.38 212.08 92.46 200.45 92.64 199.93 59.56 ship 0 0.783941 votes=3
566.15 429.05 566.43 451.37 559.33 451.46 559.04 429.15 ship 0 0.780811 votes=3
590.82 397.83 590.99 424.22 581.17 424.28 581.00 397.90 ship 0 0.761888 votes=2
90.44 625.63 90.45 646.37 80.66 646.38 80.65 625.64 ship 0 0.760201 votes=3
506.30 699.73 506.61 722.61 497.56 722.74 497.25 699.85 ship 0 0.758797 votes=2
545.74 453.33 546.59 429.89 554.46 430.17 553.61 453.62 ship 0 0.751642 votes=2
361.73 527.99 361.96 552.90 351.30 553.00 351.07 528.09 ship 0 0.747276 votes=2
56.18 440.41 56.35 466.84 47.99 466.90 47.82 440.46 ship 0 0.739078 votes=2
347.67 424.64 347.71 400.69 357.55 400.71 357.51 424.66 ship 0 0.729427 votes=2
387.19 184.49 388.31 212.08 379.58 212.43 378.46 184.85 ship 0 0.721894 votes=3
441.93 86.45 442.37 56.61 451.60 56.75 451.16 86.59 ship 0 0.715224 votes=3
368.44 403.22 369.85 426.54 360.45 427.10 359.04 403.79 ship 0 0.714690 votes=2
100.15 307.75 101.55 331.58 92.74 332.09 91.34 308.27 ship 0 0.713699 votes=3
532.73 218.17 532.80 243.92 523.61 243.94 523.54 218.19 ship 0 0.712036 votes=3
528.58 517.13 528.65 493.75 537.14 493.77 537.07 517.16 ship 0 0.711528 votes=2
194.06 532.32 195.27 554.87 185.58 555.39 184.37 532.84 ship 0 0.710611 votes=2
225.97 104.54 226.47 129.51 217.60 129.69 217.10 104.71 ship 0 0.690719 votes=3
569.99 547.04 570.67 520.69 579.96 520.93 579.29 547.28 ship 0 0.628146 votes=2
