640.92 226.71 671.90 381.75 643.18 387.49 612.19 232.45 ship 0 0.999135 votes=3
680.13 258.91 700.89 370.42 678.45 374.60 657.69 263.09 ship 0 0.998283 votes=3
675.78 390.44 686.01 511.26 663.01 513.20 652.78 392.39 ship 0 0.997940 votes=3
741.86 251.66 757.60 410.57 730.21 413.29 714.47 254.37 ship 0 0.996521 votes=3
17.46 531.70 20.40 350.52 80.76 351.50 77.81 532.68 ship 0 0.992078 votes=3
682.08 235.54 682.73 260.58 674.37 260.80 673.72 235.76 ship 0 0.987186 votes=3
52.68 145.46 739.11 147.92 738.97 186.74 52.55 184.28 bridge 0 0.958055 votes=3
764.67 780.28 788.27 778.29 789.15 788.68 765.55 790.68 ship 0 0.917717 votes=3
791.86 755.24 792.07 778.10 774.13 778.27 773.92 755.41 harbor 0 0.903005 votes=3
739.27 657.67 787.60 657.43 787.65 667.86 739.32 668.10 harbor 0 0.869452 votes=3
101.57 95.77 713.71 99.81 713.46 138.12 101.31 134.08 bridge 0 0.862660 votes=3
271.86 111.57 286.67 112.56 286.18 119.90 271.37 118.91 vehicle 0 0.775118 votes=3
763.71 706.62 794.33 706.26 794.47 718.04 763.85 718.40 harbor 0 0.650927 votes=2
761.86 465.97 796.50 465.75 796.54 473.15 761.91 473.37 harbor 0 0.642985 votes=2
