435.23 512.63 435.75 625.09 400.75 625.25 400.24 512.79 ship 0 0.999741 votes=3
177.34 299.93 177.51 202.84 209.29 202.90 209.11 299.99 ship 0 0.999739 votes=3
121.81 314.62 122.65 404.63 91.41 404.92 90.57 314.91 ship 0 0.999738 votes=3
641.71 657.35 644.74 734.00 620.69 734.95 617.67 658.29 ship 0 0.999735 votes=3
161.66 630.14 163.14 540.86 191.03 541.32 189.55 630.60 ship 0 0.999733 votes=3
570.69 651.64 570.80 721.60 547.33 721.63 547.23 651.68 ship 0 0.999726 votes=3
476.89 526.26 477.17 625.19 445.42 625.28 445.14 526.35 ship 0 0.999724 votes=3
165.26 188.35 167.38 297.79 133.65 298.44 131.53 189.00 ship 0 0.999723 votes=3
155.88 334.63 156.54 395.16 135.82 395.38 135.16 334.86 ship 0 0.999718 votes=3
117.84 738.68 118.19 649.93 147.30 650.05 146.94 738.80 ship 0 0.999712 votes=3
93.60 300.46 93.92 216.34 123.28 216.45 122.96 300.57 ship 0 0.999711 votes=3
572.01 422.26 573.16 343.24 598.26 343.61 597.11 422.62 ship 0 0.999690 votes=3
210.54 423.85 210.73 320.79 244.57 320.85 244.38 423.91 ship 0 0.999689 votes=3
281.03 321.85 282.61 411.25 253.30 411.77 251.72 322.37 ship 0 0.999684 votes=3
292.21 402.35 292.49 324.50 320.23 324.60 319.95 402.45 ship 0 0.999672 votes=3
522.86 296.84 522.87 193.60 557.15 193.61 557.14 296.85 ship 0 0.999645 votes=3
411.88 399.87 412.38 320.94 437.81 321.10 437.31 400.03 ship 0 0.999640 votes=3
394.96 650.98 395.16 736.45 366.11 736.52 365.92 651.05 ship 0 0.999637 votes=3
224.74 725.17 225.60 652.68 250.10 652.97 249.24 725.46 ship 0 0.999637 votes=3
561.86 324.54 562.14 419.95 527.32 420.05 527.05 324.64 ship 0 0.999625 votes=3
77.23 633.24 78.21 529.51 113.16 529.84 112.18 633.57 ship 0 0.999622 votes=3
348.29 290.25 351.12 195.15 383.16 196.10 380.34 291.20 ship 0 0.999621 votes=3
259.07 296.78 259.63 186.39 294.29 186.56 293.74 296.95 ship 0 0.999606 votes=3
594.87 526.19 595.16 622.12 567.23 622.20 566.94 526.28 ship 0 0.999605 votes=3
618.23 411.03 728.77 411.87 728.52 444.64 617.98 443.80 ship 0 0.999596 votes=3
439.42 293.90 440.63 184.83 476.62 185.23 475.41 294.30 ship 0 0.999565 votes=3
87.54 709.03 87.59 654.59 108.45 654.61 108.40 709.05 ship 0 0.999561 votes=3
332.79 410.08 333.23 325.22 363.11 325.38 362.67 410.24 ship 0 0.999545 votes=3
202.88 623.87 202.98 529.63 234.30 529.66 234.20 623.90 ship 0 0.999544 votes=3
617.61 545.63 733.53 543.40 734.27 581.79 618.35 584.02 ship 0 0.999527 votes=3
566.13 294.74 566.19 207.65 593.66 207.67 593.59 294.76 ship 0 0.999516 votes=3
389.39 297.09 389.52 197.44 424.99 197.48 424.85 297.13 ship 0 0.999515 votes=3
200.34 322.97 202.60 425.79 171.53 426.48 169.26 323.65 ship 0 0.999497 votes=3
320.67 654.04 323.03 729.88 297.31 730.68 294.94 654.84 ship 0 0.999491 votes=3
270.99 537.44 271.29 619.50 240.51 619.62 240.21 537.56 ship 0 0.999478 votes=3
517.26 187.84 517.88 298.77 484.51 298.96 483.89 188.03 ship 0 0.999459 votes=3
217.16 296.74 218.42 181.36 252.45 181.73 251.19 297.12 ship 0 0.999446 votes=3
324.68 626.11 329.79 539.69 355.64 541.21 350.54 627.63 ship 0 0.999442 votes=3
305.70 542.08 315.32 621.72 289.43 624.85 279.81 545.20 ship 0 0.999409 votes=3
337.06 186.51 337.85 289.07 304.64 289.32 303.85 186.77 ship 0 0.999396 votes=3
361.18 650.76 361.81 729.87 332.40 730.10 331.77 650.99 ship 0 0.999321 votes=3
753.69 643.62 754.08 742.08 719.04 742.21 718.66 643.76 ship 0 0.999320 votes=3
159.22 708.30 159.46 664.64 177.37 664.74 177.12 708.40 ship 0 0.999306 votes=3
581.05 729.67 581.13 651.94 611.22 651.97 611.14 729.70 ship 0 0.999305 votes=3
494.71 657.69 495.15 713.53 474.43 713.69 474.00 657.85 ship 0 0.999279 votes=3
620.30 347.20 686.49 347.70 686.33 369.79 620.13 369.30 ship 0 0.999222 votes=3
627.57 381.83 696.24 380.23 696.70 399.91 628.03 401.51 ship 0 0.999175 votes=3
482.18 624.93 483.86 517.95 520.47 518.52 518.79 625.51 ship 0 0.999047 votes=3
688.28 712.81 691.27 650.17 713.53 651.23 710.54 713.87 ship 0 0.998967 votes=3
618.01 587.92 750.73 589.63 750.25 627.35 617.53 625.65 ship 0 0.998760 votes=3
120.98 627.65 123.05 519.23 156.75 519.88 154.69 628.29 ship 0 0.998739 votes=3
373.58 401.66 373.64 321.37 406.30 321.39 406.24 401.68 ship 0 0.998518 votes=3
119.26 201.40 621.17 203.14 620.46 408.97 118.55 407.24 harbor 0 0.969929 votes=3
106.45 527.01 770.67 532.18 769.09 734.97 104.87 729.80 harbor 0 0.964130 votes=3
487.32 316.51 512.80 326.29 508.07 338.60 482.59 328.82 ship 0 0.962785 votes=3
659.67 142.41 659.95 33.48 752.96 33.71 752.69 142.65 harbor 0 0.922998 votes=3
633.18 305.79 634.26 342.74 618.22 343.21 617.15 306.25 ship 0 0.891504 votes=3
399.55 714.18 404.79 689.05 417.99 691.81 412.76 716.93 ship 0 0.796050 votes=3
