538.84 442.46 539.88 344.63 570.55 344.96 569.50 442.79 ship 0 0.999681 votes=3
575.18 128.54 575.92 45.25 607.58 45.53 606.85 128.82 ship 0 0.999680 votes=3
322.22 41.89 322.99 141.90 286.50 142.18 285.74 42.17 ship 0 0.999669 votes=3
766.98 48.12 767.49 153.46 735.23 153.61 734.72 48.27 ship 0 0.999669 votes=3
329.01 445.14 329.53 343.38 365.50 343.56 364.98 445.33 ship 0 0.999641 votes=3
685.63 44.08 686.29 149.08 654.04 149.28 653.37 44.28 ship 0 0.999628 votes=3
196.01 39.64 196.20 139.71 165.33 139.77 165.13 39.70 ship 0 0.999628 votes=3
690.26 158.69 691.00 45.44 730.10 45.69 729.36 158.95 ship 0 0.999626 votes=3
358.93 41.38 359.19 126.62 328.73 126.72 328.47 41.47 ship 0 0.999585 votes=3
325.83 332.60 326.48 443.59 288.25 443.81 287.60 332.83 ship 0 0.999584 votes=3
619.44 445.56 620.95 336.80 653.37 337.25 651.87 446.01 ship 0 0.999573 votes=3
524.38 43.73 524.74 163.88 488.02 163.99 487.65 43.85 ship 0 0.999567 votes=3
612.14 158.84 612.65 44.80 650.31 44.97 649.80 159.01 ship 0 0.999562 votes=3
23.87 328.63 195.76 332.27 194.71 382.00 22.82 378.36 ship 0 0.999502 votes=3
454.13 445.91 454.82 343.39 490.02 343.63 489.33 446.15 ship 0 0.999496 votes=3
576.53 444.91 578.92 324.00 615.42 324.72 613.03 445.63 ship 0 0.999490 votes=3
481.44 42.57 481.92 135.30 448.23 135.47 447.75 42.74 ship 0 0.999483 votes=3
243.18 144.23 245.07 40.59 281.78 41.26 279.89 144.90 ship 0 0.999430 votes=3
26.66 403.59 217.11 412.62 214.35 470.89 23.90 461.86 ship 0 0.999408 votes=3
201.54 155.51 201.86 41.91 239.58 42.01 239.26 155.62 ship 0 0.999315 votes=3
426.61 592.49 474.57 595.86 473.20 615.29 425.24 611.92 ship 0 0.999294 votes=3
242.79 378.71 244.49 323.70 264.12 324.31 262.42 379.32 ship 0 0.998996 votes=3
139.27 89.90 140.67 42.07 160.55 42.66 159.15 90.48 ship 0 0.998869 votes=3
135.75 292.26 185.45 291.17 185.85 309.65 136.16 310.74 ship 0 0.998194 votes=3
110.01 216.48 158.56 235.20 151.34 253.94 102.79 235.22 ship 0 0.997175 votes=3
71.34 291.22 121.83 288.19 123.00 307.68 72.50 310.71 ship 0 0.995456 votes=3
74.26 168.81 74.86 109.09 96.98 109.31 96.39 169.03 ship 0 0.993555 votes=3
74.89 95.38 75.63 39.77 97.68 40.07 96.94 95.67 ship 0 0.930213 votes=3
97.04 95.57 97.44 41.08 118.96 41.24 118.56 95.73 ship 0 0.873435 votes=3
61.24 21.60 789.21 29.98 787.72 159.34 59.76 150.97 harbor 0 0.821609 votes=3
539.79 469.47 591.61 469.58 591.57 492.41 539.75 492.31 ship 0 0.820349 votes=2
211.93 335.49 697.67 340.18 696.23 489.93 210.49 485.24 harbor 0 0.817520 votes=3
