22.64 360.12 26.77 227.64 70.72 229.01 66.59 361.49 ship 0 0.999699 votes=3
190.80 148.92 316.62 118.80 325.85 157.36 200.03 187.48 ship 0 0.999673 votes=3
111.22 297.36 122.24 144.17 175.72 148.02 164.70 301.20 ship 0 0.999630 votes=3
355.65 710.56 383.80 615.45 416.67 625.18 388.51 720.29 ship 0 0.999569 votes=3
616.87 194.71 718.61 213.48 712.29 247.73 610.55 228.96 ship 0 0.999515 votes=3
383.02 315.10 461.47 306.36 464.49 333.42 386.04 342.16 ship 0 0.999501 votes=3
222.28 537.79 313.74 473.83 336.63 506.58 245.18 570.53 ship 0 0.999439 votes=3
663.62 373.24 731.87 395.22 723.27 421.93 655.02 399.96 ship 0 0.999393 votes=3
269.85 606.98 356.90 540.39 379.31 569.69 292.26 636.28 ship 0 0.999310 votes=3
538.06 410.80 572.42 515.71 540.54 526.16 506.18 421.25 ship 0 0.999297 votes=3
419.08 591.35 511.50 575.04 517.28 607.80 424.86 624.11 ship 0 0.999169 votes=3
184.06 285.45 262.09 267.39 268.69 295.88 190.66 313.95 ship 0 0.999151 votes=3
181.81 323.95 260.49 309.49 265.05 334.26 186.36 348.73 ship 0 0.999117 votes=3
660.18 418.04 737.27 442.55 729.44 467.19 652.35 442.67 ship 0 0.999106 votes=3
525.22 270.06 556.41 384.60 516.13 395.57 484.94 281.02 ship 0 0.998904 votes=3
186.91 195.36 292.84 185.22 295.74 215.53 189.82 225.67 ship 0 0.998773 votes=3
636.38 280.62 728.72 315.07 717.57 344.97 625.22 310.53 ship 0 0.998737 votes=3
199.31 496.21 278.20 447.64 295.26 475.34 216.36 523.91 ship 0 0.998486 votes=3
182.79 414.63 255.82 388.49 263.24 409.22 190.21 435.36 ship 0 0.998383 votes=3
572.08 616.69 587.42 674.55 562.15 681.25 546.81 623.39 vehicle 0 0.997791 votes=3
307.48 644.73 371.48 585.45 393.21 608.92 329.21 668.19 ship 0 0.997769 votes=3
731.43 648.72 738.37 703.22 714.32 706.28 707.39 651.78 vehicle 0 0.997308 votes=3
192.23 446.96 262.56 416.21 273.86 442.04 203.53 472.79 ship 0 0.997084 votes=3
189.09 359.16 271.20 341.26 277.41 369.77 195.30 387.66 ship 0 0.996599 votes=3
618.27 242.10 728.10 264.68 720.91 299.63 611.08 277.05 ship 0 0.995890 votes=3
529.71 631.16 534.91 676.72 514.42 679.05 509.22 633.49 vehicle 0 0.989967 votes=3
65.86 495.04 90.06 151.70 294.03 166.07 269.83 509.41 harbor 0 0.883704 votes=3
