391.42 647.08 391.75 601.84 413.79 602.00 413.46 647.24 tenniscourt 0 0.999501 votes=3
391.34 573.02 391.36 526.98 412.51 526.99 412.49 573.03 tenniscourt 0 0.999350 votes=3
280.69 501.29 281.23 548.13 257.68 548.41 257.14 501.57 tenniscourt 0 0.999239 votes=3
374.92 525.39 375.61 573.49 352.98 573.81 352.29 525.71 tenniscourt 0 0.999225 votes=3
520.78 51.91 520.86 465.51 228.98 465.57 228.90 51.96 stadium 0 0.999219 votes=3
334.12 590.87 334.43 636.77 311.93 636.92 311.62 591.02 tenniscourt 0 0.999213 votes=3
375.64 598.99 375.82 648.16 352.92 648.24 352.73 599.07 tenniscourt 0 0.999191 votes=3
329.73 500.33 330.72 548.00 308.25 548.47 307.25 500.80 tenniscourt 0 0.998836 votes=3
276.33 637.91 276.71 590.10 300.72 590.29 300.34 638.10 tenniscourt 0 0.997987 votes=3
49.10 544.11 55.20 511.97 61.15 513.10 55.04 545.24 vehicle 0 0.955844 votes=3
