494.61 619.73 546.60 619.69 546.61 636.04 494.62 636.08 ship 0 0.999331 votes=3
652.99 566.30 691.49 557.49 694.38 570.08 655.87 578.89 ship 0 0.998977 votes=3
507.37 523.75 544.46 523.83 544.44 534.76 507.35 534.68 ship 0 0.998913 votes=3
719.53 625.78 768.12 620.43 769.74 635.15 721.15 640.51 ship 0 0.998614 votes=3
380.84 558.31 411.16 558.97 410.93 569.42 380.61 568.76 ship 0 0.998438 votes=3
687.89 655.86 740.97 646.32 743.80 662.09 690.73 671.64 ship 0 0.998313 votes=3
431.85 380.79 469.91 387.88 467.70 399.75 429.64 392.66 ship 0 0.998191 votes=3
494.06 465.21 535.97 465.33 535.93 478.13 494.02 478.01 ship 0 0.998066 votes=3
705.70 555.09 735.65 554.04 736.06 565.84 706.12 566.89 ship 0 0.998053 votes=3
505.60 509.83 538.55 510.23 538.43 520.16 505.47 519.75 ship 0 0.997998 votes=3
701.42 540.64 731.97 539.99 732.21 551.33 701.66 551.98 ship 0 0.997975 votes=3
447.68 336.69 480.93 340.80 479.61 351.42 446.37 347.31 ship 0 0.997952 votes=3
638.44 463.87 670.90 458.08 672.91 469.30 640.44 475.09 ship 0 0.997881 votes=3
469.98 596.19 513.20 596.41 513.13 610.27 469.90 610.05 ship 0 0.997765 votes=3
198.07 532.01 229.27 532.28 229.17 543.25 197.98 542.97 ship 0 0.997752 votes=3
642.42 547.23 691.69 538.45 694.49 554.13 645.21 562.91 ship 0 0.997734 votes=3
320.01 452.24 354.31 452.72 354.13 465.47 319.83 464.99 ship 0 0.997717 votes=3
487.34 436.60 522.77 436.38 522.85 448.10 487.41 448.32 ship 0 0.997714 votes=3
333.35 102.08 372.40 112.59 368.95 125.38 329.91 114.88 ship 0 0.997678 votes=3
714.18 597.14 748.86 596.14 749.22 608.37 714.54 609.37 ship 0 0.997611 votes=3
466.89 248.27 495.94 254.58 493.82 264.38 464.76 258.07 ship 0 0.997556 votes=3
641.77 268.17 673.83 258.37 677.43 270.14 645.37 279.94 ship 0 0.997512 votes=3
328.60 525.98 362.79 527.69 362.25 538.48 328.06 536.78 ship 0 0.997484 votes=3
643.22 494.10 676.01 485.24 679.15 496.87 646.36 505.73 ship 0 0.997241 votes=3
429.86 400.40 462.43 403.48 461.26 415.77 428.70 412.69 ship 0 0.997238 votes=3
326.96 469.34 356.53 469.48 356.48 480.61 326.91 480.47 ship 0 0.997232 votes=3
660.57 354.60 704.49 345.87 707.12 359.11 663.20 367.84 ship 0 0.997192 votes=3
485.28 422.04 520.71 420.73 521.14 432.18 485.70 433.49 ship 0 0.997136 votes=3
198.22 596.83 231.49 597.31 231.36 606.22 198.09 605.74 ship 0 0.997033 votes=3
244.31 565.08 275.62 565.33 275.54 575.11 244.23 574.87 ship 0 0.997007 votes=3
244.60 549.91 276.29 550.44 276.11 561.36 244.42 560.83 ship 0 0.996990 votes=3
665.93 594.04 699.82 584.84 703.08 596.82 669.19 606.03 ship 0 0.996952 votes=3
495.39 314.64 533.43 317.34 532.54 329.94 494.50 327.24 ship 0 0.996893 votes=3
195.51 578.10 228.16 578.47 228.04 588.83 195.40 588.47 ship 0 0.996801 votes=3
247.84 490.82 276.11 492.80 275.44 502.41 247.16 500.43 ship 0 0.996795 votes=3
627.85 421.98 663.72 415.95 665.71 427.81 629.84 433.84 ship 0 0.996682 votes=3
475.39 579.00 508.83 579.99 508.50 591.40 475.05 590.41 ship 0 0.996607 votes=3
494.84 170.91 515.76 178.03 513.36 185.08 492.44 177.96 ship 0 0.996576 votes=3
660.74 609.33 703.27 600.21 706.11 613.48 663.58 622.60 ship 0 0.996514 votes=3
633.80 450.65 667.34 445.56 669.01 456.53 635.46 461.62 ship 0 0.996483 votes=3
634.83 480.01 674.55 471.11 677.24 483.15 637.53 492.05 ship 0 0.996473 votes=3
627.67 204.97 660.70 199.67 662.56 211.25 629.52 216.54 ship 0 0.996425 votes=3
331.45 511.86 360.99 512.26 360.84 523.22 331.30 522.82 ship 0 0.996419 votes=3
699.22 525.50 742.42 523.63 742.98 536.55 699.78 538.42 ship 0 0.996377 votes=3
666.25 637.00 708.18 630.07 710.51 644.18 668.58 651.11 ship 0 0.996371 votes=3
483.37 193.68 511.48 199.94 509.16 210.40 481.04 204.14 ship 0 0.996329 votes=3
655.31 309.29 687.72 305.14 689.41 318.35 657.01 322.50 ship 0 0.996299 votes=3
611.51 293.37 633.62 288.71 635.42 297.21 613.30 301.87 ship 0 0.996296 votes=3
518.17 565.96 552.87 566.68 552.63 578.19 517.94 577.47 ship 0 0.996253 votes=3
246.94 519.82 276.54 522.32 275.63 533.12 246.03 530.62 ship 0 0.996229 votes=3
682.29 454.84 712.91 451.38 714.27 463.41 683.65 466.87 ship 0 0.996150 votes=3
631.92 435.55 668.55 430.22 670.24 441.84 633.62 447.18 ship 0 0.996118 votes=3
671.91 396.71 711.38 390.93 713.32 404.22 673.85 410.00 ship 0 0.996067 votes=3
203.20 548.45 231.67 548.54 231.63 558.88 203.17 558.79 ship 0 0.996053 votes=3
339.90 571.70 367.31 571.92 367.23 581.65 339.82 581.43 ship 0 0.996021 votes=3
202.55 489.66 233.57 491.40 232.98 501.83 201.97 500.09 ship 0 0.996004 votes=3
492.82 452.34 528.80 452.06 528.87 462.11 492.89 462.38 ship 0 0.996003 votes=3
286.66 223.08 310.17 230.61 307.58 238.69 284.07 231.16 ship 0 0.995809 votes=3
448.84 461.30 484.37 463.54 483.70 474.17 448.17 471.93 ship 0 0.995798 votes=3
194.83 563.07 230.58 563.91 230.33 574.61 194.58 573.76 ship 0 0.995790 votes=3
372.98 499.33 401.13 498.83 401.31 508.91 373.16 509.41 ship 0 0.995764 votes=3
588.74 185.51 616.66 188.02 615.77 197.98 587.85 195.47 ship 0 0.995580 votes=3
588.21 213.16 617.69 207.65 619.67 218.26 590.19 223.77 ship 0 0.995489 votes=3
314.52 142.19 338.12 151.61 334.94 159.57 311.35 150.14 ship 0 0.995482 votes=3
224.03 379.95 257.65 388.82 254.68 400.07 221.06 391.20 ship 0 0.995474 votes=3
598.90 277.71 626.98 272.96 628.73 283.30 600.65 288.06 ship 0 0.995385 votes=3
466.99 520.87 494.83 520.41 494.99 529.95 467.15 530.41 ship 0 0.995302 votes=3
227.20 364.47 257.74 375.57 253.90 386.13 223.37 375.03 ship 0 0.995266 votes=3
372.82 627.48 413.53 625.73 414.10 638.82 373.39 640.58 ship 0 0.995213 votes=3
374.32 320.59 396.81 323.98 395.43 333.14 372.93 329.74 ship 0 0.995141 votes=3
453.37 477.14 487.01 478.46 486.60 489.08 452.96 487.76 ship 0 0.995132 votes=3
485.88 355.02 535.05 357.76 534.18 373.30 485.01 370.55 ship 0 0.995111 votes=3
441.52 365.91 475.96 373.46 473.46 384.90 439.01 377.35 ship 0 0.994973 votes=3
502.63 495.67 530.75 496.17 530.58 505.94 502.46 505.44 ship 0 0.994933 votes=3
203.47 518.81 233.35 519.06 233.26 529.24 203.38 528.98 ship 0 0.994930 votes=3
243.70 580.27 277.27 580.62 277.18 590.23 243.60 589.88 ship 0 0.994814 votes=3
376.69 543.47 410.11 543.78 410.01 555.00 376.59 554.69 ship 0 0.994784 votes=3
201.28 474.72 234.84 476.75 234.22 486.92 200.67 484.89 ship 0 0.994536 votes=3
470.90 265.56 494.69 268.76 493.47 277.87 469.67 274.66 ship 0 0.994442 votes=3
240.76 340.07 267.59 350.55 264.01 359.72 237.18 349.24 ship 0 0.994427 votes=3
295.12 193.95 320.41 204.21 316.62 213.54 291.34 203.28 ship 0 0.994346 votes=3
498.17 147.45 524.20 155.55 521.63 163.82 495.60 155.73 ship 0 0.994209 votes=3
593.66 226.30 620.22 220.33 622.54 230.63 595.98 236.60 ship 0 0.994206 votes=3
357.98 397.68 384.93 399.04 384.41 409.36 357.46 408.00 ship 0 0.994075 votes=3
713.04 584.87 741.67 583.49 742.16 593.60 713.53 594.98 ship 0 0.993898 votes=3
608.44 351.57 644.44 342.83 647.36 354.82 611.36 363.57 ship 0 0.993809 votes=3
524.48 596.71 564.57 595.73 564.84 606.96 524.75 607.93 ship 0 0.993779 votes=3
326.65 496.92 360.87 498.85 360.21 510.50 325.99 508.58 ship 0 0.993550 votes=3
318.67 127.53 344.27 136.95 340.51 147.16 314.92 137.74 ship 0 0.993353 votes=3
446.45 446.78 481.63 447.53 481.39 458.72 446.21 457.97 ship 0 0.993339 votes=3
523.34 79.82 542.77 86.14 540.35 93.59 520.92 87.27 ship 0 0.993323 votes=3
202.01 421.75 241.12 429.09 238.82 441.38 199.70 434.03 ship 0 0.993319 votes=3
677.11 427.07 710.30 420.94 712.51 432.93 679.33 439.06 ship 0 0.993316 votes=3
618.15 397.99 654.83 386.35 658.28 397.23 621.60 408.87 ship 0 0.993175 votes=3
611.50 321.27 639.05 314.83 641.70 326.16 614.15 332.60 ship 0 0.993015 votes=3
634.37 126.69 658.76 136.94 655.14 145.54 630.75 135.29 ship 0 0.992965 votes=3
208.66 461.67 236.72 461.32 236.86 471.98 208.79 472.32 ship 0 0.992909 votes=3
650.51 507.23 682.44 500.06 684.99 511.42 653.06 518.59 ship 0 0.992729 votes=3
613.70 364.20 651.32 357.99 653.57 371.59 615.95 377.80 ship 0 0.992676 votes=3
356.17 380.39 385.23 384.10 383.95 394.19 354.89 390.48 ship 0 0.992513 votes=3
246.84 460.10 274.88 461.75 274.29 471.79 246.25 470.14 ship 0 0.992253 votes=3
270.45 380.52 293.58 389.71 290.30 397.98 267.16 388.78 ship 0 0.992168 votes=3
197.41 501.39 235.68 507.15 234.05 517.99 195.78 512.23 ship 0 0.992154 votes=3
269.70 274.95 292.43 282.95 289.38 291.63 266.65 283.63 ship 0 0.992085 votes=3
518.70 213.94 540.96 218.32 539.19 227.33 516.93 222.95 ship 0 0.992082 votes=3
600.79 307.79 637.81 300.40 640.18 312.24 603.16 319.64 ship 0 0.991784 votes=3
248.57 475.64 275.20 477.76 274.42 487.54 247.79 485.43 ship 0 0.991698 votes=3
594.47 150.46 617.16 154.64 615.47 163.81 592.78 159.63 ship 0 0.991601 votes=3
596.25 238.55 621.90 235.27 623.15 245.02 597.49 248.30 ship 0 0.991297 votes=3
514.56 552.56 548.98 552.44 549.01 562.00 514.59 562.12 ship 0 0.991289 votes=3
632.49 149.33 655.04 156.20 652.33 165.07 629.79 158.20 ship 0 0.990988 votes=3
445.65 420.81 474.20 421.48 473.96 431.48 445.41 430.81 ship 0 0.990967 votes=3
357.67 81.32 380.57 87.46 378.16 96.41 355.27 90.27 ship 0 0.990808 votes=3
666.86 384.34 705.19 376.73 707.59 388.79 669.26 396.41 ship 0 0.990796 votes=3
629.95 166.10 658.45 169.55 657.24 179.59 628.74 176.15 ship 0 0.990752 votes=3
361.87 257.45 384.09 263.07 381.98 271.40 359.76 265.78 ship 0 0.990726 votes=3
359.78 68.15 384.69 78.24 381.50 86.09 356.60 76.00 ship 0 0.990493 votes=3
382.51 585.70 419.18 588.71 418.17 600.94 381.50 597.93 ship 0 0.990437 votes=3
362.98 356.26 388.13 357.38 387.74 366.25 362.59 365.13 ship 0 0.990130 votes=3
534.81 154.76 559.32 160.68 557.12 169.80 532.61 163.88 ship 0 0.989791 votes=3
247.39 505.96 275.48 506.86 275.18 516.25 247.09 515.35 ship 0 0.989785 votes=3
472.72 561.88 506.05 565.45 504.87 576.48 471.53 572.91 ship 0 0.989710 votes=3
504.65 285.42 533.84 289.85 532.51 298.64 503.31 294.21 ship 0 0.989627 votes=3
235.65 353.88 263.03 363.01 259.94 372.29 232.56 363.16 ship 0 0.989303 votes=3
246.11 328.03 272.87 335.77 270.32 344.60 243.56 336.85 ship 0 0.989239 votes=3
218.73 406.96 246.57 416.24 243.10 426.65 215.26 417.38 ship 0 0.989238 votes=3
203.34 444.86 235.98 446.69 235.34 458.02 202.70 456.19 ship 0 0.989026 votes=3
693.47 498.74 725.60 496.04 726.57 507.54 694.44 510.25 ship 0 0.988194 votes=3
678.35 623.48 703.80 616.04 706.63 625.74 681.18 633.18 ship 0 0.988121 votes=3
479.72 224.00 504.00 229.01 502.33 237.10 478.05 232.08 ship 0 0.988044 votes=3
283.97 235.75 307.05 243.25 304.05 252.46 280.98 244.96 ship 0 0.988034 votes=3
311.39 155.83 333.97 163.66 331.10 171.95 308.52 164.13 ship 0 0.987859 votes=3
279.43 250.38 301.51 257.21 299.01 265.32 276.92 258.50 ship 0 0.987453 votes=3
300.74 180.63 324.47 189.07 321.34 197.86 297.61 189.43 ship 0 0.987372 votes=3
512.90 539.09 538.08 540.36 537.60 549.73 512.43 548.45 ship 0 0.987145 votes=2
343.89 630.08 370.60 629.64 370.77 640.29 344.06 640.73 ship 0 0.986927 votes=3
626.22 408.31 661.16 400.60 663.62 411.73 628.68 419.44 ship 0 0.986859 votes=3
636.43 243.16 666.66 238.47 668.16 248.17 637.94 252.86 ship 0 0.986740 votes=3
662.41 371.17 687.26 364.38 690.06 374.61 665.21 381.40 ship 0 0.986631 votes=3
529.86 166.99 553.10 171.78 551.34 180.34 528.10 175.56 ship 0 0.986614 votes=3
373.52 484.13 399.49 483.40 399.76 493.25 373.79 493.98 ship 0 0.986432 votes=3
506.41 272.35 534.15 275.93 532.88 285.70 505.15 282.12 ship 0 0.986398 votes=3
500.62 299.25 528.73 303.22 527.26 313.61 499.15 309.63 ship 0 0.986332 votes=3
486.99 72.61 496.51 41.09 508.74 44.78 499.22 76.30 ship 0 0.986104 votes=3
302.78 286.46 323.30 294.39 320.41 301.86 299.89 293.93 ship 0 0.985848 votes=3
368.01 50.61 388.93 60.16 385.94 66.70 365.02 57.15 ship 0 0.985748 votes=3
476.53 237.73 499.85 242.07 498.38 249.96 475.06 245.61 ship 0 0.985716 votes=3
513.26 229.87 539.43 232.35 538.50 242.25 512.32 239.78 ship 0 0.985422 votes=3
627.39 178.99 651.32 181.36 650.44 190.22 626.52 187.86 ship 0 0.985244 votes=3
374.65 513.91 403.21 513.77 403.26 523.05 374.69 523.19 ship 0 0.985127 votes=3
367.92 456.31 394.09 457.51 393.67 466.57 367.50 465.37 ship 0 0.985110 votes=3
500.02 481.46 527.96 482.35 527.67 491.49 499.72 490.59 ship 0 0.985047 votes=3
647.16 520.68 684.03 515.07 687.16 535.64 650.30 541.26 ship 0 0.984838 votes=3
482.57 208.66 504.42 213.22 502.64 221.73 480.80 217.17 ship 0 0.984360 votes=3
370.22 469.25 393.50 469.95 393.23 478.76 369.95 478.05 ship 0 0.984358 votes=3
598.28 252.49 623.98 245.70 626.37 254.73 600.67 261.52 ship 0 0.983978 votes=3
353.03 140.13 374.54 148.29 371.46 156.42 349.95 148.25 ship 0 0.983724 votes=3
646.53 284.67 672.69 279.43 674.61 289.00 648.45 294.24 ship 0 0.983473 votes=3
600.88 264.24 627.27 259.13 629.05 268.37 602.67 273.48 ship 0 0.983343 votes=3
264.71 395.07 289.30 402.39 286.88 410.52 262.29 403.20 ship 0 0.983026 votes=3
416.64 193.06 438.90 195.89 437.68 205.44 415.43 202.60 ship 0 0.982804 votes=3
404.80 144.88 421.51 154.74 417.30 161.88 400.59 152.02 ship 0 0.982760 votes=3
253.92 317.31 278.04 323.58 275.78 332.27 251.66 326.00 ship 0 0.982587 votes=3
491.50 341.55 528.57 344.38 527.77 354.82 490.70 351.98 ship 0 0.982577 votes=3
325.13 220.19 345.57 227.86 342.85 235.11 322.41 227.44 ship 0 0.982526 votes=3
603.85 338.87 643.04 330.17 645.53 341.38 606.34 350.08 ship 0 0.982248 votes=3
274.80 368.65 300.55 376.03 298.18 384.29 272.43 376.91 ship 0 0.981767 votes=3
339.55 586.58 370.00 586.40 370.05 596.00 339.61 596.18 ship 0 0.981563 votes=3
678.69 441.45 712.01 436.95 713.58 448.61 680.26 453.11 ship 0 0.981543 votes=3
283.20 339.85 307.63 346.48 305.25 355.25 280.82 348.62 ship 0 0.981343 votes=3
276.57 262.40 297.24 270.04 294.33 277.89 273.66 270.25 ship 0 0.980497 votes=3
250.28 447.16 274.13 450.85 272.86 459.08 249.01 455.39 ship 0 0.980246 votes=3
459.93 493.36 486.56 493.05 486.68 503.21 460.05 503.52 ship 0 0.979968 votes=2
489.47 376.68 518.28 380.21 517.04 390.33 488.23 386.80 ship 0 0.979921 votes=3
400.50 239.71 424.88 243.06 423.81 250.88 399.43 247.53 ship 0 0.978874 votes=3
326.03 117.08 345.74 125.41 342.34 133.45 322.63 125.12 ship 0 0.978195 votes=3
602.69 117.30 622.25 123.52 619.77 131.32 600.21 125.09 ship 0 0.978116 votes=3
341.22 609.59 373.46 608.14 374.00 620.05 341.76 621.50 ship 0 0.977821 votes=3
611.60 383.47 649.30 374.04 652.02 384.95 614.33 394.37 ship 0 0.977815 votes=3
359.01 367.98 384.35 371.09 383.21 380.39 357.87 377.28 ship 0 0.977627 votes=3
264.90 288.12 287.52 296.21 284.14 305.67 261.51 297.59 ship 0 0.977140 votes=3
293.75 313.87 316.08 318.83 314.14 327.59 291.81 322.63 ship 0 0.976972 votes=3
256.94 420.27 284.04 429.09 280.81 439.02 253.71 430.21 ship 0 0.976788 votes=3
303.61 167.11 329.72 175.15 326.68 185.01 300.57 176.97 ship 0 0.976427 votes=3
459.73 293.91 488.43 300.00 486.40 309.58 457.70 303.49 ship 0 0.976353 votes=3
457.91 534.58 498.99 535.78 498.65 547.50 457.57 546.30 ship 0 0.976171 votes=3
291.11 210.30 314.06 216.93 311.51 225.77 288.55 219.13 ship 0 0.975445 votes=3
484.54 391.50 510.78 392.54 510.41 401.78 484.18 400.74 ship 0 0.975359 votes=3
631.88 218.70 657.31 214.64 658.88 224.49 633.45 228.55 ship 0 0.974989 votes=2
651.45 325.99 706.24 317.35 708.29 330.32 653.49 338.97 ship 0 0.974474 votes=3
385.37 288.12 413.69 287.81 413.79 297.16 385.48 297.48 ship 0 0.974452 votes=3
340.26 558.67 365.60 557.61 366.00 567.07 340.66 568.14 ship 0 0.973773 votes=3
329.21 437.64 351.79 439.21 351.19 447.85 328.61 446.28 ship 0 0.973743 votes=2
435.99 101.93 455.70 108.44 452.98 116.67 433.27 110.15 ship 0 0.972478 votes=3
379.15 307.31 402.87 312.44 400.95 321.33 377.22 316.19 ship 0 0.972397 votes=3
261.62 301.68 283.74 311.29 280.51 318.72 258.39 309.12 ship 0 0.970851 votes=3
287.76 325.21 308.58 331.59 306.16 339.48 285.34 333.10 ship 0 0.969636 votes=3
222.87 394.85 248.72 402.23 246.14 411.27 220.29 403.89 ship 0 0.969485 votes=3
511.02 242.99 541.28 248.45 539.63 257.58 509.37 252.12 ship 0 0.969222 votes=3
253.26 432.00 277.51 441.58 273.90 450.72 249.65 441.14 ship 0 0.968737 votes=3
297.46 299.83 318.22 306.25 315.62 314.68 294.85 308.26 ship 0 0.965416 votes=3
409.62 216.22 434.11 220.78 432.53 229.24 408.05 224.68 ship 0 0.964165 votes=3
717.01 614.60 748.04 609.20 749.55 617.87 718.52 623.27 ship 0 0.960636 votes=3
366.24 343.93 391.75 346.96 390.77 355.21 365.26 352.18 ship 0 0.960448 votes=3
658.04 340.33 687.36 335.85 689.08 347.06 659.75 351.54 ship 0 0.960202 votes=3
261.27 408.56 285.33 415.18 283.05 423.46 258.99 416.84 ship 0 0.959542 votes=3
521.47 201.00 544.91 205.33 543.41 213.44 519.97 209.11 ship 0 0.957129 votes=3
393.47 263.06 417.84 264.25 417.39 273.59 393.01 272.40 ship 0 0.955955 votes=3
406.10 227.61 426.90 231.11 425.52 239.30 404.72 235.80 ship 0 0.955655 votes=3
524.48 188.32 548.12 195.04 545.84 203.04 522.20 196.32 ship 0 0.953547 votes=3
307.54 272.74 330.73 280.59 327.75 289.39 304.56 281.54 ship 0 0.952286 votes=3
390.74 275.39 412.73 276.39 412.35 284.68 390.36 283.68 ship 0 0.939905 votes=3
526.77 179.77 550.07 184.89 548.29 192.97 524.99 187.85 ship 0 0.924331 votes=3
413.25 205.44 434.62 208.74 433.15 218.21 411.78 214.91 ship 0 0.921811 votes=3
373.27 33.94 398.07 42.30 395.51 49.87 370.72 41.52 ship 0 0.904359 votes=3
476.02 66.36 485.36 46.18 492.81 49.63 483.47 69.81 ship 0 0.896790 votes=3
653.71 78.30 757.50 661.68 673.32 676.65 569.53 93.28 harbor 0 0.890861 votes=3
375.71 528.68 404.75 527.60 405.17 538.88 376.13 539.96 ship 0 0.887478 votes=3
692.01 487.95 718.95 485.58 719.67 493.72 692.72 496.09 ship 0 0.883349 votes=3
382.73 298.44 407.57 300.51 406.80 309.65 381.97 307.58 ship 0 0.882173 votes=3
173.39 582.47 330.49 42.63 407.42 65.02 250.33 604.86 harbor 0 0.816390 votes=3
438.72 607.11 472.91 50.48 568.60 56.36 534.40 612.99 harbor 0 0.779075 votes=3
6.76 44.24 103.51 81.04 84.91 129.96 -11.85 93.16 harbor 0 0.759916 votes=3
602.53 89.44 626.48 98.80 623.00 107.70 599.05 98.34 ship 0 0.702166 votes=3
