249.04 210.16 250.91 299.21 199.85 300.28 197.98 211.23 basketballcourt 0 0.999525 votes=3
193.34 212.15 193.37 302.69 141.24 302.71 141.20 212.17 basketballcourt 0 0.999373 votes=3
258.84 175.65 259.39 96.29 298.92 96.56 298.37 175.92 tenniscourt 0 0.999332 votes=3
305.61 206.26 307.10 296.78 255.09 297.64 253.60 207.12 basketballcourt 0 0.999320 votes=3
375.26 742.58 376.59 128.26 671.15 128.90 669.82 743.22 groundtrackfield 0 0.999311 votes=3
159.48 79.77 160.33 182.15 106.52 182.60 105.67 80.22 basketballcourt 0 0.999293 votes=3
86.97 386.26 87.02 366.30 96.76 366.32 96.71 386.29 vehicle 0 0.978221 votes=3
761.68 37.51 780.21 37.04 780.40 44.89 761.88 45.36 vehicle 0 0.970815 votes=3
72.10 489.91 78.34 505.82 71.23 508.61 64.98 492.69 vehicle 0 0.964262 votes=3
51.08 81.44 52.02 97.25 43.31 97.77 42.37 81.96 vehicle 0 0.961970 votes=3
359.71 41.19 378.55 40.99 378.63 48.61 359.79 48.81 vehicle 0 0.777007 votes=3
