251.74 333.81 621.02 578.16 532.14 712.48 162.86 468.12 Expressway-Service-area 0 0.998893 votes=3
424.63 121.71 779.42 370.89 685.76 504.25 330.97 255.07 Expressway-Service-area 0 0.998467 votes=3
621.65 409.17 631.86 435.88 626.41 437.96 616.20 411.25 vehicle 0 0.994967 votes=3
24.50 233.38 91.42 90.21 103.09 95.66 36.17 238.84 overpass 0 0.989511 votes=3
352.15 429.88 367.98 464.34 360.38 467.83 344.55 433.38 vehicle 0 0.985259 votes=3
456.90 380.65 471.94 389.99 468.91 394.88 453.86 385.55 vehicle 0 0.984034 votes=3
463.97 502.25 481.25 535.61 475.55 538.57 458.26 505.20 vehicle 0 0.965036 votes=3
416.67 479.99 422.78 499.19 417.88 500.75 411.77 481.55 vehicle 0 0.964994 votes=3
443.92 493.00 453.32 518.77 448.53 520.52 439.13 494.75 vehicle 0 0.924153 votes=3
432.98 490.06 437.91 508.39 432.78 509.77 427.86 491.43 vehicle 0 0.914523 votes=3
