435.69 288.07 614.58 280.99 618.70 385.01 439.80 392.09 trainstation 0 0.993490 votes=3
330.65 50.79 391.77 56.03 390.41 71.93 329.29 66.69 bridge 0 0.992742 votes=3
436.17 418.89 436.67 448.87 418.13 449.19 417.63 419.20 bridge 0 0.990497 votes=3
241.51 4.20 262.46 17.20 256.03 27.57 235.08 14.58 bridge 0 0.983448 votes=3
57.48 497.07 58.19 469.98 71.94 470.33 71.23 497.43 bridge 0 0.982868 votes=3
641.85 460.89 643.99 408.67 657.91 409.24 655.77 461.46 bridge 0 0.979635 votes=3
371.81 213.78 373.47 167.22 382.79 167.55 381.13 214.11 ship 0 0.966955 votes=3
273.65 449.16 275.30 473.60 257.45 474.80 255.80 450.36 bridge 0 0.959017 votes=3
62.08 130.07 118.25 132.33 117.86 141.98 61.69 139.72 ship 0 0.946721 votes=3
315.04 440.80 317.83 466.13 311.05 466.87 308.26 441.54 bridge 0 0.796333 votes=3
