388.43 428.87 389.65 484.57 370.77 484.98 369.55 429.28 ship 0 0.999586 votes=3
499.48 476.45 503.61 410.88 524.12 412.17 520.00 477.74 ship 0 0.999571 votes=3
555.41 480.30 558.38 444.90 571.29 445.98 568.33 481.39 ship 0 0.999019 votes=3
726.40 322.11 767.21 322.32 767.13 338.66 726.32 338.46 ship 0 0.998921 votes=3
723.18 537.79 767.38 538.80 767.06 552.72 722.86 551.70 ship 0 0.998785 votes=3
723.99 396.91 764.83 396.22 765.07 410.06 724.22 410.75 ship 0 0.998687 votes=3
722.36 510.10 768.61 510.44 768.50 525.50 722.25 525.17 ship 0 0.998660 votes=3
717.49 369.74 766.63 369.95 766.55 387.99 717.42 387.78 ship 0 0.998571 votes=3
531.23 479.42 532.49 450.41 543.28 450.88 542.02 479.89 ship 0 0.997577 votes=3
635.80 486.88 637.46 456.13 649.26 456.77 647.60 487.52 ship 0 0.997378 votes=3
723.63 279.89 762.95 278.35 763.44 290.90 724.12 292.43 ship 0 0.997294 votes=3
451.74 479.98 452.95 446.20 465.51 446.65 464.29 480.43 ship 0 0.996312 votes=3
735.12 350.80 765.33 350.65 765.39 362.26 735.18 362.41 ship 0 0.995467 votes=3
611.46 487.25 611.70 457.62 623.13 457.71 622.90 487.34 ship 0 0.985892 votes=3
747.92 45.61 766.33 49.31 764.76 57.14 746.34 53.44 vehicle 0 0.961478 votes=3
782.10 213.03 782.68 231.28 774.68 231.53 774.11 213.29 vehicle 0 0.925999 votes=3
729.21 83.72 748.81 79.71 750.26 86.81 730.66 90.81 vehicle 0 0.880929 votes=3
729.91 169.52 743.84 161.23 746.91 166.38 732.98 174.67 vehicle 0 0.843859 votes=3
391.18 422.86 780.95 435.26 778.52 511.64 388.75 499.24 harbor 0 0.836033 votes=3
627.82 507.86 648.42 508.87 647.98 517.75 627.39 516.74 ship 0 0.833467 votes=3
