147.97 360.13 231.55 359.58 232.07 438.97 148.49 439.51 storagetank 0 0.999195 votes=3
239.46 358.89 324.76 359.41 324.29 437.30 238.99 436.79 storagetank 0 0.999130 votes=3
685.54 760.02 689.55 435.46 746.36 436.16 742.35 760.72 ship 0 0.998736 votes=3
253.86 176.32 308.93 175.98 309.24 227.21 254.18 227.55 storagetank 0 0.998052 votes=3
235.21 32.95 335.82 34.55 334.32 129.36 233.71 127.76 storagetank 0 0.997723 votes=3
252.38 281.04 309.11 279.49 310.56 332.69 253.83 334.24 storagetank 0 0.997667 votes=3
273.69 121.47 273.72 175.09 220.50 175.12 220.47 121.50 storagetank 0 0.996631 votes=3
131.64 143.41 222.21 141.40 224.10 226.73 133.53 228.73 storagetank 0 0.986421 votes=3
130.25 34.93 226.51 33.90 227.53 129.24 131.27 130.27 storagetank 0 0.986396 votes=3
220.83 243.82 222.39 338.92 140.53 340.26 138.97 245.16 storagetank 0 0.979665 votes=3
266.13 231.42 291.23 231.61 291.07 253.64 265.96 253.45 storagetank 0 0.938369 votes=3
291.32 234.27 316.90 234.99 316.24 258.24 290.66 257.52 storagetank 0 0.932327 votes=3
