617.50 415.29 754.37 416.01 754.23 442.93 617.36 442.21 ship 0 0.999636 votes=3
663.37 351.73 755.64 352.04 755.57 373.28 663.30 372.97 ship 0 0.999564 votes=3
643.35 548.88 761.10 538.66 763.42 565.44 645.67 575.65 ship 0 0.999527 votes=3
624.33 502.40 752.45 493.18 754.49 521.53 626.37 530.75 ship 0 0.999482 votes=3
572.07 597.92 766.36 641.68 756.26 686.53 561.97 642.77 ship 0 0.999335 votes=3
648.70 382.64 757.05 381.18 757.35 403.22 648.99 404.68 ship 0 0.999253 votes=3
98.55 297.40 155.52 258.31 165.87 273.38 108.89 312.47 ship 0 0.999201 votes=3
218.94 493.11 322.47 580.60 304.11 602.33 200.58 514.84 ship 0 0.999118 votes=3
193.57 132.18 229.38 181.80 215.42 191.88 179.61 142.26 ship 0 0.999056 votes=3
666.52 253.16 752.25 292.70 742.33 314.20 656.60 274.66 ship 0 0.999049 votes=3
237.58 215.07 298.47 292.85 281.77 305.93 220.88 228.15 ship 0 0.998733 votes=3
125.36 171.23 158.04 228.80 141.63 238.11 108.96 180.54 ship 0 0.998605 votes=3
-4.83 305.85 76.51 255.70 88.87 275.74 7.53 325.89 ship 0 0.998569 votes=3
222.46 121.60 255.28 164.02 243.01 173.52 210.18 131.09 ship 0 0.998333 votes=3
54.07 347.96 189.89 463.85 166.24 491.57 30.41 375.68 ship 0 0.998234 votes=3
707.29 694.15 788.48 713.61 783.88 732.82 702.69 713.36 ship 0 0.998054 votes=3
72.78 173.32 113.48 258.50 93.36 268.11 52.65 182.94 ship 0 0.997984 votes=3
360.20 128.22 410.33 193.53 393.52 206.44 343.39 141.12 ship 0 0.997509 votes=3
387.15 107.08 458.74 145.09 448.57 164.23 376.99 126.22 ship 0 0.997049 votes=3
433.95 634.12 698.66 694.25 687.45 743.61 422.73 683.48 ship 0 0.996889 votes=3
81.84 313.59 142.36 366.68 129.05 381.85 68.53 328.76 ship 0 0.996564 votes=3
198.06 17.34 273.51 55.83 264.24 74.00 188.79 35.51 ship 0 0.994517 votes=3
100.46 180.99 134.72 242.35 118.19 251.58 83.92 190.23 ship 0 0.989054 votes=3
293.58 708.44 322.24 722.01 318.30 730.33 289.65 716.76 ship 0 0.988920 votes=3
713.36 340.04 743.34 340.15 743.30 350.85 713.33 350.75 ship 0 0.982608 votes=3
125.94 65.24 147.60 49.03 154.02 57.60 132.36 73.81 ship 0 0.979232 votes=3
138.38 24.61 156.53 9.48 162.37 16.48 144.22 31.61 ship 0 0.968770 votes=3
493.13 610.91 529.99 618.93 527.64 629.74 490.78 621.72 ship 0 0.957892 votes=3
769.29 593.91 770.56 617.44 760.87 617.96 759.61 594.43 ship 0 0.878815 votes=3
652.56 729.23 688.62 735.91 686.34 748.24 650.27 741.56 ship 0 0.865849 votes=3
170.58 404.12 191.93 422.62 185.15 430.44 163.81 411.93 ship 0 0.835553 votes=3
-31.19 236.23 368.43 26.76 458.19 197.99 58.57 407.46 harbor 0 0.758819 votes=3
779.65 295.62 780.78 676.59 644.10 677.00 642.97 296.03 harbor 0 0.702555 votes=3
