552.50 302.72 582.39 316.68 576.55 329.18 546.66 315.21 vehicle 0 0.999593 votes=3
135.22 40.33 149.05 9.70 160.89 15.05 147.06 45.68 vehicle 0 0.999542 votes=3
298.35 486.29 459.76 562.94 413.73 659.86 252.32 583.21 basketballcourt 0 0.999495 votes=3
344.75 390.74 502.68 462.52 458.74 559.18 300.82 487.40 basketballcourt 0 0.999363 votes=3
273.67 175.05 302.46 187.44 297.69 198.53 268.90 186.14 vehicle 0 0.999087 votes=3
390.54 46.17 417.91 60.55 411.35 73.03 383.98 58.64 vehicle 0 0.999064 votes=3
540.19 690.15 550.38 665.04 562.46 669.95 552.28 695.05 vehicle 0 0.998221 votes=3
615.80 113.19 647.31 128.11 641.27 140.86 609.76 125.94 vehicle 0 0.996906 votes=3
657.24 155.54 690.11 171.50 684.06 183.97 651.18 168.01 vehicle 0 0.996858 votes=3
573.95 352.23 601.22 365.29 595.95 376.28 568.69 363.22 vehicle 0 0.996811 votes=3
516.09 739.18 530.17 709.58 542.11 715.26 528.02 744.86 vehicle 0 0.996429 votes=3
323.74 240.38 349.44 252.99 343.82 264.45 318.12 251.84 vehicle 0 0.994183 votes=3
722.25 293.04 735.11 265.54 746.05 270.65 733.19 298.16 vehicle 0 0.993227 votes=3
378.87 71.53 405.62 86.08 400.03 96.36 373.28 81.81 vehicle 0 0.988532 votes=3
466.39 124.76 515.82 143.60 509.88 159.17 460.45 140.32 vehicle 0 0.969536 votes=3
740.01 247.24 756.96 209.82 769.28 215.40 752.34 252.82 vehicle 0 0.671946 votes=2
