39.77 641.62 40.76 581.86 59.49 582.17 58.50 641.93 ship 0 0.999165 votes=3
395.46 604.96 395.64 655.14 381.71 655.19 381.52 605.01 ship 0 0.999113 votes=3
628.83 672.10 629.29 621.19 643.85 621.33 643.39 672.23 ship 0 0.999069 votes=3
649.81 672.08 651.71 622.89 667.51 623.50 665.61 672.69 ship 0 0.999030 votes=3
148.06 578.10 148.66 533.69 162.20 533.87 161.60 578.28 ship 0 0.998765 votes=3
541.59 604.19 541.95 560.22 555.75 560.33 555.38 604.30 ship 0 0.998743 votes=3
684.74 495.90 684.94 452.49 698.85 452.55 698.65 495.96 ship 0 0.998517 votes=3
91.82 647.48 94.02 585.71 111.89 586.35 109.69 648.11 ship 0 0.998442 votes=3
338.26 649.81 339.93 601.52 353.97 602.01 352.30 650.30 ship 0 0.998422 votes=3
562.92 603.97 563.29 563.70 577.03 563.83 576.66 604.10 ship 0 0.998402 votes=3
694.79 303.46 694.90 336.04 684.34 336.08 684.23 303.49 ship 0 0.998309 votes=3
603.45 608.20 604.01 564.94 618.82 565.13 618.26 608.39 ship 0 0.998302 votes=3
132.33 587.41 132.39 649.37 116.54 649.39 116.47 587.43 ship 0 0.998290 votes=3
477.30 437.51 477.45 475.51 463.77 475.57 463.62 437.56 ship 0 0.998266 votes=3
358.90 650.87 359.26 601.42 376.20 601.55 375.83 650.99 ship 0 0.998165 votes=3
503.31 598.64 503.48 559.35 516.59 559.41 516.42 598.70 ship 0 0.998089 votes=3
457.73 436.53 457.84 474.90 445.08 474.94 444.97 436.56 ship 0 0.998039 votes=3
521.71 601.65 521.93 559.77 536.01 559.85 535.79 601.72 ship 0 0.998006 votes=3
523.43 662.03 527.11 612.96 542.48 614.12 538.80 663.19 ship 0 0.997979 votes=3
108.47 572.61 108.83 532.81 122.30 532.93 121.95 572.73 ship 0 0.997977 votes=3
189.80 580.25 189.91 537.24 203.35 537.28 203.24 580.28 ship 0 0.997943 votes=3
485.12 660.81 485.15 611.24 500.27 611.25 500.24 660.82 ship 0 0.997914 votes=3
232.44 411.50 232.58 378.46 242.82 378.51 242.68 411.55 ship 0 0.997905 votes=3
208.58 644.01 209.90 594.06 224.80 594.46 223.47 644.41 ship 0 0.997862 votes=3
171.26 302.06 171.31 269.81 182.50 269.83 182.45 302.08 ship 0 0.997855 votes=3
578.20 329.17 578.48 297.30 590.46 297.40 590.19 329.27 ship 0 0.997821 votes=3
400.57 473.98 402.19 433.93 416.05 434.49 414.43 474.54 ship 0 0.997809 votes=3
55.66 401.79 55.91 366.61 68.39 366.70 68.14 401.87 ship 0 0.997769 votes=3
180.07 376.88 180.18 407.35 168.90 407.39 168.78 376.92 ship 0 0.997764 votes=3
594.15 435.95 595.04 400.26 607.66 400.57 606.76 436.27 ship 0 0.997732 votes=3
623.48 400.22 623.50 437.93 612.00 437.94 611.98 400.23 ship 0 0.997732 votes=3
216.13 410.24 216.16 378.72 227.66 378.73 227.63 410.25 ship 0 0.997705 votes=3
462.84 659.47 464.51 611.01 479.99 611.55 478.32 660.01 ship 0 0.997684 votes=3
444.39 190.13 444.63 156.95 457.09 157.04 456.85 190.22 ship 0 0.997680 votes=3
301.39 586.20 302.08 546.11 315.77 546.35 315.08 586.44 ship 0 0.997669 votes=3
692.73 441.84 692.89 404.03 705.89 404.09 705.74 441.89 ship 0 0.997630 votes=3
480.36 599.05 480.61 559.70 493.74 559.79 493.49 599.14 ship 0 0.997611 votes=3
362.40 430.41 362.40 466.32 350.43 466.32 350.42 430.41 ship 0 0.997599 votes=3
574.50 482.35 575.60 446.65 587.44 447.02 586.35 482.71 ship 0 0.997518 votes=3
188.20 299.48 188.27 269.42 199.84 269.44 199.77 299.50 ship 0 0.997517 votes=3
304.88 276.99 305.23 308.49 293.33 308.62 292.98 277.12 ship 0 0.997513 votes=3
643.64 439.21 644.13 403.14 656.02 403.30 655.54 439.37 ship 0 0.997506 votes=3
639.46 400.74 639.52 438.96 627.44 438.98 627.38 400.75 ship 0 0.997469 votes=3
241.46 539.93 241.50 580.78 228.03 580.79 227.98 539.94 ship 0 0.997457 votes=3
555.74 481.10 556.52 445.04 569.01 445.31 568.22 481.37 ship 0 0.997439 votes=3
517.96 478.63 520.65 442.22 532.97 443.13 530.28 479.54 ship 0 0.997416 votes=3
550.88 444.92 551.00 480.70 538.45 480.74 538.33 444.97 ship 0 0.997379 votes=3
709.45 444.71 709.98 406.98 722.04 407.15 721.51 444.88 ship 0 0.997368 votes=3
743.69 447.25 746.02 410.90 758.61 411.70 756.29 448.06 ship 0 0.997346 votes=3
660.05 439.97 660.46 402.74 673.00 402.88 672.59 440.11 ship 0 0.997315 votes=3
127.74 574.72 127.87 535.47 141.23 535.51 141.10 574.77 ship 0 0.997297 votes=3
311.39 417.63 311.70 386.04 323.49 386.16 323.17 417.75 ship 0 0.997284 votes=3
207.63 261.59 207.66 231.64 218.38 231.65 218.35 261.60 ship 0 0.997280 votes=3
667.20 489.35 668.22 452.88 680.64 453.23 679.62 489.70 ship 0 0.997241 votes=3
468.94 289.79 469.02 323.15 456.84 323.18 456.77 289.82 ship 0 0.997218 votes=3
342.53 182.48 342.69 149.10 354.71 149.16 354.56 182.53 ship 0 0.997193 votes=3
716.82 339.41 718.51 307.20 730.01 307.80 728.33 340.01 ship 0 0.997134 votes=3
184.33 408.62 184.41 376.55 196.38 376.58 196.30 408.65 ship 0 0.997097 votes=3
700.21 335.75 700.31 305.54 710.70 305.57 710.60 335.79 ship 0 0.996979 votes=3
578.52 434.06 579.41 397.92 590.85 398.21 589.95 434.34 ship 0 0.996904 votes=3
540.77 395.91 540.93 431.52 527.53 431.59 527.36 395.97 ship 0 0.996780 votes=3
605.88 447.08 605.93 484.40 593.35 484.42 593.31 447.10 ship 0 0.996778 votes=3
132.35 372.62 132.44 404.71 120.78 404.75 120.68 372.65 ship 0 0.996728 votes=3
578.20 354.94 603.50 355.04 603.46 365.13 578.16 365.03 ship 0 0.996720 votes=3
437.09 319.58 437.57 288.04 449.60 288.23 449.12 319.76 ship 0 0.996719 votes=3
681.17 209.00 681.67 173.45 694.23 173.62 693.73 209.18 ship 0 0.996702 votes=3
505.08 159.73 505.24 192.18 492.48 192.24 492.32 159.79 ship 0 0.996698 votes=3
284.29 584.78 286.38 552.77 297.65 553.51 295.57 585.51 ship 0 0.996669 votes=3
263.64 413.36 263.74 381.96 274.55 381.99 274.45 413.40 ship 0 0.996660 votes=3
676.22 441.88 676.90 402.98 689.39 403.20 688.70 442.10 ship 0 0.996657 votes=3
539.73 197.49 540.30 164.66 551.82 164.86 551.25 197.69 ship 0 0.996532 votes=3
630.96 333.16 631.69 301.19 643.05 301.45 642.32 333.42 ship 0 0.996516 votes=3
294.86 415.84 295.01 382.29 306.87 382.34 306.72 415.90 ship 0 0.996503 votes=3
192.27 260.59 192.40 231.51 203.12 231.56 202.99 260.63 ship 0 0.996498 votes=3
613.22 332.16 613.43 301.32 625.04 301.40 624.83 332.24 ship 0 0.996488 votes=3
453.70 555.51 453.75 596.45 439.40 596.46 439.36 555.52 ship 0 0.996312 votes=3
608.55 487.04 612.18 448.13 623.75 449.21 620.13 488.11 ship 0 0.996303 votes=3
742.96 299.69 743.45 270.31 754.25 270.49 753.76 299.87 ship 0 0.996290 votes=3
384.36 464.13 384.60 432.61 395.96 432.69 395.72 464.22 ship 0 0.996247 votes=3
565.64 661.77 568.20 622.18 580.90 623.00 578.34 662.59 ship 0 0.996189 votes=3
184.87 640.84 187.28 593.93 202.49 594.71 200.09 641.62 ship 0 0.996178 votes=3
379.01 431.36 379.02 463.22 368.36 463.22 368.35 431.36 ship 0 0.996176 votes=3
426.53 477.20 427.32 438.96 441.01 439.25 440.21 477.49 ship 0 0.996160 votes=3
244.88 454.43 246.51 422.06 258.14 422.64 256.50 455.02 ship 0 0.996090 votes=3
634.98 204.67 635.84 171.53 646.39 171.80 645.53 204.94 ship 0 0.995873 votes=3
260.89 234.60 260.95 264.50 250.25 264.53 250.19 234.62 ship 0 0.995872 votes=3
290.64 383.43 290.72 414.08 280.12 414.11 280.04 383.46 ship 0 0.995847 votes=3
279.32 267.10 279.36 238.61 289.22 238.62 289.18 267.11 ship 0 0.995836 votes=3
607.74 301.32 607.77 331.68 597.16 331.69 597.13 301.33 ship 0 0.995807 votes=3
670.93 294.35 671.64 266.63 681.97 266.89 681.26 294.62 ship 0 0.995802 votes=3
733.93 346.36 734.30 309.77 746.16 309.89 745.79 346.48 ship 0 0.995761 votes=3
240.24 302.71 241.12 273.33 252.39 273.66 251.51 303.05 ship 0 0.995744 votes=3
137.33 404.40 137.37 374.13 148.21 374.15 148.17 404.41 ship 0 0.995692 votes=3
649.29 486.97 649.79 451.14 661.55 451.30 661.05 487.13 ship 0 0.995685 votes=3
500.32 476.53 503.66 441.92 514.97 443.01 511.63 477.63 ship 0 0.995659 votes=3
169.38 578.78 169.47 536.46 183.37 536.49 183.28 578.81 ship 0 0.995623 votes=3
86.69 573.87 89.06 530.06 103.11 530.82 100.75 574.63 ship 0 0.995591 votes=3
276.22 307.42 276.53 277.88 287.42 277.99 287.11 307.54 ship 0 0.995591 votes=3
475.99 188.00 476.39 158.80 486.65 158.94 486.24 188.14 ship 0 0.995565 votes=3
264.85 583.61 265.71 544.58 279.90 544.89 279.03 583.92 ship 0 0.995516 votes=3
558.87 326.81 560.26 295.92 571.96 296.45 570.57 327.33 ship 0 0.995504 votes=3
358.51 420.68 360.23 391.08 371.63 391.75 369.91 421.34 ship 0 0.995427 votes=3
326.85 180.31 328.40 148.20 339.61 148.74 338.07 180.85 ship 0 0.995343 votes=3
600.06 288.84 600.14 261.67 609.98 261.70 609.90 288.87 ship 0 0.995333 votes=3
666.46 615.25 666.89 570.58 682.22 570.73 681.79 615.40 ship 0 0.995330 votes=3
165.01 258.53 165.09 231.99 173.96 232.01 173.89 258.56 ship 0 0.995182 votes=3
137.77 166.25 138.73 134.15 149.72 134.48 148.76 166.58 ship 0 0.995180 votes=3
196.01 137.85 196.06 169.08 185.18 169.10 185.13 137.87 ship 0 0.995166 votes=3
322.33 588.48 323.09 547.82 334.22 548.03 333.46 588.69 ship 0 0.995147 votes=3
72.60 398.53 73.30 365.66 84.41 365.89 83.72 398.77 ship 0 0.995103 votes=3
222.99 534.98 223.03 580.87 209.25 580.88 209.21 534.99 ship 0 0.995090 votes=3
247.68 412.53 247.92 382.41 258.01 382.49 257.77 412.61 ship 0 0.994923 votes=3
150.56 257.61 150.60 228.48 161.37 228.49 161.32 257.63 ship 0 0.994893 votes=3
221.93 308.06 223.67 272.05 235.53 272.62 233.79 308.63 ship 0 0.994882 votes=3
684.65 295.35 686.24 267.20 696.36 267.78 694.77 295.92 ship 0 0.994821 votes=3
698.89 295.79 701.07 267.40 711.14 268.17 708.96 296.56 ship 0 0.994776 votes=3
459.15 597.94 460.41 554.68 473.66 555.07 472.40 598.32 ship 0 0.994732 votes=3
102.69 298.62 103.50 264.18 114.58 264.44 113.77 298.88 ship 0 0.994714 votes=3
472.66 157.41 472.77 189.31 461.07 189.36 460.96 157.45 ship 0 0.994670 votes=3
270.25 274.38 270.49 306.97 257.82 307.07 257.57 274.48 ship 0 0.994662 votes=3
295.34 178.98 295.50 147.04 306.65 147.09 306.49 179.04 ship 0 0.994557 votes=3
310.33 179.80 310.92 147.69 321.95 147.89 321.36 180.00 ship 0 0.994505 votes=3
641.72 292.14 642.24 262.90 653.46 263.10 652.94 292.34 ship 0 0.994467 votes=3
168.44 168.63 169.96 137.96 180.80 138.50 179.28 169.17 ship 0 0.994299 votes=3
554.54 197.91 556.97 164.17 568.16 164.98 565.74 198.71 ship 0 0.994270 votes=3
131.43 226.18 131.94 256.26 121.38 256.44 120.87 226.36 ship 0 0.994261 votes=3
704.30 493.81 704.60 455.01 716.85 455.10 716.55 493.90 ship 0 0.994092 votes=3
106.47 165.06 106.64 134.11 117.31 134.16 117.13 165.12 ship 0 0.994033 votes=3
570.57 197.26 572.03 165.21 582.40 165.68 580.93 197.73 ship 0 0.993967 votes=3
725.55 445.95 726.61 410.63 739.27 411.02 738.21 446.33 ship 0 0.993865 votes=3
326.70 309.19 328.10 278.12 340.09 278.66 338.69 309.73 ship 0 0.993863 votes=3
649.82 333.67 649.94 303.33 661.05 303.38 660.94 333.71 ship 0 0.993858 votes=3
460.30 427.67 460.57 391.93 473.58 392.03 473.31 427.77 ship 0 0.993831 votes=3
543.13 284.59 543.96 260.31 553.58 260.64 552.75 284.92 ship 0 0.993649 votes=3
89.92 401.38 91.15 369.63 102.25 370.06 101.03 401.81 ship 0 0.993563 votes=3
328.08 417.36 328.34 388.77 338.51 388.87 338.26 417.45 ship 0 0.993384 votes=3
506.94 393.67 507.06 430.01 493.54 430.05 493.42 393.71 ship 0 0.993369 votes=3
523.27 195.36 524.52 162.83 536.32 163.29 535.06 195.81 ship 0 0.993367 votes=3
486.73 291.59 486.78 324.16 474.63 324.18 474.58 291.61 ship 0 0.993261 votes=3
666.48 149.94 699.69 151.66 698.94 166.05 665.73 164.33 ship 0 0.993238 votes=3
508.32 324.11 508.42 292.03 519.09 292.07 518.99 324.14 ship 0 0.993104 votes=3
624.13 607.13 624.52 567.20 638.14 567.33 637.76 607.26 ship 0 0.992959 votes=3
617.93 200.23 619.83 169.16 631.26 169.86 629.36 200.93 ship 0 0.992948 votes=3
404.28 276.31 404.36 245.44 414.11 245.47 414.04 276.33 ship 0 0.992910 votes=3
154.51 297.01 155.72 267.89 165.66 268.30 164.45 297.42 ship 0 0.992848 votes=3
292.67 265.36 293.06 236.50 303.09 236.64 302.70 265.49 ship 0 0.992764 votes=3
628.29 494.15 628.32 449.93 643.15 449.94 643.12 494.16 ship 0 0.992702 votes=3
763.68 309.60 763.88 340.31 752.06 340.38 751.87 309.68 ship 0 0.992379 votes=3
502.41 292.90 503.67 322.22 493.60 322.66 492.34 293.33 ship 0 0.992335 votes=3
52.05 162.85 52.92 122.25 67.57 122.56 66.71 163.17 ship 0 0.992290 votes=3
205.29 418.76 205.32 451.19 193.84 451.20 193.81 418.77 ship 0 0.992208 votes=3
376.83 272.71 377.02 245.55 385.69 245.61 385.50 272.77 ship 0 0.992166 votes=3
297.16 462.88 298.40 425.53 310.61 425.94 309.37 463.28 ship 0 0.992034 votes=3
764.26 449.87 765.51 415.25 777.04 415.67 775.78 450.28 ship 0 0.991964 votes=3
178.61 259.25 178.69 230.39 188.98 230.42 188.90 259.28 ship 0 0.991892 votes=3
586.14 671.28 586.98 618.58 603.21 618.84 602.38 671.53 ship 0 0.991863 votes=3
333.75 457.42 333.81 428.99 344.03 429.02 343.96 457.45 ship 0 0.991816 votes=3
263.45 176.59 263.88 144.25 276.95 144.43 276.51 176.77 ship 0 0.991716 votes=3
560.35 433.43 564.46 400.49 575.57 401.88 571.46 434.82 ship 0 0.991602 votes=3
513.45 283.68 513.73 256.30 524.28 256.40 524.00 283.78 ship 0 0.991460 votes=3
6.01 634.22 7.67 569.64 34.43 570.33 32.78 634.90 ship 0 0.991334 votes=3
420.82 192.35 425.13 156.25 435.64 157.51 431.33 193.61 ship 0 0.991013 votes=3
454.47 275.74 455.74 250.42 465.82 250.92 464.55 276.25 ship 0 0.990971 votes=3
656.83 291.78 657.45 267.06 666.59 267.29 665.98 292.00 ship 0 0.990933 votes=3
175.22 452.09 176.28 416.28 188.30 416.64 187.24 452.44 ship 0 0.990659 votes=3
710.37 173.72 710.73 209.23 698.45 209.35 698.09 173.85 ship 0 0.990114 votes=3
307.16 268.86 307.96 240.91 318.44 241.21 317.64 269.16 ship 0 0.989900 votes=3
741.54 498.19 741.83 458.58 755.40 458.68 755.12 498.29 ship 0 0.989157 votes=3
720.57 495.43 721.35 456.09 736.03 456.38 735.25 495.72 ship 0 0.989122 votes=3
25.02 565.92 25.67 529.11 37.43 529.32 36.78 566.12 ship 0 0.989070 votes=3
390.86 182.98 391.81 153.39 402.61 153.74 401.66 183.33 ship 0 0.988884 votes=3
586.13 197.07 589.09 166.37 599.71 167.40 596.74 198.10 ship 0 0.988642 votes=3
713.51 296.03 714.75 271.23 723.48 271.66 722.24 296.47 ship 0 0.988482 votes=3
264.21 266.14 264.52 236.18 274.77 236.29 274.46 266.25 ship 0 0.988363 votes=3
405.76 423.50 406.04 392.62 417.19 392.72 416.91 423.60 ship 0 0.988306 votes=3
142.23 643.43 142.47 590.86 156.46 590.92 156.22 643.50 ship 0 0.988171 votes=3
729.00 298.02 729.23 273.07 738.40 273.15 738.17 298.10 ship 0 0.988151 votes=3
149.56 265.39 149.60 294.75 140.33 294.76 140.29 265.41 ship 0 0.988048 votes=3
389.93 274.51 389.99 245.46 400.14 245.48 400.08 274.53 ship 0 0.987908 votes=3
344.96 311.14 345.98 279.77 356.83 280.12 355.81 311.50 ship 0 0.987770 votes=3
484.58 475.84 484.94 440.14 497.08 440.26 496.72 475.96 ship 0 0.987244 votes=3
296.44 643.83 296.57 600.32 309.98 600.36 309.85 643.86 ship 0 0.987231 votes=3
134.80 415.87 135.00 444.31 126.03 444.37 125.84 415.93 ship 0 0.986320 votes=3
414.22 313.85 417.01 285.56 426.15 286.47 423.36 314.75 ship 0 0.986235 votes=3
545.01 432.89 548.03 395.50 560.74 396.53 557.71 433.92 ship 0 0.985884 votes=3
712.55 572.66 713.17 615.55 694.80 615.81 694.18 572.93 ship 0 0.984762 votes=3
583.23 605.89 583.24 564.82 595.99 564.82 595.98 605.89 ship 0 0.984439 votes=3
227.30 453.50 227.62 421.07 240.28 421.19 239.96 453.62 ship 0 0.983991 votes=3
757.55 300.16 758.67 274.92 767.48 275.31 766.35 300.55 ship 0 0.983530 votes=3
438.04 608.48 438.34 659.63 424.41 659.72 424.10 608.56 ship 0 0.983048 votes=3
321.48 278.28 321.93 312.47 310.16 312.63 309.71 278.44 ship 0 0.982845 votes=3
418.63 274.33 419.02 250.15 428.33 250.30 427.94 274.48 ship 0 0.981321 votes=3
82.04 295.16 86.08 261.63 96.88 262.93 92.85 296.47 ship 0 0.981319 votes=3
542.16 671.00 547.26 615.53 560.29 616.72 555.20 672.20 ship 0 0.980365 votes=3
772.89 341.95 774.06 307.13 790.06 307.67 788.89 342.49 ship 0 0.980266 votes=3
394.09 589.34 395.27 544.55 407.92 544.88 406.74 589.67 ship 0 0.974430 votes=3
58.00 227.87 58.01 288.07 40.99 288.08 40.97 227.88 ship 0 0.973290 votes=3
87.36 166.30 87.97 131.75 101.06 131.98 100.45 166.53 ship 0 0.960590 votes=3
57.31 531.67 57.46 569.89 45.89 569.93 45.74 531.71 ship 0 0.960527 votes=3
33.52 532.56 701.75 565.40 696.43 673.46 28.21 640.62 harbor 0 0.959362 votes=3
276.50 635.06 278.03 601.71 289.25 602.23 287.72 635.58 ship 0 0.957635 votes=3
140.48 452.12 141.51 415.64 153.64 415.98 152.61 452.46 ship 0 0.955456 votes=3
64.68 567.66 67.73 535.11 83.35 536.58 80.31 569.12 ship 0 0.955267 votes=3
762.45 500.98 762.63 459.59 786.62 459.69 786.44 501.08 ship 0 0.951637 votes=3
439.20 273.89 439.75 250.65 448.89 250.87 448.34 274.10 ship 0 0.943435 votes=3
354.62 588.72 363.80 548.18 377.27 551.23 368.10 591.77 ship 0 0.936418 votes=3
53.56 446.54 54.34 409.07 66.51 409.33 65.72 446.80 ship 0 0.884483 votes=3
97.28 452.56 98.35 416.31 111.08 416.68 110.02 452.93 ship 0 0.874716 votes=2
428.82 420.17 430.45 385.79 451.81 386.80 450.18 421.18 ship 0 0.852904 votes=3
51.08 219.17 812.68 276.88 807.39 346.66 45.79 288.95 harbor 0 0.851603 votes=3
55.95 369.32 514.73 395.80 510.31 472.33 51.53 445.85 harbor 0 0.848591 votes=3
61.52 114.06 732.57 157.39 729.33 207.63 58.28 164.30 harbor 0 0.800244 votes=3
570.68 136.96 605.11 137.03 605.06 158.02 570.64 157.94 ship 0 0.772212 votes=2
94.86 102.52 126.40 103.42 125.76 125.70 94.22 124.80 ship 0 0.659753 votes=2
