634.18 314.94 637.63 490.15 556.19 491.75 552.73 316.54 tenniscourt 0 0.999692 votes=3
194.37 247.63 196.15 282.20 181.81 282.93 180.04 248.37 vehicle 0 0.999679 votes=3
291.57 350.89 294.85 525.33 212.84 526.87 209.56 352.43 tenniscourt 0 0.999675 votes=3
528.82 317.08 531.86 491.70 450.02 493.12 446.98 318.50 tenniscourt 0 0.999670 votes=3
424.49 319.20 426.44 494.04 344.95 494.95 343.01 320.11 tenniscourt 0 0.999663 votes=3
186.06 352.64 187.49 527.85 105.39 528.52 103.95 353.31 tenniscourt 0 0.999653 votes=3
358.13 65.56 364.57 97.54 352.07 100.05 345.64 68.08 vehicle 0 0.999425 votes=3
464.03 226.72 465.26 264.45 450.55 264.93 449.32 227.20 vehicle 0 0.999317 votes=3
210.36 244.70 213.56 282.25 200.65 283.35 197.45 245.80 vehicle 0 0.999265 votes=3
750.46 731.38 782.21 750.12 775.19 762.01 743.44 743.26 vehicle 0 0.999184 votes=3
121.06 282.63 122.20 247.26 135.20 247.68 134.06 283.05 vehicle 0 0.999025 votes=3
140.00 282.38 140.28 250.23 153.02 250.34 152.74 282.48 vehicle 0 0.998832 votes=3
294.63 139.56 295.23 173.86 282.09 174.09 281.48 139.79 vehicle 0 0.998421 votes=3
331.54 139.90 334.51 167.14 322.36 168.47 319.39 141.22 vehicle 0 0.998062 votes=3
383.96 229.55 383.98 267.06 368.56 267.06 368.55 229.56 vehicle 0 0.998055 votes=3
273.47 140.76 274.11 172.37 261.80 172.62 261.15 141.01 vehicle 0 0.997804 votes=3
193.76 45.87 222.69 42.14 224.37 55.23 195.44 58.96 vehicle 0 0.991440 votes=3
49.44 290.51 63.55 258.25 77.40 264.32 63.29 296.57 vehicle 0 0.991217 votes=3
107.07 135.27 117.38 100.95 131.58 105.22 121.27 139.54 vehicle 0 0.918625 votes=3
305.56 -7.18 320.86 11.13 311.14 19.26 295.83 0.95 vehicle 0 0.858164 votes=3
