408.57 367.62 480.74 368.33 480.53 390.36 408.35 389.64 ship 0 0.999682 votes=3
675.10 401.53 755.32 397.33 756.73 424.33 676.51 428.53 ship 0 0.999678 votes=3
668.79 685.20 736.01 680.32 737.71 703.68 670.49 708.57 ship 0 0.999670 votes=3
577.22 613.56 646.59 614.42 646.28 639.54 576.90 638.68 ship 0 0.999666 votes=3
580.25 226.19 645.62 224.93 646.03 246.51 580.66 247.77 ship 0 0.999594 votes=3
407.49 398.55 475.89 400.20 475.33 423.76 406.92 422.11 ship 0 0.999584 votes=3
675.87 542.96 748.69 542.62 748.80 566.63 675.98 566.96 ship 0 0.999582 votes=3
581.33 262.19 644.37 262.43 644.29 283.06 581.25 282.83 ship 0 0.999581 votes=3
679.28 294.32 747.65 294.72 747.51 318.42 679.14 318.02 ship 0 0.999580 votes=3
579.47 367.67 647.68 368.06 647.55 390.23 579.35 389.84 ship 0 0.999572 votes=3
677.23 434.44 751.11 434.74 751.00 461.66 677.13 461.36 ship 0 0.999557 votes=3
678.72 259.97 744.00 259.90 744.02 281.81 678.74 281.88 ship 0 0.999551 votes=3
183.57 612.03 232.56 609.64 233.39 626.68 184.40 629.08 ship 0 0.999541 votes=3
410.50 437.09 473.46 439.11 472.72 461.90 409.77 459.88 ship 0 0.999521 votes=3
407.81 615.83 479.55 610.40 481.27 633.17 409.53 638.60 ship 0 0.999518 votes=3
574.85 438.37 644.02 438.67 643.91 463.33 574.74 463.02 ship 0 0.999504 votes=3
179.64 753.56 230.45 753.67 230.41 771.21 179.60 771.09 ship 0 0.999472 votes=3
676.57 472.02 752.89 470.51 753.44 498.39 677.12 499.90 ship 0 0.999428 votes=3
418.19 581.01 476.33 583.37 475.56 602.47 417.42 600.12 ship 0 0.999417 votes=3
571.16 683.19 636.10 682.28 636.41 703.96 571.46 704.87 ship 0 0.999389 votes=3
670.96 719.25 731.13 717.54 731.64 735.29 671.46 737.01 ship 0 0.999378 votes=3
671.79 646.54 743.73 645.53 744.08 670.12 672.13 671.13 ship 0 0.999360 votes=3
324.54 650.72 378.16 651.01 378.06 669.53 324.44 669.24 ship 0 0.999316 votes=3
323.73 682.40 377.55 680.02 378.31 697.26 324.49 699.63 ship 0 0.999299 votes=3
414.09 649.32 479.89 649.98 479.67 672.23 413.86 671.56 ship 0 0.999287 votes=3
682.21 332.37 748.12 329.95 748.95 352.25 683.03 354.68 ship 0 0.999284 votes=3
416.70 471.55 475.14 471.55 475.14 490.66 416.70 490.66 ship 0 0.999214 votes=3
411.75 682.19 474.81 681.77 474.94 702.02 411.88 702.44 ship 0 0.999209 votes=3
327.59 510.94 378.51 511.39 378.35 529.63 327.43 529.18 ship 0 0.999191 votes=3
409.03 329.61 468.51 329.82 468.44 351.76 408.95 351.56 ship 0 0.999135 votes=3
582.05 402.00 642.53 401.63 642.66 421.71 582.18 422.09 ship 0 0.999131 votes=3
322.31 401.28 377.38 401.51 377.30 420.45 322.23 420.22 ship 0 0.999079 votes=3
579.98 513.50 638.58 513.78 638.49 532.36 579.89 532.07 ship 0 0.999039 votes=3
328.05 760.14 381.66 759.99 381.72 778.94 328.11 779.09 ship 0 0.999034 votes=3
409.10 722.48 468.96 724.17 468.43 742.93 408.58 741.25 ship 0 0.999033 votes=3
103.58 676.97 143.20 676.17 143.54 692.96 103.92 693.76 ship 0 0.999014 votes=3
412.99 507.22 479.33 508.10 479.03 530.79 412.69 529.90 ship 0 0.998996 votes=3
671.95 164.59 756.65 168.01 755.51 196.29 670.81 192.87 ship 0 0.998883 votes=3
323.31 471.58 377.25 473.00 376.78 490.97 322.84 489.54 ship 0 0.998864 votes=3
325.42 443.00 382.86 443.94 382.56 462.19 325.12 461.25 ship 0 0.998846 votes=3
99.77 728.75 139.54 728.42 139.68 745.22 99.91 745.55 ship 0 0.998815 votes=3
313.89 724.07 370.57 724.22 370.52 741.57 313.85 741.42 ship 0 0.998806 votes=3
680.35 615.88 742.70 618.51 741.70 642.15 679.35 639.52 ship 0 0.998603 votes=3
328.96 541.06 382.67 541.89 382.37 561.56 328.66 560.73 ship 0 0.998544 votes=3
182.20 653.26 237.26 654.96 236.69 673.57 181.63 671.87 ship 0 0.998485 votes=3
181.49 726.88 230.68 727.30 230.55 742.72 181.36 742.30 ship 0 0.998418 votes=3
322.38 611.47 375.14 612.04 374.95 629.63 322.19 629.06 ship 0 0.998120 votes=3
175.08 679.40 233.55 683.74 232.20 701.85 173.73 697.51 ship 0 0.998114 votes=3
581.81 332.15 639.27 331.78 639.39 350.59 581.93 350.97 ship 0 0.998091 votes=3
413.68 758.37 473.54 755.12 474.63 775.32 414.77 778.57 ship 0 0.997988 votes=3
106.63 707.67 142.00 708.39 141.72 722.29 106.34 721.57 ship 0 0.997186 votes=3
104.40 623.63 141.85 623.29 142.00 640.51 104.56 640.84 ship 0 0.994337 votes=3
584.20 297.35 645.44 299.50 644.71 320.34 583.47 318.20 ship 0 0.992559 votes=3
91.28 756.53 132.13 757.81 131.64 773.23 90.79 771.94 ship 0 0.988807 votes=3
579.05 780.73 579.31 131.25 759.19 131.33 758.93 780.80 harbor 0 0.987430 votes=3
96.54 776.21 97.46 531.45 234.44 531.96 233.52 776.72 harbor 0 0.984006 votes=3
324.27 781.14 327.54 323.64 478.22 324.72 474.96 782.22 harbor 0 0.960025 votes=3
