573.93 644.78 579.26 715.75 557.33 717.40 551.99 646.42 ship 0 0.999695 votes=3
188.67 239.47 252.35 234.92 253.88 256.25 190.19 260.80 ship 0 0.999649 votes=3
262.84 264.64 327.92 262.24 328.70 283.33 263.62 285.73 ship 0 0.999498 votes=3
601.94 662.50 602.29 713.16 583.88 713.29 583.53 662.62 ship 0 0.999472 votes=3
268.82 234.49 319.53 228.60 321.62 246.58 270.91 252.47 ship 0 0.999466 votes=3
402.15 459.48 432.84 512.49 416.41 522.00 385.73 468.99 ship 0 0.999417 votes=3
404.50 373.24 432.51 418.50 417.14 428.01 389.13 382.75 ship 0 0.999374 votes=3
358.55 408.46 388.36 450.37 373.99 460.58 344.19 418.67 ship 0 0.999353 votes=3
575.91 737.52 578.50 785.69 561.15 786.62 558.56 738.45 ship 0 0.999244 votes=3
269.36 162.64 310.63 162.30 310.76 177.60 269.49 177.94 ship 0 0.999200 votes=3
544.65 650.18 549.91 720.34 527.53 722.01 522.27 651.86 ship 0 0.999188 votes=3
436.01 339.20 465.79 392.07 449.69 401.14 419.91 348.27 ship 0 0.999161 votes=3
192.45 214.93 247.01 212.66 247.79 231.21 193.23 233.48 ship 0 0.999117 votes=3
266.48 209.06 314.16 204.90 315.65 221.95 267.96 226.10 ship 0 0.999095 votes=3
642.31 674.07 644.26 712.23 631.07 712.91 629.12 674.75 ship 0 0.999013 votes=3
380.08 383.45 413.55 430.25 397.96 441.40 364.49 394.60 ship 0 0.999013 votes=3
476.32 327.17 502.15 370.33 487.23 379.26 461.40 336.10 ship 0 0.998927 votes=3
423.64 445.43 460.73 503.19 443.37 514.34 406.28 456.57 ship 0 0.998726 votes=3
444.27 432.42 474.59 486.66 458.08 495.88 427.76 441.65 ship 0 0.998664 votes=3
480.37 410.47 503.22 450.10 490.60 457.38 467.75 417.74 ship 0 0.998149 votes=3
261.46 122.34 302.16 119.57 303.10 133.51 262.41 136.28 ship 0 0.997957 votes=3
497.14 323.75 518.29 360.51 505.37 367.95 484.21 331.18 ship 0 0.997805 votes=3
496.00 396.94 524.71 442.96 511.91 450.94 483.20 404.92 ship 0 0.997275 votes=3
193.11 275.54 257.05 273.13 258.37 308.35 194.44 310.76 ship 0 0.996804 votes=3
530.10 303.49 549.91 334.51 538.41 341.86 518.60 310.84 ship 0 0.996002 votes=3
209.82 170.69 244.05 168.29 245.08 182.99 210.85 185.39 ship 0 0.995569 votes=3
344.50 421.52 665.17 214.21 721.86 301.90 401.19 509.21 harbor 0 0.968759 votes=3
294.76 5.90 307.08 276.18 213.22 280.46 200.91 10.18 harbor 0 0.933891 votes=3
477.85 697.87 763.65 674.36 769.31 743.24 483.51 766.75 harbor 0 0.916061 votes=3
657.42 286.08 667.02 299.82 660.27 304.53 650.68 290.79 ship 0 0.911874 votes=3
670.45 724.38 687.39 726.27 686.38 735.35 669.44 733.46 ship 0 0.839812 votes=3
