228.05 422.18 669.63 412.90 673.80 611.07 232.22 620.35 Expressway-Service-area 0 0.999116 votes=3
202.86 149.11 653.99 139.67 658.24 342.71 207.11 352.14 Expressway-Service-area 0 0.997326 votes=3
476.40 267.33 506.27 265.73 506.60 271.83 476.73 273.44 vehicle 0 0.980114 votes=3
442.45 350.12 444.25 410.85 435.06 411.13 433.25 350.39 overpass 0 0.966595 votes=3
451.32 222.84 472.15 223.08 472.09 228.46 451.25 228.22 vehicle 0 0.957043 votes=3
533.27 487.16 550.37 477.10 553.29 482.07 536.19 492.13 vehicle 0 0.931735 votes=3
442.69 268.19 473.00 269.02 472.80 276.40 442.49 275.57 vehicle 0 0.886036 votes=3
370.34 271.36 397.93 271.37 397.93 279.63 370.34 279.62 vehicle 0 0.883707 votes=3
442.69 282.74 470.85 282.33 470.93 288.36 442.77 288.76 vehicle 0 0.851177 votes=3
486.99 278.52 515.88 278.62 515.85 284.67 486.97 284.56 vehicle 0 0.836484 votes=3
398.50 282.78 414.06 282.32 414.23 287.93 398.67 288.39 vehicle 0 0.673657 votes=2
