673.71 552.30 732.47 560.17 729.86 579.62 671.10 571.75 ship 0 0.999638 votes=3
522.71 560.25 581.02 521.67 592.84 539.53 534.53 578.12 ship 0 0.999450 votes=3
260.21 470.55 325.07 431.30 335.82 449.07 270.96 488.32 ship 0 0.999375 votes=3
311.31 556.28 352.12 534.66 360.47 550.43 319.66 572.04 ship 0 0.999312 votes=3
460.89 636.00 463.38 584.07 481.49 584.94 479.01 636.87 ship 0 0.999262 votes=3
622.45 607.55 622.78 640.35 610.52 640.47 610.18 607.67 ship 0 0.999190 votes=3
608.81 541.18 615.27 600.04 596.32 602.12 589.86 543.26 ship 0 0.999190 votes=3
233.72 542.45 281.40 532.40 284.86 548.81 237.18 558.86 ship 0 0.999185 votes=3
280.41 505.17 328.28 472.91 339.21 489.12 291.34 521.39 ship 0 0.999148 votes=3
453.87 480.23 497.73 488.26 495.20 502.11 451.33 494.08 ship 0 0.999077 votes=3
206.33 477.48 248.05 471.96 250.07 487.24 208.36 492.77 ship 0 0.999067 votes=3
419.98 513.98 457.20 516.26 456.36 529.91 419.15 527.64 ship 0 0.998970 votes=3
420.74 490.65 459.14 497.18 456.83 510.73 418.43 504.21 ship 0 0.998968 votes=3
635.45 645.24 636.00 588.18 656.83 588.38 656.28 645.44 ship 0 0.998957 votes=3
687.98 643.15 696.05 590.82 714.75 593.71 706.67 646.03 ship 0 0.998944 votes=3
211.26 707.77 236.40 677.44 247.82 686.91 222.68 717.24 ship 0 0.998916 votes=3
70.21 564.29 117.75 525.35 128.98 539.06 81.44 578.00 ship 0 0.998891 votes=3
124.29 614.09 156.33 585.15 167.66 597.69 135.61 626.63 ship 0 0.998890 votes=3
265.24 575.85 301.67 567.66 304.71 581.17 268.28 589.36 ship 0 0.998862 votes=3
35.69 630.93 82.50 595.70 93.33 610.09 46.52 645.32 ship 0 0.998808 votes=3
322.79 578.53 362.96 550.62 372.43 564.24 332.25 592.15 ship 0 0.998795 votes=3
297.61 524.62 346.21 492.09 355.70 506.27 307.10 538.79 ship 0 0.998780 votes=3
253.48 558.63 294.03 551.34 296.82 566.88 256.27 574.17 ship 0 0.998752 votes=3
342.72 608.55 379.20 588.47 386.86 602.39 350.38 622.46 ship 0 0.998693 votes=3
414.31 575.74 453.34 573.94 453.98 587.68 414.94 589.48 ship 0 0.998416 votes=3
332.13 593.14 368.80 572.67 375.98 585.52 339.31 606.00 ship 0 0.998274 votes=3
731.31 581.89 789.13 589.54 786.43 609.95 728.61 602.30 ship 0 0.997974 votes=3
174.24 770.66 211.82 729.56 225.54 742.10 187.96 783.21 ship 0 0.997912 votes=3
137.49 717.65 171.34 687.51 182.00 699.49 148.15 729.62 ship 0 0.997895 votes=3
406.67 551.65 455.32 552.37 455.07 569.66 406.42 568.94 ship 0 0.997856 votes=3
427.79 533.78 457.93 535.47 457.21 548.38 427.06 546.69 ship 0 0.997713 votes=3
274.52 592.31 311.07 583.79 314.09 596.74 277.54 605.26 ship 0 0.997655 votes=3
167.78 666.23 198.03 630.38 211.14 641.44 180.89 677.29 ship 0 0.997635 votes=3
726.00 604.49 768.62 612.52 765.64 628.30 723.02 620.27 ship 0 0.997361 votes=3
268.56 616.65 320.52 593.74 327.98 610.66 276.02 633.57 ship 0 0.997124 votes=3
197.00 785.83 226.50 748.24 241.03 759.64 211.53 797.23 ship 0 0.996836 votes=3
144.46 737.23 184.59 698.55 195.17 709.53 155.04 748.21 ship 0 0.996766 votes=3
241.17 732.14 274.32 694.00 288.93 706.70 255.77 744.84 ship 0 0.996378 votes=3
106.73 595.14 149.98 564.87 159.65 578.67 116.40 608.95 ship 0 0.996271 votes=3
103.76 685.63 136.88 655.53 148.14 667.92 115.02 698.02 ship 0 0.996187 votes=3
182.24 680.07 215.55 641.33 228.53 652.49 195.23 691.23 ship 0 0.995891 votes=3
17.41 609.85 62.39 568.12 75.29 582.03 30.31 623.75 ship 0 0.994941 votes=3
233.62 522.26 271.58 510.76 275.49 523.66 237.52 535.16 ship 0 0.994151 votes=3
189.86 453.98 244.55 441.77 248.65 460.15 193.96 472.36 ship 0 0.993708 votes=3
435.29 640.79 437.22 591.30 453.99 591.95 452.06 641.45 ship 0 0.993677 votes=3
467.61 570.58 469.27 507.15 487.54 507.62 485.89 571.05 ship 0 0.993081 votes=3
299.57 623.28 331.38 615.67 333.89 626.14 302.08 633.75 ship 0 0.992820 votes=3
112.95 706.52 155.02 664.80 168.07 677.96 126.00 719.67 ship 0 0.991566 votes=3
408.57 689.08 416.16 670.92 423.69 674.07 416.10 692.23 vehicle 0 0.983527 votes=3
361.81 669.08 372.35 689.67 363.94 693.97 353.41 673.37 vehicle 0 0.982226 votes=3
222.05 719.17 253.57 685.88 265.49 697.18 233.98 730.46 ship 0 0.982095 votes=3
645.40 786.08 647.54 762.13 657.41 763.01 655.26 786.96 vehicle 0 0.981021 votes=3
351.91 624.22 390.54 603.73 398.11 618.01 359.48 638.49 ship 0 0.976819 votes=3
255.23 440.35 310.45 402.36 321.03 417.74 265.80 455.73 ship 0 0.975816 votes=3
432.25 707.56 445.16 691.11 452.02 696.50 439.12 712.95 vehicle 0 0.973080 votes=3
403.38 639.65 448.87 647.79 446.13 663.08 400.64 654.94 ship 0 0.971172 votes=3
290.57 727.58 303.57 736.99 299.68 742.37 286.67 732.96 vehicle 0 0.967608 votes=3
326.07 689.25 338.61 705.11 332.05 710.29 319.51 694.43 vehicle 0 0.967535 votes=3
87.58 669.18 126.89 638.89 135.31 649.82 96.00 680.11 ship 0 0.963736 votes=3
293.97 426.40 411.27 640.93 325.10 688.05 207.79 473.52 harbor 0 0.952768 votes=3
172.71 744.67 200.17 715.28 210.16 724.61 182.71 754.01 ship 0 0.944035 votes=3
390.92 663.84 393.76 684.23 383.56 685.65 380.72 665.26 vehicle 0 0.922179 votes=3
99.31 540.04 299.80 720.51 225.02 803.58 24.53 623.11 harbor 0 0.898101 votes=3
267.06 757.19 280.31 767.30 275.84 773.15 262.59 763.04 vehicle 0 0.883810 votes=3
420.67 695.22 429.26 673.97 436.82 677.03 428.23 698.27 vehicle 0 0.879839 votes=3
156.49 640.04 185.53 615.61 196.14 628.22 167.10 652.65 ship 0 0.825254 votes=3
394.72 681.20 398.66 665.71 406.57 667.71 402.63 683.21 vehicle 0 0.807539 votes=3
248.22 771.56 266.07 777.03 263.10 786.73 245.25 781.26 vehicle 0 0.785946 votes=3
298.16 717.00 309.79 728.10 305.60 732.49 293.97 721.39 vehicle 0 0.766299 votes=3
407.71 663.13 419.81 498.64 490.41 503.83 478.31 668.32 harbor 0 0.723645 votes=2
743.95 749.21 744.13 696.15 758.36 696.20 758.18 749.25 ship 0 0.711375 votes=2
