222.59 362.45 308.62 363.58 307.79 427.18 221.75 426.05 storagetank 0 0.999444 votes=3
333.02 119.62 468.39 120.18 467.90 238.87 332.53 238.31 storagetank 0 0.998742 votes=3
322.13 318.89 474.69 319.38 474.21 468.33 321.65 467.84 storagetank 0 0.998476 votes=3
495.19 121.58 657.52 121.93 657.21 267.33 494.88 266.99 storagetank 0 0.998414 votes=3
83.09 584.75 291.81 585.37 291.24 779.70 82.51 779.09 storagetank 0 0.998218 votes=3
496.71 318.69 657.33 318.05 657.91 464.28 497.28 464.92 storagetank 0 0.998055 votes=3
58.04 325.72 211.29 326.92 210.17 471.29 56.91 470.10 storagetank 0 0.997758 votes=3
388.85 577.37 600.06 580.80 596.90 775.16 385.69 771.72 storagetank 0 0.997719 votes=3
65.42 208.54 120.93 209.06 120.44 261.20 64.92 260.68 storagetank 0 0.997162 votes=3
139.62 210.24 198.84 210.57 198.55 261.66 139.34 261.32 storagetank 0 0.995103 votes=3
221.27 209.45 278.34 211.21 276.72 263.85 219.65 262.09 storagetank 0 0.991645 votes=3
