229.90 707.30 239.16 461.89 446.59 469.72 437.32 715.13 chimney 0 0.999457 votes=3
558.05 209.85 560.71 474.65 350.63 476.76 347.97 211.95 chimney 0 0.999418 votes=3
117.60 322.07 119.19 282.27 155.25 283.71 153.66 323.51 storagetank 0 0.985198 votes=3
95.64 365.80 98.87 321.50 138.06 324.35 134.84 368.65 storagetank 0 0.981657 votes=3
133.41 274.81 133.94 248.88 158.82 249.38 158.30 275.32 storagetank 0 0.981357 votes=3
148.74 221.17 173.40 222.93 171.66 247.38 147.00 245.62 storagetank 0 0.979528 votes=3
163.15 284.85 164.08 264.40 183.61 265.28 182.69 285.74 storagetank 0 0.969174 votes=3
175.89 258.45 176.10 235.80 196.60 235.99 196.39 258.64 storagetank 0 0.961145 votes=3
187.39 232.64 188.14 207.30 211.06 207.99 210.31 233.33 storagetank 0 0.961142 votes=3
158.34 219.10 161.42 192.70 186.75 195.65 183.67 222.05 storagetank 0 0.955191 votes=3
