398.24 248.38 498.73 377.10 439.72 423.17 339.23 294.45 tenniscourt 0 0.999715 votes=3
532.98 423.45 632.88 551.16 573.16 597.87 473.26 470.16 tenniscourt 0 0.999711 votes=3
329.55 302.86 428.44 430.21 367.23 477.74 268.34 350.39 tenniscourt 0 0.999699 votes=3
544.46 133.46 643.97 265.58 583.32 311.25 483.82 179.13 tenniscourt 0 0.999685 votes=3
472.72 190.18 573.26 317.59 513.77 364.54 413.23 237.13 tenniscourt 0 0.999679 votes=3
607.65 365.29 707.79 492.22 648.66 538.87 548.52 411.93 tenniscourt 0 0.999670 votes=3
462.71 478.10 563.69 607.01 504.62 653.27 403.65 524.37 tenniscourt 0 0.999668 votes=3
678.73 309.95 777.69 438.03 717.89 484.23 618.94 356.15 tenniscourt 0 0.999665 votes=3
661.17 136.19 683.56 161.58 673.07 170.83 650.68 145.45 vehicle 0 0.998874 votes=3
759.73 262.80 776.53 286.02 766.52 293.27 749.72 270.04 vehicle 0 0.997524 votes=3
