677.95 706.05 710.97 629.96 752.89 648.15 719.87 724.24 groundtrackfield 0 0.998629 votes=3
590.07 338.95 605.24 253.00 654.17 261.64 639.00 347.58 groundtrackfield 0 0.998143 votes=3
137.05 594.74 148.11 516.16 191.26 522.23 180.20 600.81 groundtrackfield 0 0.995825 votes=3
314.04 502.21 389.72 527.99 383.13 547.35 307.44 521.57 bridge 0 0.995393 votes=3
599.79 530.22 624.30 519.20 633.00 538.56 608.49 549.57 bridge 0 0.994942 votes=3
343.81 157.83 396.26 178.33 390.62 192.75 338.17 172.26 bridge 0 0.991699 votes=3
566.92 121.74 597.74 91.59 609.44 103.56 578.62 133.70 bridge 0 0.976904 votes=3
656.96 750.72 679.30 738.91 688.37 756.07 666.02 767.88 bridge 0 0.974272 votes=3
161.86 218.17 173.12 201.01 179.16 204.97 167.90 222.13 bridge 0 0.947632 votes=3
129.16 766.73 174.62 773.30 172.27 789.60 126.81 783.02 bridge 0 0.930550 votes=3
531.40 413.81 538.07 445.38 523.49 448.46 516.83 416.89 bridge 0 0.909032 votes=2
272.18 786.12 328.24 793.39 327.40 799.89 271.34 792.62 bridge 0 0.900617 votes=3
497.29 337.05 507.90 395.70 480.70 400.63 470.08 341.97 groundtrackfield 0 0.836619 votes=3
531.35 414.25 537.80 445.41 523.25 448.42 516.80 417.26 bridge 0 0.784336 votes=2
