436.69 99.36 568.77 87.71 577.19 183.10 445.11 194.75 storagetank 0 0.998927 votes=3
682.97 76.40 762.90 73.22 765.09 128.13 685.15 131.31 storagetank 0 0.998616 votes=3
220.31 156.43 320.95 148.43 326.29 215.62 225.65 223.62 storagetank 0 0.998551 votes=3
29.80 173.29 115.08 169.48 117.73 228.99 32.46 232.79 storagetank 0 0.998531 votes=3
585.74 576.25 733.51 553.96 752.70 681.20 604.93 703.49 storagetank 0 0.998101 votes=3
518.35 281.96 662.18 254.18 684.84 371.50 541.01 399.28 storagetank 0 0.997773 votes=3
387.15 182.25 428.71 178.71 431.18 207.66 389.63 211.20 storagetank 0 0.996908 votes=3
523.56 398.72 561.28 395.39 563.72 423.01 526.00 426.33 storagetank 0 0.977420 votes=3
376.67 544.04 413.22 543.79 413.32 558.08 376.77 558.33 storagetank 0 0.920676 votes=3
320.59 460.54 344.37 455.85 347.29 470.64 323.51 475.34 storagetank 0 0.888021 votes=3
