374.88 415.84 421.51 384.17 431.99 399.60 385.36 431.27 ship 0 0.999448 votes=3
210.65 565.47 268.98 530.03 279.86 547.94 221.53 583.37 ship 0 0.999147 votes=3
193.10 539.47 250.35 508.86 260.31 527.47 203.05 558.08 ship 0 0.999078 votes=3
108.99 391.13 157.03 366.99 165.04 382.93 117.00 407.07 ship 0 0.999073 votes=3
328.82 457.85 365.37 436.40 372.39 448.36 335.84 469.82 ship 0 0.998826 votes=3
348.90 493.72 386.70 471.03 394.33 483.73 356.53 506.43 ship 0 0.998651 votes=3
362.13 509.61 400.39 487.23 408.60 501.27 370.34 523.64 ship 0 0.998637 votes=3
50.93 311.12 116.53 271.09 129.10 291.68 63.50 331.71 ship 0 0.998584 votes=3
415.03 483.67 459.90 458.49 467.11 471.34 422.25 496.52 ship 0 0.998435 votes=3
400.54 459.14 452.50 429.19 462.19 446.00 410.22 475.95 ship 0 0.998393 votes=3
263.55 205.84 288.61 248.26 273.74 257.04 248.69 214.62 ship 0 0.998343 votes=3
201.53 252.29 239.09 229.43 246.98 242.39 209.42 265.24 ship 0 0.998266 votes=3
236.01 302.29 272.36 282.99 279.95 297.28 243.60 316.58 ship 0 0.998209 votes=3
260.61 336.85 293.74 318.03 300.36 329.68 267.23 348.50 ship 0 0.998061 votes=3
331.86 732.92 445.11 665.10 460.53 690.85 347.28 758.67 ship 0 0.997538 votes=3
239.57 619.11 299.02 573.93 311.78 590.72 252.33 635.90 ship 0 0.997416 votes=3
184.96 230.17 225.08 205.02 233.11 217.83 193.00 242.98 ship 0 0.997338 votes=3
278.97 371.95 312.47 352.23 318.76 362.92 285.27 382.64 ship 0 0.997000 votes=3
607.59 474.05 650.20 548.71 626.28 562.36 583.67 487.70 ship 0 0.996878 votes=3
320.49 144.09 359.99 119.29 368.54 132.91 329.04 157.71 ship 0 0.996851 votes=3
543.04 74.78 589.62 167.05 577.67 173.09 531.09 80.81 vehicle 0 0.996667 votes=3
246.85 320.46 280.65 302.22 286.89 313.79 253.09 332.03 ship 0 0.996164 votes=3
366.20 393.76 402.79 367.56 411.59 379.87 375.01 406.06 ship 0 0.996007 votes=3
219.91 285.98 259.45 265.11 266.05 277.62 226.51 298.48 ship 0 0.995875 votes=3
79.34 352.88 105.41 338.88 110.58 348.51 84.52 362.51 ship 0 0.995197 votes=3
266.74 356.26 306.34 332.00 313.10 343.04 273.50 367.30 ship 0 0.994844 votes=3
442.21 524.66 494.03 494.34 502.96 509.59 451.14 539.92 ship 0 0.994437 votes=3
372.13 526.89 407.79 506.07 413.99 516.68 378.33 537.51 ship 0 0.993334 votes=3
501.87 284.63 545.02 354.73 524.83 367.16 481.68 297.06 ship 0 0.992508 votes=3
291.17 390.14 323.98 371.42 330.22 382.36 297.41 401.07 ship 0 0.992250 votes=3
618.53 456.39 630.37 477.69 622.39 482.13 610.55 460.82 ship 0 0.990021 votes=3
296.33 408.51 337.00 383.98 343.43 394.65 302.76 419.17 ship 0 0.983947 votes=3
586.53 393.00 601.91 422.48 590.84 428.25 575.46 398.77 ship 0 0.979720 votes=3
390.54 439.09 435.61 409.87 444.47 423.53 399.40 452.75 ship 0 0.979512 votes=3
308.47 273.97 329.68 311.19 313.79 320.25 292.58 283.03 ship 0 0.974842 votes=3
315.24 24.96 326.91 42.52 319.16 47.67 307.48 30.11 vehicle 0 0.967029 votes=3
113.42 662.65 124.17 639.35 135.21 644.44 124.45 667.75 vehicle 0 0.959647 votes=3
99.86 236.39 323.06 643.74 250.48 683.51 27.27 276.17 harbor 0 0.956468 votes=3
273.35 154.40 511.68 520.55 412.04 585.41 173.71 219.26 harbor 0 0.947878 votes=3
287.82 44.23 297.35 57.39 290.75 62.16 281.23 49.00 vehicle 0 0.942291 votes=3
358.33 -1.70 369.48 14.96 361.27 20.45 350.12 3.80 vehicle 0 0.912726 votes=3
96.05 365.54 103.23 384.47 95.16 387.53 87.98 368.60 ship 0 0.882879 votes=3
341.16 8.95 352.01 21.96 345.53 27.37 334.68 14.36 vehicle 0 0.853765 votes=3
209.76 589.65 225.15 609.37 217.18 615.58 201.80 595.87 ship 0 0.697413 votes=2
