245.21 651.66 329.01 646.70 333.74 726.59 249.94 731.55 storagetank 0 0.999418 votes=3
581.73 175.56 581.77 196.06 572.91 196.07 572.87 175.57 vehicle 0 0.998805 votes=3
635.32 520.81 638.82 428.07 651.88 428.56 648.38 521.30 vehicle 0 0.997878 votes=3
671.59 264.98 671.81 244.67 681.24 244.77 681.02 265.09 vehicle 0 0.996293 votes=3
593.80 195.95 593.97 173.20 603.74 173.27 603.57 196.02 vehicle 0 0.995826 votes=3
656.74 147.14 656.87 167.71 648.21 167.76 648.08 147.19 vehicle 0 0.994761 votes=3
513.88 244.60 513.97 223.75 522.80 223.79 522.71 244.63 vehicle 0 0.988090 votes=3
770.38 197.42 800.32 212.87 794.86 223.45 764.92 208.01 vehicle 0 0.986818 votes=3
539.06 305.50 570.30 305.12 570.44 316.76 539.20 317.14 vehicle 0 0.985941 votes=3
558.29 247.69 558.54 228.24 567.78 228.36 567.53 247.81 vehicle 0 0.985937 votes=3
741.32 135.35 752.85 152.77 746.02 157.28 734.50 139.87 vehicle 0 0.983421 votes=3
229.15 220.86 258.35 101.68 283.06 107.74 253.87 226.91 bridge 0 0.980985 votes=3
451.78 241.91 452.27 265.30 442.55 265.50 442.06 242.11 vehicle 0 0.968885 votes=3
745.06 72.15 758.51 60.93 763.57 67.01 750.13 78.22 vehicle 0 0.953898 votes=3
582.53 349.31 606.73 364.37 601.19 373.27 576.99 358.21 vehicle 0 0.864540 votes=3
623.00 545.46 624.54 404.43 691.69 405.16 690.15 546.20 overpass 0 0.676750 votes=2
