225.66 525.64 254.41 523.38 255.28 534.45 226.53 536.70 vehicle 0 0.999479 votes=3
636.16 573.78 726.75 228.13 788.57 244.33 697.97 589.98 overpass 0 0.996057 votes=3
63.92 74.14 82.66 43.47 92.59 49.53 73.85 80.20 vehicle 0 0.995863 votes=3
614.45 703.00 621.68 683.85 630.49 687.18 623.26 706.33 vehicle 0 0.994827 votes=3
185.75 162.40 210.34 153.48 213.75 162.89 189.16 171.80 vehicle 0 0.994208 votes=3
718.13 383.17 722.74 363.58 733.78 366.18 729.18 385.76 vehicle 0 0.989541 votes=3
13.12 621.17 161.94 376.98 204.09 402.66 55.26 646.85 overpass 0 0.987932 votes=3
86.89 273.98 108.18 264.83 112.42 274.71 91.13 283.85 vehicle 0 0.984012 votes=3
21.38 257.19 31.34 276.81 22.71 281.19 12.75 261.57 vehicle 0 0.980269 votes=3
562.74 703.74 583.11 704.02 582.98 712.94 562.61 712.66 vehicle 0 0.973125 votes=3
266.65 107.72 288.21 93.74 293.92 102.54 272.35 116.52 vehicle 0 0.958741 votes=3
135.19 190.67 150.47 213.41 140.96 219.79 125.69 197.05 vehicle 0 0.891787 votes=3
146.21 203.92 167.96 177.41 177.01 184.83 155.26 211.34 vehicle 0 0.875909 votes=3
543.28 717.82 565.80 724.32 563.14 733.54 540.62 727.05 vehicle 0 0.775095 votes=2
