189.06 185.55 190.17 259.54 163.88 259.94 162.77 185.94 ship 0 0.999752 votes=3
365.63 223.59 368.48 151.39 394.99 152.43 392.14 224.64 ship 0 0.999737 votes=3
578.18 530.38 578.25 455.89 605.59 455.91 605.52 530.40 ship 0 0.999733 votes=3
334.91 227.50 338.07 149.74 365.31 150.85 362.15 228.61 ship 0 0.999723 votes=3
202.82 220.03 203.37 140.82 231.74 141.01 231.19 220.22 ship 0 0.999707 votes=3
405.49 253.06 405.70 324.14 381.95 324.21 381.74 253.13 ship 0 0.999625 votes=3
277.74 325.54 279.30 247.95 309.93 248.57 308.36 326.16 ship 0 0.999616 votes=3
713.06 531.06 714.50 434.97 747.89 435.47 746.45 531.56 ship 0 0.999609 votes=3
512.85 531.35 514.54 454.47 540.69 455.05 539.00 531.93 ship 0 0.999569 votes=3
373.74 528.87 376.26 457.15 400.31 457.99 397.79 529.71 ship 0 0.999531 votes=3
596.00 557.04 597.54 655.80 564.36 656.32 562.82 557.56 ship 0 0.999529 votes=3
642.06 532.60 645.00 449.49 676.02 450.59 673.08 533.70 ship 0 0.999488 votes=3
181.90 554.04 183.06 613.65 161.90 614.06 160.75 554.45 ship 0 0.999474 votes=3
672.00 655.23 673.72 561.35 705.90 561.94 704.19 655.82 ship 0 0.999451 votes=3
603.75 645.70 604.15 558.09 631.91 558.22 631.51 645.83 ship 0 0.999400 votes=3
480.03 530.97 480.03 460.88 506.90 460.88 506.90 530.97 ship 0 0.999350 votes=3
146.02 528.23 149.35 613.11 119.43 614.28 116.10 529.40 ship 0 0.999308 votes=3
234.22 523.40 235.59 455.80 262.17 456.34 260.80 523.94 ship 0 0.999277 votes=3
665.62 561.39 666.06 653.33 634.98 653.48 634.53 561.54 ship 0 0.999272 votes=3
525.14 227.85 528.97 174.74 550.62 176.30 546.79 229.41 ship 0 0.999210 votes=3
202.62 528.06 202.72 459.22 227.00 459.26 226.90 528.10 ship 0 0.999056 votes=3
307.03 219.83 309.35 162.21 330.14 163.05 327.82 220.67 ship 0 0.998974 votes=3
276.65 622.92 278.78 554.66 305.98 555.51 303.84 623.77 ship 0 0.998774 votes=3
207.70 628.14 208.33 559.81 233.90 560.04 233.27 628.37 ship 0 0.998346 votes=3
200.63 325.11 204.27 244.57 232.60 245.85 228.96 326.39 ship 0 0.997561 votes=3
181.90 155.85 738.99 157.33 738.54 328.64 181.45 327.16 harbor 0 0.959833 votes=3
136.59 446.11 767.73 454.73 765.05 651.29 133.91 642.68 harbor 0 0.920294 votes=3
