769.77 169.28 785.45 220.15 766.15 226.10 750.47 175.23 vehicle 0 0.999738 votes=3
153.21 473.25 153.30 690.56 50.31 690.60 50.22 473.29 tenniscourt 0 0.999663 votes=3
544.13 468.17 548.01 686.32 446.45 688.13 442.57 469.97 tenniscourt 0 0.999648 votes=3
676.00 465.40 679.81 684.79 577.11 686.57 573.30 467.18 tenniscourt 0 0.999643 votes=3
413.31 469.89 415.84 688.49 314.21 689.67 311.68 471.07 tenniscourt 0 0.999643 votes=3
283.19 472.09 285.17 689.32 182.91 690.25 180.93 473.02 tenniscourt 0 0.999616 votes=3
704.23 143.80 723.31 187.39 705.16 195.34 686.08 151.74 vehicle 0 0.999320 votes=3
558.33 156.73 596.15 140.20 603.76 157.61 565.94 174.13 vehicle 0 0.998011 votes=3
588.05 223.39 630.23 204.60 638.11 222.30 595.94 241.09 vehicle 0 0.997847 votes=3
635.77 335.26 672.48 315.50 681.06 331.43 644.35 351.19 vehicle 0 0.997555 votes=3
608.00 271.24 644.21 253.73 651.96 269.76 615.75 287.27 vehicle 0 0.996628 votes=3
