482.20 129.23 484.18 200.35 414.02 202.31 412.04 131.18 storagetank 0 0.999383 votes=3
591.71 222.68 591.98 138.32 672.82 138.58 672.55 222.94 storagetank 0 0.999208 votes=3
506.10 280.37 507.45 392.94 401.03 394.21 399.68 281.65 storagetank 0 0.998966 votes=3
668.73 291.83 669.98 352.93 609.10 354.18 607.84 293.08 storagetank 0 0.998788 votes=3
550.75 516.08 558.69 647.08 433.50 654.67 425.56 523.66 storagetank 0 0.998779 votes=3
85.98 115.78 86.06 136.91 65.22 136.99 65.14 115.87 storagetank 0 0.972090 votes=3
68.31 161.23 68.53 177.86 52.78 178.07 52.56 161.45 storagetank 0 0.961427 votes=3
87.08 70.14 87.34 86.61 71.00 86.87 70.75 70.39 storagetank 0 0.939350 votes=3
109.68 158.42 109.73 183.19 90.07 183.22 90.03 158.46 storagetank 0 0.928746 votes=3
86.04 155.88 87.11 176.11 69.84 177.02 68.78 156.79 storagetank 0 0.921836 votes=3
