323.42 727.48 324.09 651.02 349.15 651.24 348.48 727.70 ship 0 0.999714 votes=3
693.86 630.36 694.63 726.40 667.67 726.61 666.90 630.58 ship 0 0.999678 votes=3
473.60 751.66 473.68 651.54 499.83 651.56 499.76 751.68 ship 0 0.999654 votes=3
236.23 717.52 236.76 649.11 260.13 649.29 259.60 717.70 ship 0 0.999652 votes=3
294.34 702.79 295.36 650.45 314.30 650.82 313.28 703.16 ship 0 0.999633 votes=3
115.12 608.26 197.95 606.42 198.54 632.83 115.70 634.67 ship 0 0.999626 votes=3
624.93 734.83 625.63 652.56 650.97 652.78 650.27 735.05 ship 0 0.999623 votes=3
468.94 651.67 468.97 743.17 442.39 743.18 442.36 651.68 ship 0 0.999623 votes=3
412.57 735.99 414.29 651.29 440.04 651.81 438.32 736.51 ship 0 0.999572 votes=3
400.28 600.81 518.85 604.96 517.79 635.42 399.22 631.27 ship 0 0.999543 votes=3
517.62 600.56 648.89 605.33 647.69 638.31 516.42 633.54 ship 0 0.999503 votes=3
354.29 742.02 354.46 650.32 380.49 650.37 380.32 742.07 ship 0 0.999438 votes=3
256.32 607.94 334.36 605.23 335.25 630.65 257.21 633.36 ship 0 0.999406 votes=3
464.96 90.94 534.29 91.52 534.11 112.93 464.78 112.35 ship 0 0.999310 votes=3
558.72 654.26 559.03 745.98 532.59 746.06 532.28 654.35 ship 0 0.999309 votes=3
621.72 652.53 622.38 753.97 594.03 754.15 593.37 652.71 ship 0 0.999267 votes=3
256.14 566.95 334.38 565.00 335.00 589.85 256.76 591.80 ship 0 0.999262 votes=3
528.85 658.59 529.33 753.62 502.50 753.76 502.02 658.73 ship 0 0.999188 votes=3
101.44 658.68 193.53 658.79 193.50 686.00 101.41 685.89 ship 0 0.999160 votes=3
241.88 518.82 304.09 519.10 303.99 541.36 241.78 541.08 ship 0 0.998949 votes=3
359.04 617.87 403.07 617.96 403.04 632.97 359.01 632.88 ship 0 0.998942 votes=3
267.39 711.36 268.01 649.45 289.63 649.66 289.02 711.57 ship 0 0.998912 votes=3
559.84 753.09 561.41 654.06 589.82 654.50 588.25 753.54 ship 0 0.998407 votes=3
639.35 127.55 718.62 126.97 718.81 153.29 639.55 153.87 ship 0 0.996999 votes=3
557.40 89.75 627.03 89.71 627.04 109.78 557.41 109.82 ship 0 0.995988 votes=3
508.45 422.25 514.55 368.46 532.58 370.51 526.49 424.29 ship 0 0.989671 votes=3
78.44 117.48 101.28 119.07 100.68 127.62 77.84 126.03 vehicle 0 0.987141 votes=3
487.31 274.18 514.04 274.67 513.82 286.69 487.09 286.19 ship 0 0.930931 votes=3
142.42 146.33 167.96 146.10 168.05 155.89 142.50 156.12 vehicle 0 0.930626 votes=3
316.53 401.24 584.77 399.52 585.27 477.51 317.04 479.23 harbor 0 0.922122 votes=3
72.19 256.03 97.95 258.27 97.22 266.68 71.46 264.44 vehicle 0 0.842622 votes=3
92.69 694.75 92.71 671.06 103.34 671.07 103.32 694.77 vehicle 0 0.842609 votes=3
205.48 598.59 667.17 612.07 663.17 748.92 201.49 735.44 harbor 0 0.836638 votes=3
69.61 415.71 80.15 511.50 52.84 514.51 42.30 418.72 ship 0 0.832582 votes=3
99.59 2.98 124.13 3.38 123.99 11.48 99.46 11.08 vehicle 0 0.818835 votes=3
21.02 69.86 21.93 88.48 11.61 88.98 10.71 70.36 vehicle 0 0.746236 votes=3
21.82 482.66 28.56 465.53 36.28 468.57 29.54 485.70 vehicle 0 0.739768 votes=3
396.35 105.71 705.67 106.60 705.52 159.55 396.20 158.66 harbor 0 0.737945 votes=3
29.69 265.84 53.54 265.44 53.70 275.12 29.85 275.51 vehicle 0 0.696248 votes=3
