412.28 284.42 413.05 60.61 519.52 60.98 518.75 284.79 tenniscourt 0 0.999698 votes=3
542.41 284.71 542.96 60.78 649.14 61.04 648.58 284.97 tenniscourt 0 0.999691 votes=3
388.52 59.55 389.13 284.07 282.82 284.35 282.22 59.84 tenniscourt 0 0.999681 votes=3
153.10 284.24 153.35 58.96 259.30 59.08 259.05 284.36 tenniscourt 0 0.999677 votes=3
411.55 624.96 411.99 401.74 517.04 401.94 516.60 625.17 tenniscourt 0 0.999669 votes=3
257.40 402.13 257.45 625.13 153.76 625.15 153.70 402.16 tenniscourt 0 0.999668 votes=3
128.96 401.33 129.05 624.49 25.52 624.53 25.44 401.37 tenniscourt 0 0.999663 votes=3
386.70 401.09 387.02 623.48 282.01 623.63 281.69 401.24 tenniscourt 0 0.999661 votes=3
540.68 625.39 541.36 402.02 646.46 402.34 645.78 625.71 tenniscourt 0 0.999657 votes=3
64.58 249.94 108.48 251.12 107.94 271.30 64.03 270.12 vehicle 0 0.999229 votes=3
