405.54 410.01 495.59 411.41 494.30 495.10 404.24 493.70 storagetank 0 0.999224 votes=3
337.20 672.68 421.21 677.45 416.75 756.13 332.73 751.36 storagetank 0 0.999171 votes=3
365.23 535.00 478.61 533.51 480.00 639.53 366.62 641.02 storagetank 0 0.999161 votes=3
347.49 251.49 419.42 253.16 417.80 322.98 345.86 321.31 storagetank 0 0.999091 votes=3
437.23 260.99 548.59 262.21 547.46 365.59 436.10 364.37 storagetank 0 0.999079 votes=3
477.81 147.13 549.56 149.13 547.60 219.39 475.85 217.40 storagetank 0 0.999059 votes=3
311.88 394.95 386.00 398.00 383.17 466.70 309.05 463.64 storagetank 0 0.998964 votes=3
275.53 522.34 351.57 525.29 348.89 594.41 272.84 591.46 storagetank 0 0.998824 votes=3
383.94 130.78 456.93 133.50 454.31 203.79 381.32 201.07 storagetank 0 0.998770 votes=3
216.82 643.99 300.12 647.62 296.69 726.54 213.38 722.91 storagetank 0 0.998711 votes=3
