659.44 195.27 694.51 194.60 694.78 208.86 659.71 209.52 vehicle 0 0.999580 votes=3
347.47 46.21 347.81 84.98 329.24 85.14 328.91 46.37 vehicle 0 0.999559 votes=3
441.17 350.16 442.39 532.48 333.70 533.21 332.47 350.89 basketballcourt 0 0.999514 votes=3
656.35 239.61 694.45 239.85 694.35 254.95 656.25 254.71 vehicle 0 0.999465 votes=3
715.78 193.98 752.39 194.86 752.04 209.56 715.42 208.67 vehicle 0 0.999321 votes=3
715.25 23.01 749.14 23.03 749.13 36.76 715.24 36.73 vehicle 0 0.998946 votes=3
712.57 44.73 749.83 45.16 749.66 59.53 712.41 59.11 vehicle 0 0.998941 votes=3
439.97 239.37 441.74 350.99 330.94 352.75 329.17 241.13 basketballcourt 0 0.998758 votes=3
708.14 151.35 750.90 150.78 751.10 165.79 708.34 166.36 vehicle 0 0.998511 votes=3
714.61 64.71 750.23 65.22 750.02 79.73 714.41 79.22 vehicle 0 0.998263 votes=3
649.82 24.52 686.24 22.59 687.10 38.67 650.67 40.60 vehicle 0 0.998143 votes=3
719.17 240.96 757.57 240.68 757.67 255.56 719.27 255.84 vehicle 0 0.997820 votes=3
654.18 148.80 688.98 151.74 687.82 165.47 653.02 162.54 vehicle 0 0.988053 votes=3
655.80 132.35 680.55 135.02 679.12 148.26 654.37 145.59 vehicle 0 0.716724 votes=2
