248.38 107.61 636.92 110.72 635.03 346.45 246.50 343.34 Expressway-Service-area 0 0.999222 votes=3
251.10 453.31 648.13 430.32 662.53 679.13 265.51 702.12 Expressway-Service-area 0 0.999011 votes=3
462.61 225.04 510.57 225.00 510.58 233.30 462.62 233.34 vehicle 0 0.992647 votes=3
-0.82 415.54 38.59 414.31 38.85 422.69 -0.56 423.92 vehicle 0 0.990960 votes=3
525.24 343.08 562.98 343.45 562.90 351.78 525.16 351.41 vehicle 0 0.983556 votes=3
557.83 265.68 581.09 304.43 573.16 309.19 549.89 270.45 vehicle 0 0.970959 votes=3
220.02 436.73 264.95 433.37 265.70 443.44 220.78 446.80 vehicle 0 0.969865 votes=3
357.32 586.29 357.61 627.94 349.51 627.99 349.22 586.34 vehicle 0 0.962364 votes=3
328.54 445.85 365.83 445.60 365.88 453.52 328.60 453.77 vehicle 0 0.886912 votes=3
539.81 439.15 574.50 439.75 574.37 447.08 539.68 446.49 vehicle 0 0.863152 votes=3
328.70 296.78 336.52 261.34 345.53 263.33 337.71 298.77 vehicle 0 0.818601 votes=3
225.76 469.93 272.43 475.15 271.33 484.96 224.66 479.75 vehicle 0 0.813645 votes=2
284.95 435.98 309.75 434.89 310.12 443.33 285.32 444.42 vehicle 0 0.789351 votes=3
346.28 609.15 346.51 625.40 339.17 625.51 338.93 609.26 vehicle 0 0.659608 votes=3
