166.01 329.72 263.98 316.01 268.04 345.01 170.07 358.72 ship 0 0.999577 votes=3
31.99 472.93 42.12 377.17 74.42 380.58 64.29 476.34 ship 0 0.999398 votes=3
166.02 618.13 239.32 577.02 253.60 602.47 180.30 643.58 ship 0 0.999387 votes=3
298.54 464.30 358.81 464.17 358.86 484.58 298.59 484.71 ship 0 0.999301 votes=3
480.83 392.85 553.84 412.77 546.93 438.11 473.92 418.19 ship 0 0.999287 votes=3
99.94 433.78 119.43 320.89 158.88 327.70 139.40 440.59 ship 0 0.999263 votes=3
252.53 753.73 279.26 686.71 303.17 696.24 276.44 763.26 ship 0 0.999232 votes=3
195.03 673.07 265.11 629.79 279.10 652.45 209.01 695.72 ship 0 0.999185 votes=3
408.85 545.86 425.31 625.58 398.74 631.07 382.27 551.34 ship 0 0.999182 votes=3
407.61 442.01 421.53 528.59 391.25 533.46 377.33 446.88 ship 0 0.999043 votes=3
307.65 669.97 377.05 666.91 378.15 692.02 308.75 695.08 ship 0 0.998962 votes=3
154.36 429.37 214.07 421.80 216.74 442.82 157.03 450.40 ship 0 0.998949 votes=3
152.92 584.78 214.83 555.95 225.11 578.03 163.20 606.85 ship 0 0.998573 votes=3
502.31 527.32 552.82 548.40 544.73 567.77 494.22 546.69 ship 0 0.998458 votes=3
151.88 455.19 212.60 452.56 213.48 472.75 152.75 475.38 ship 0 0.998452 votes=3
497.54 559.36 552.59 583.18 544.72 601.37 489.67 577.55 ship 0 0.998432 votes=3
165.21 363.38 243.82 362.39 244.10 384.84 165.49 385.82 ship 0 0.998291 votes=3
487.69 457.29 556.40 487.95 546.22 510.77 477.51 480.11 ship 0 0.998151 votes=3
146.09 522.98 200.78 510.16 204.73 527.01 150.04 539.83 ship 0 0.997858 votes=3
222.06 703.62 272.19 662.90 286.83 680.92 236.70 721.65 ship 0 0.997815 votes=3
151.70 483.62 217.67 476.87 219.87 498.38 153.89 505.12 ship 0 0.997620 votes=3
418.55 701.16 425.23 744.69 407.08 747.48 400.40 703.94 vehicle 0 0.997446 votes=3
478.42 425.09 557.78 454.11 548.43 479.70 469.07 450.68 ship 0 0.993114 votes=3
147.99 549.80 204.28 530.43 211.28 550.77 154.99 570.14 ship 0 0.989942 votes=3
386.17 706.45 387.30 740.41 372.31 740.91 371.18 706.95 vehicle 0 0.986560 votes=3
532.96 736.18 533.46 767.99 517.47 768.24 516.97 736.43 vehicle 0 0.985078 votes=3
59.85 576.97 84.81 346.90 232.37 362.91 207.40 592.98 harbor 0 0.852988 votes=3
