612.57 423.23 639.94 446.28 635.47 451.59 608.10 428.53 vehicle 0 0.997859 votes=3
346.81 243.09 370.46 258.95 366.20 265.30 342.55 249.44 vehicle 0 0.996667 votes=3
341.68 519.28 370.68 540.64 366.06 546.91 337.07 525.55 vehicle 0 0.996287 votes=3
215.07 135.28 248.88 159.17 244.27 165.69 210.47 141.80 vehicle 0 0.995317 votes=3
234.82 264.78 262.11 287.05 257.80 292.33 230.52 270.06 vehicle 0 0.991331 votes=3
107.64 218.68 610.18 628.13 468.02 802.62 -34.52 393.17 Expressway-Service-area 0 0.990645 votes=3
238.51 411.04 271.04 435.00 265.81 442.10 233.28 418.15 vehicle 0 0.988200 votes=3
322.87 437.41 352.32 458.71 347.03 466.02 317.58 444.72 vehicle 0 0.987967 votes=3
371.39 503.48 394.44 518.84 390.30 525.05 367.26 509.69 vehicle 0 0.984155 votes=3
506.12 331.62 539.67 355.97 534.35 363.31 500.80 338.95 vehicle 0 0.981090 votes=3
412.80 370.26 435.49 384.88 431.26 391.44 408.57 376.81 vehicle 0 0.980318 votes=3
298.43 -27.79 822.97 395.26 700.70 546.85 176.17 123.80 Expressway-Service-area 0 0.979839 votes=3
247.25 397.91 288.95 425.34 283.50 433.63 241.80 406.20 vehicle 0 0.975506 votes=3
271.62 478.38 294.92 495.84 290.25 502.08 266.94 484.62 vehicle 0 0.966103 votes=3
598.84 323.09 623.74 345.54 618.89 350.91 594.00 328.46 vehicle 0 0.961425 votes=3
652.30 538.70 678.49 554.58 674.85 560.59 648.66 544.71 vehicle 0 0.958773 votes=3
382.44 471.18 398.28 483.41 394.15 488.75 378.32 476.52 vehicle 0 0.924591 votes=3
480.14 260.30 501.58 272.63 497.79 279.22 476.35 266.89 vehicle 0 0.922348 votes=3
173.35 388.09 200.35 411.15 195.17 417.21 168.17 394.15 vehicle 0 0.871265 votes=3
165.37 335.97 201.85 366.74 196.70 372.84 160.22 342.08 vehicle 0 0.790378 votes=3
343.50 436.65 359.34 450.14 354.87 455.39 339.03 441.91 vehicle 0 0.738581 votes=2
