601.62 508.74 656.08 508.93 656.01 529.49 601.55 529.30 ship 0 0.999698 votes=3
774.92 70.58 775.50 15.77 795.01 15.98 794.43 70.79 ship 0 0.999546 votes=3
678.07 437.31 732.98 437.74 732.82 457.97 677.91 457.54 ship 0 0.999465 votes=3
671.90 465.21 724.75 465.61 724.62 482.49 671.77 482.09 ship 0 0.999455 votes=3
586.02 483.78 658.11 483.33 658.23 502.63 586.14 503.08 ship 0 0.999386 votes=3
678.17 50.46 723.80 50.14 723.91 64.95 678.28 65.28 ship 0 0.999354 votes=3
421.55 295.09 425.60 238.56 444.05 239.88 440.00 296.41 ship 0 0.999275 votes=3
675.20 517.31 724.81 519.08 724.18 536.54 674.58 534.77 ship 0 0.999265 votes=3
564.08 634.80 570.77 573.72 590.21 575.85 583.52 636.93 ship 0 0.999263 votes=3
605.71 385.05 660.49 386.82 659.85 406.75 605.07 404.99 ship 0 0.999238 votes=3
609.71 40.87 656.09 41.13 656.00 57.28 609.62 57.02 ship 0 0.999213 votes=3
672.43 359.33 725.52 358.36 725.88 377.88 672.79 378.86 ship 0 0.999142 votes=3
439.49 308.69 440.04 344.90 427.48 345.10 426.93 308.88 ship 0 0.999141 votes=3
679.23 412.85 727.47 413.05 727.40 431.06 679.16 430.86 ship 0 0.999133 votes=3
677.11 133.34 717.72 133.67 717.62 146.65 677.00 146.32 ship 0 0.999058 votes=3
537.03 207.03 537.53 257.32 522.39 257.47 521.89 207.18 ship 0 0.999037 votes=3
684.12 20.85 753.69 16.16 755.11 37.32 685.55 42.01 ship 0 0.998999 votes=3
726.86 766.73 727.19 719.24 744.33 719.36 744.00 766.85 ship 0 0.998972 votes=3
610.36 336.76 655.46 336.29 655.63 352.06 610.52 352.53 ship 0 0.998947 votes=3
671.79 193.41 717.23 190.98 718.00 205.46 672.56 207.89 ship 0 0.998893 votes=3
613.46 98.05 650.23 98.41 650.12 109.97 613.35 109.61 ship 0 0.998855 votes=3
610.10 114.67 649.30 114.63 649.31 127.02 610.12 127.05 ship 0 0.998848 votes=3
673.23 261.78 717.12 261.49 717.23 277.76 673.33 278.04 ship 0 0.998825 votes=3
612.95 62.26 650.58 62.34 650.56 74.41 612.93 74.33 ship 0 0.998762 votes=3
596.66 413.48 650.21 413.73 650.13 430.71 596.58 430.47 ship 0 0.998750 votes=3
699.44 591.18 743.45 592.32 743.06 607.17 699.06 606.04 ship 0 0.998685 votes=3
682.05 73.32 720.03 73.27 720.05 86.81 682.06 86.85 ship 0 0.998632 votes=3
614.52 227.81 655.30 226.03 655.94 240.69 615.16 242.46 ship 0 0.998600 votes=3
686.01 760.81 686.77 721.36 702.26 721.66 701.50 761.11 ship 0 0.998557 votes=3
509.36 174.69 541.19 174.69 541.19 185.97 509.36 185.97 ship 0 0.998532 votes=3
510.13 142.68 545.88 143.60 545.58 155.49 509.82 154.57 ship 0 0.998512 votes=3
599.24 314.57 657.43 313.13 657.82 328.95 599.63 330.39 ship 0 0.998466 votes=3
706.25 763.76 706.27 720.77 721.15 720.77 721.13 763.77 ship 0 0.998430 votes=3
674.19 285.86 721.15 287.01 720.75 303.23 673.79 302.08 ship 0 0.998428 votes=3
673.86 386.48 726.90 384.24 727.75 404.28 674.71 406.52 ship 0 0.998419 votes=3
453.13 224.84 456.06 174.63 470.96 175.50 468.03 225.71 ship 0 0.998334 votes=3
699.10 662.17 743.01 664.37 742.29 678.62 698.39 676.42 ship 0 0.998308 votes=3
603.47 268.54 657.55 268.62 657.53 283.65 603.45 283.57 ship 0 0.998205 votes=3
673.60 239.88 716.26 239.73 716.31 256.08 673.65 256.23 ship 0 0.998172 votes=3
692.14 689.08 737.45 688.46 737.67 704.39 692.36 705.01 ship 0 0.998159 votes=3
672.57 310.77 724.07 310.78 724.07 328.46 672.57 328.45 ship 0 0.998097 votes=3
701.18 570.71 742.17 571.43 741.90 586.27 700.91 585.54 ship 0 0.997941 votes=3
673.96 92.64 720.95 92.99 720.84 107.47 673.85 107.12 ship 0 0.997913 votes=3
581.65 15.61 649.53 16.04 649.39 37.34 581.51 36.90 ship 0 0.997903 votes=3
518.72 16.24 553.67 16.14 553.71 28.92 518.76 29.02 ship 0 0.997795 votes=3
699.14 638.95 741.13 640.12 740.73 654.61 698.74 653.45 ship 0 0.997791 votes=3
600.69 434.76 656.19 435.86 655.82 454.67 600.31 453.57 ship 0 0.997744 votes=3
675.09 492.13 733.33 494.32 732.72 510.62 674.48 508.43 ship 0 0.997652 votes=3
675.97 173.12 717.92 171.51 718.47 185.73 676.52 187.34 ship 0 0.997604 votes=3
500.34 255.70 501.60 214.67 517.54 215.16 516.29 256.19 ship 0 0.997553 votes=3
657.72 766.45 660.74 689.36 679.68 690.10 676.66 767.19 ship 0 0.997528 votes=3
678.39 214.66 718.72 215.10 718.57 229.06 678.24 228.63 ship 0 0.997528 votes=3
611.25 81.58 647.72 81.91 647.61 93.51 611.14 93.18 ship 0 0.997517 votes=3
677.52 113.42 721.78 113.96 721.59 129.65 677.32 129.11 ship 0 0.997422 votes=3
792.49 144.66 797.78 184.08 783.48 186.00 778.19 146.58 ship 0 0.997225 votes=3
512.52 92.32 546.63 94.65 545.81 106.63 511.71 104.30 ship 0 0.997177 votes=3
612.29 148.85 651.53 150.51 650.96 163.95 611.73 162.29 ship 0 0.997065 votes=3
611.84 206.26 654.86 205.65 655.05 219.36 612.03 219.97 ship 0 0.996964 votes=3
680.28 334.10 726.01 336.60 725.15 352.46 679.41 349.96 ship 0 0.996770 votes=3
680.53 156.52 721.88 151.59 723.63 166.30 682.29 171.24 ship 0 0.996727 votes=3
449.20 328.26 484.77 329.22 484.41 342.85 448.84 341.89 ship 0 0.996668 votes=3
609.54 187.46 651.07 187.35 651.10 199.76 609.57 199.87 ship 0 0.996604 votes=3
699.41 616.41 744.36 618.48 743.69 633.01 698.74 630.94 ship 0 0.996574 votes=3
617.41 131.30 654.20 132.02 653.95 144.77 617.16 144.06 ship 0 0.996522 votes=3
514.10 107.63 547.87 112.54 546.26 123.67 512.48 118.75 ship 0 0.996287 votes=3
585.28 463.07 657.14 459.44 658.09 478.24 586.23 481.87 ship 0 0.996118 votes=3
614.65 167.30 652.10 167.02 652.19 179.85 614.74 180.12 ship 0 0.996009 votes=3
618.98 248.24 659.05 247.38 659.39 262.83 619.32 263.69 ship 0 0.995936 votes=3
516.30 74.86 547.29 76.01 546.84 88.17 515.85 87.03 ship 0 0.995830 votes=3
452.54 277.99 453.27 236.72 465.94 236.94 465.20 278.22 ship 0 0.994896 votes=3
777.43 127.56 778.61 74.58 795.05 74.95 793.87 127.93 ship 0 0.994805 votes=3
516.80 56.08 546.20 57.95 545.44 69.81 516.04 67.94 ship 0 0.994235 votes=3
671.25 543.97 716.82 544.71 716.47 566.41 670.90 565.67 ship 0 0.987494 votes=3
441.02 350.41 487.05 350.93 486.86 368.01 440.83 367.49 ship 0 0.984837 votes=3
604.07 536.72 655.60 535.90 656.04 564.14 604.51 564.95 ship 0 0.953195 votes=3
587.23 727.34 596.02 4.92 739.73 6.67 730.93 729.09 harbor 0 0.948130 votes=3
474.87 186.37 475.23 168.74 485.95 168.95 485.59 186.59 ship 0 0.852327 votes=3
407.25 364.37 430.34 -10.15 552.61 -2.61 529.52 371.91 harbor 0 0.718813 votes=2
