497.30 529.66 508.65 514.95 512.40 517.85 501.06 532.56 vehicle 0 0.995277 votes=3
260.78 415.42 271.36 400.87 275.68 404.01 265.09 418.56 vehicle 0 0.991333 votes=3
295.44 500.70 308.07 483.62 312.17 486.65 299.54 503.73 vehicle 0 0.983714 votes=3
317.15 384.43 329.72 366.02 334.37 369.19 321.79 387.60 vehicle 0 0.976292 votes=3
-3.29 534.44 341.03 32.63 550.26 176.19 205.95 678.01 Expressway-Service-area 0 0.968876 votes=2
78.87 554.86 313.77 228.04 448.10 324.59 213.20 651.41 Expressway-Service-area 0 0.964581 votes=2
514.62 505.58 525.89 489.54 529.52 492.09 518.25 508.13 vehicle 0 0.948607 votes=3
305.29 685.03 651.96 240.21 761.41 325.51 414.74 770.33 Expressway-Service-area 0 0.940608 votes=3
236.50 594.06 244.06 581.91 248.56 584.72 241.00 596.86 vehicle 0 0.889659 votes=3
533.38 196.75 545.88 189.25 548.20 193.11 535.69 200.61 vehicle 0 0.855505 votes=3
464.64 507.35 500.18 459.10 507.05 464.16 471.50 512.41 vehicle 0 0.651647 votes=2
303.52 480.04 317.76 460.45 322.93 464.21 308.68 483.80 vehicle 0 0.648788 votes=2
