555.22 236.52 644.53 239.89 641.29 325.82 551.98 322.45 baseballfield 0 0.999749 votes=3
184.23 401.94 273.54 401.69 273.78 490.15 184.48 490.40 baseballfield 0 0.999701 votes=3
685.48 393.93 775.41 396.56 772.80 485.54 682.87 482.91 baseballfield 0 0.999700 votes=3
686.55 240.58 774.73 240.41 774.89 326.36 686.72 326.53 baseballfield 0 0.999687 votes=3
44.03 399.16 134.39 399.97 133.60 488.80 43.25 488.00 baseballfield 0 0.999678 votes=3
43.83 340.75 45.29 250.31 134.54 251.74 133.09 342.19 baseballfield 0 0.999654 votes=3
183.46 252.30 274.68 251.76 275.21 341.45 183.99 341.99 baseballfield 0 0.999647 votes=3
551.72 484.60 552.41 394.08 641.36 394.76 640.68 485.28 baseballfield 0 0.999627 votes=3
243.15 786.21 243.31 704.96 317.39 705.11 317.23 786.36 baseballfield 0 0.984740 votes=3
447.42 714.57 517.83 715.05 517.37 783.35 446.96 782.87 baseballfield 0 0.912456 votes=2
