131.40 431.45 132.14 542.99 21.93 543.72 21.19 432.18 baseballfield 0 0.999566 votes=3
531.27 83.67 531.52 139.95 506.78 140.06 506.53 83.78 tenniscourt 0 0.999511 votes=3
778.19 337.26 778.58 393.51 750.17 393.71 749.78 337.45 tenniscourt 0 0.999505 votes=3
747.67 205.04 748.34 148.90 776.51 149.23 775.84 205.37 tenniscourt 0 0.999499 votes=3
749.11 299.82 749.65 243.14 778.82 243.42 778.27 300.10 tenniscourt 0 0.999493 votes=3
563.59 82.44 563.70 141.49 537.65 141.54 537.54 82.49 tenniscourt 0 0.999490 votes=3
747.22 111.54 747.94 54.37 776.41 54.73 775.68 111.90 tenniscourt 0 0.999465 votes=3
627.56 57.08 628.20 113.59 601.25 113.89 600.61 57.38 tenniscourt 0 0.999381 votes=3
672.52 55.90 673.46 113.66 645.81 114.11 644.88 56.35 tenniscourt 0 0.999353 votes=3
674.23 149.88 674.91 206.63 647.40 206.96 646.72 150.21 tenniscourt 0 0.999310 votes=3
728.16 54.57 728.67 110.96 702.15 111.20 701.63 54.82 tenniscourt 0 0.999288 votes=3
729.62 148.52 730.69 205.74 702.83 206.26 701.75 149.04 tenniscourt 0 0.999278 votes=3
550.76 291.90 551.68 349.32 524.87 349.75 523.95 292.33 tenniscourt 0 0.999220 votes=3
677.40 337.68 677.86 393.81 650.69 394.03 650.23 337.91 tenniscourt 0 0.999169 votes=3
602.83 301.65 602.93 245.05 630.53 245.10 630.43 301.70 tenniscourt 0 0.999168 votes=3
732.73 336.21 733.37 394.05 705.92 394.35 705.28 336.51 tenniscourt 0 0.999138 votes=3
731.97 242.13 732.43 301.00 703.64 301.23 703.18 242.36 tenniscourt 0 0.999131 votes=3
676.72 244.49 677.21 300.79 649.13 301.04 648.64 244.74 tenniscourt 0 0.999033 votes=3
604.78 395.38 605.00 337.53 631.62 337.63 631.41 395.48 tenniscourt 0 0.998957 votes=3
251.17 448.63 661.69 457.78 657.49 646.38 246.97 637.23 groundtrackfield 0 0.998837 votes=3
629.27 149.19 629.78 207.06 602.13 207.30 601.62 149.43 tenniscourt 0 0.998757 votes=3
279.12 682.82 283.40 756.53 213.47 760.59 209.19 686.87 baseballfield 0 0.997801 votes=3
711.23 496.47 773.29 497.85 772.52 532.61 710.46 531.23 basketballcourt 0 0.795049 votes=2
