450.73 355.81 485.46 347.07 488.92 360.85 454.19 369.58 vehicle 0 0.999596 votes=3
276.44 53.42 291.55 85.25 278.32 91.53 263.21 59.71 vehicle 0 0.999293 votes=3
458.65 583.46 476.54 618.53 463.26 625.31 445.37 590.23 vehicle 0 0.999258 votes=3
699.91 275.94 734.29 269.59 736.91 283.81 702.54 290.16 vehicle 0 0.999103 votes=3
120.53 456.70 153.29 449.67 156.17 463.06 123.41 470.10 vehicle 0 0.998915 votes=3
676.05 211.96 691.52 243.65 677.47 250.51 662.00 218.82 vehicle 0 0.998206 votes=3
609.33 368.86 643.16 362.19 645.97 376.41 612.13 383.08 vehicle 0 0.997401 votes=3
483.25 371.07 512.30 366.22 514.50 379.36 485.44 384.21 vehicle 0 0.996166 votes=3
210.96 361.97 560.11 285.27 588.16 412.94 239.00 489.64 overpass 0 0.984513 votes=3
482.09 752.93 499.64 784.96 486.54 792.15 468.98 760.11 vehicle 0 0.971723 votes=3
459.21 731.64 462.55 771.16 444.62 772.68 441.29 733.16 vehicle 0 0.966915 votes=3
