471.56 456.63 513.70 119.38 800.95 155.27 758.81 492.53 stadium 0 0.999246 votes=3
326.85 142.38 341.28 89.90 367.14 97.01 352.71 149.49 tenniscourt 0 0.995427 votes=3
359.38 150.89 375.05 98.96 398.68 106.09 383.01 158.02 tenniscourt 0 0.995007 votes=3
385.68 231.07 398.99 281.31 375.12 287.63 361.81 237.39 tenniscourt 0 0.986355 votes=3
453.16 318.10 466.75 371.51 441.61 377.90 428.03 324.50 tenniscourt 0 0.976438 votes=3
375.00 73.08 388.59 23.49 414.58 30.61 401.00 80.20 tenniscourt 0 0.961861 votes=3
343.58 64.81 359.17 13.60 382.21 20.61 366.61 71.83 tenniscourt 0 0.961355 votes=2
388.90 158.51 403.27 107.49 430.20 115.07 415.83 166.09 tenniscourt 0 0.958714 votes=3
311.95 56.36 327.16 3.08 354.89 10.99 339.68 64.28 tenniscourt 0 0.951865 votes=2
418.82 169.05 434.66 118.91 460.82 127.17 444.98 177.31 tenniscourt 0 0.950293 votes=3
405.30 82.82 420.09 30.76 444.59 37.72 429.81 89.78 tenniscourt 0 0.928915 votes=3
409.43 318.96 419.83 363.30 396.79 368.71 386.39 324.36 tenniscourt 0 0.924354 votes=3
410.74 266.96 462.85 249.95 471.00 274.91 418.89 291.92 tenniscourt 0 0.913768 votes=2
32.15 688.84 80.13 711.08 67.96 737.35 19.97 715.10 tenniscourt 0 0.905762 votes=3
345.32 161.47 397.16 179.55 388.65 203.97 336.80 185.90 tenniscourt 0 0.866250 votes=3
14.62 731.80 59.90 753.21 47.65 779.11 2.38 757.70 tenniscourt 0 0.848314 votes=3
405.15 238.19 455.89 223.55 462.40 246.10 411.66 260.74 tenniscourt 0 0.838803 votes=2
419.56 295.55 473.15 281.33 479.93 306.89 426.34 321.10 tenniscourt 0 0.732152 votes=2
