97.79 487.85 99.20 556.11 74.66 556.62 73.25 488.36 ship 0 0.999372 votes=3
198.22 185.13 199.07 230.98 182.10 231.30 181.25 185.44 ship 0 0.999247 votes=3
564.69 132.77 573.94 186.46 556.76 189.42 547.51 135.73 ship 0 0.999158 votes=3
67.20 502.77 67.97 552.81 51.00 553.07 50.23 503.03 ship 0 0.999063 votes=3
667.26 105.90 682.55 165.74 662.57 170.84 647.28 111.01 ship 0 0.998969 votes=3
160.06 222.52 160.22 188.97 174.67 189.04 174.51 222.59 ship 0 0.998919 votes=3
100.59 191.88 106.05 234.85 90.98 236.77 85.52 193.79 ship 0 0.997512 votes=3
203.46 222.69 207.04 189.88 221.95 191.51 218.37 224.32 ship 0 0.995125 votes=3
438.12 137.64 443.87 604.19 346.85 605.38 341.10 138.84 bridge 0 0.993454 votes=3
612.86 136.14 620.49 172.17 604.81 175.49 597.18 139.46 ship 0 0.982435 votes=3
540.76 123.35 789.30 65.29 805.35 134.00 556.82 192.07 harbor 0 0.967324 votes=3
120.98 187.41 122.38 232.71 105.20 233.24 103.80 187.94 ship 0 0.945151 votes=3
29.51 183.95 267.81 176.62 269.34 226.30 31.04 233.62 harbor 0 0.878621 votes=3
-0.57 503.73 117.11 498.58 120.38 573.12 2.70 578.28 harbor 0 0.831677 votes=3
723.23 103.42 732.14 147.15 715.23 150.59 706.32 106.86 ship 0 0.819370 votes=2
