55.12 501.76 56.42 342.33 132.34 342.95 131.04 502.38 tenniscourt 0 0.999532 votes=3
153.84 502.93 155.88 343.12 231.91 344.09 229.87 503.90 tenniscourt 0 0.999463 votes=3
53.15 743.42 54.79 584.62 131.44 585.41 129.81 744.21 tenniscourt 0 0.999414 votes=3
250.17 745.34 251.27 586.21 326.88 586.73 325.78 745.86 tenniscourt 0 0.999407 votes=3
152.12 743.67 153.32 585.79 228.67 586.36 227.47 744.24 tenniscourt 0 0.999399 votes=3
252.75 503.75 254.59 343.87 330.25 344.74 328.41 504.62 tenniscourt 0 0.999380 votes=3
425.15 31.29 662.58 32.74 661.15 265.02 423.72 263.57 baseballfield 0 0.999375 votes=3
350.21 504.73 351.57 344.83 426.44 345.46 425.08 505.37 tenniscourt 0 0.999345 votes=3
347.05 746.46 348.83 587.19 423.71 588.03 421.92 747.29 tenniscourt 0 0.999341 votes=3
471.91 749.88 510.17 750.70 509.84 766.26 471.57 765.44 vehicle 0 0.999071 votes=3
477.91 426.84 515.49 426.92 515.46 440.73 477.88 440.64 vehicle 0 0.998816 votes=3
472.02 588.38 510.03 589.14 509.72 604.59 471.71 603.83 vehicle 0 0.982728 votes=3
