751.00 291.66 789.60 367.62 765.57 379.83 726.96 303.88 ship 0 0.999483 votes=3
366.93 383.55 422.58 352.11 432.91 370.39 377.26 401.84 ship 0 0.999453 votes=3
149.93 521.04 217.28 479.90 229.49 499.90 162.14 541.03 ship 0 0.999340 votes=3
695.06 337.38 725.84 397.64 705.90 407.83 675.11 347.57 ship 0 0.999333 votes=3
518.37 453.66 548.35 506.22 530.02 516.68 500.04 464.12 ship 0 0.999294 votes=3
712.76 299.78 756.79 379.51 733.75 392.23 689.71 312.51 ship 0 0.999281 votes=3
612.23 402.96 639.26 451.30 623.20 460.29 596.16 411.95 ship 0 0.999265 votes=3
109.25 664.66 137.73 706.67 122.95 716.69 94.48 674.68 ship 0 0.999263 votes=3
46.42 697.83 72.85 744.06 55.19 754.15 28.76 707.92 ship 0 0.999253 votes=3
168.22 632.37 190.61 675.03 175.71 682.85 153.32 640.18 ship 0 0.999238 votes=3
644.22 474.29 697.04 437.44 708.91 454.45 656.09 491.30 ship 0 0.999206 votes=3
485.90 455.93 523.57 518.51 503.03 530.87 465.37 468.29 ship 0 0.999202 votes=3
87.88 679.25 113.40 722.10 97.66 731.47 72.14 688.63 ship 0 0.999196 votes=3
548.65 429.26 583.08 483.07 565.09 494.58 530.66 440.77 ship 0 0.999141 votes=3
3.26 663.75 49.81 633.90 60.50 650.57 13.96 680.43 ship 0 0.999026 votes=3
384.35 582.79 408.96 627.09 392.83 636.05 368.22 591.75 ship 0 0.999008 votes=3
708.54 430.61 770.38 394.05 782.14 413.95 720.31 450.51 ship 0 0.999002 votes=3
90.77 560.23 142.10 531.50 152.05 549.28 100.73 578.01 ship 0 0.999002 votes=3
628.42 369.44 668.10 432.64 649.83 444.11 610.14 380.91 ship 0 0.998973 votes=3
367.59 513.05 382.74 556.23 366.17 562.04 351.02 518.86 ship 0 0.998888 votes=3
402.42 520.97 431.99 577.04 411.16 588.03 381.59 531.95 ship 0 0.998835 votes=3
298.70 537.49 336.51 587.95 319.16 600.96 281.34 550.50 ship 0 0.998752 votes=3
573.84 406.29 609.05 468.89 588.83 480.26 553.62 417.67 ship 0 0.998749 votes=3
186.70 613.31 212.35 657.74 196.52 666.87 170.88 622.44 ship 0 0.998704 votes=3
667.68 365.70 695.24 407.31 681.57 416.36 654.01 374.75 ship 0 0.998701 votes=3
225.94 678.75 251.74 720.72 236.58 730.04 210.78 688.07 ship 0 0.998540 votes=3
412.92 614.22 466.49 581.76 476.29 597.94 422.71 630.39 ship 0 0.997832 votes=3
233.46 599.25 252.05 640.17 237.19 646.92 218.60 606.01 ship 0 0.997808 votes=3
151.18 650.40 171.86 687.66 158.96 694.82 138.28 657.56 ship 0 0.997682 votes=3
242.18 670.13 263.86 703.71 251.01 712.01 229.33 678.43 ship 0 0.997629 votes=3
261.94 660.57 282.67 694.13 271.63 700.95 250.91 667.39 ship 0 0.997424 votes=3
286.22 563.57 307.85 602.64 295.25 609.61 273.63 570.54 ship 0 0.996771 votes=3
357.75 351.83 402.38 324.08 411.67 339.03 367.03 366.77 ship 0 0.996585 votes=3
361.91 597.91 378.00 635.01 364.63 640.80 348.55 603.70 ship 0 0.995136 votes=3
63.28 579.97 91.76 615.70 80.23 624.88 51.76 589.16 ship 0 0.994785 votes=3
146.62 729.34 161.86 758.64 148.40 765.64 133.15 736.34 ship 0 0.989258 votes=3
217.35 187.54 503.72 4.79 621.53 189.39 335.15 372.14 harbor 0 0.897156 votes=2
439.81 736.21 551.78 671.94 558.04 682.83 446.06 747.10 harbor 0 0.820534 votes=3
18.23 720.63 639.43 376.53 691.05 469.72 69.85 813.81 harbor 0 0.626561 votes=3
