281.23 135.94 330.21 158.58 323.87 172.30 274.89 149.66 ship 0 0.998602 votes=3
456.65 328.76 498.89 348.96 492.49 362.34 450.25 342.14 ship 0 0.997792 votes=3
482.56 528.70 513.65 546.64 507.98 556.47 476.89 538.52 ship 0 0.997680 votes=3
465.37 313.86 507.09 334.54 501.12 346.59 459.39 325.91 ship 0 0.997594 votes=3
584.80 466.05 610.80 481.22 605.47 490.35 579.47 475.18 ship 0 0.997358 votes=3
480.05 444.08 507.36 455.08 503.51 464.62 476.21 453.62 ship 0 0.997330 votes=3
419.26 647.65 448.24 666.06 442.21 675.55 413.23 657.15 ship 0 0.997278 votes=3
449.32 347.98 481.62 366.11 475.75 376.56 443.45 358.43 ship 0 0.997173 votes=3
337.78 552.33 368.60 567.66 363.69 577.51 332.88 562.18 ship 0 0.997075 votes=3
332.41 477.20 358.70 489.90 354.06 499.50 327.77 486.80 ship 0 0.996843 votes=3
284.18 552.76 319.70 570.81 314.00 582.03 278.48 563.98 ship 0 0.996741 votes=3
276.27 566.80 311.08 583.99 305.67 594.94 270.86 577.75 ship 0 0.996550 votes=3
379.06 620.70 412.75 634.24 408.50 644.80 374.81 631.26 ship 0 0.996069 votes=3
571.75 478.64 602.90 492.77 598.20 503.13 567.05 488.99 ship 0 0.995905 votes=3
190.40 386.30 219.28 400.68 214.70 409.88 185.82 395.50 ship 0 0.995875 votes=3
473.82 298.63 508.71 317.02 503.16 327.56 468.27 309.17 ship 0 0.995549 votes=3
446.65 584.40 481.75 597.87 477.85 608.02 442.76 594.55 ship 0 0.995442 votes=3
472.41 542.19 502.52 557.11 497.32 567.59 467.21 552.67 ship 0 0.995401 votes=3
473.17 454.37 502.24 469.84 497.33 479.05 468.27 463.59 ship 0 0.995390 votes=3
406.16 696.10 442.74 718.02 435.40 730.27 398.82 708.35 ship 0 0.995204 votes=3
575.28 620.93 599.86 631.92 595.41 641.89 570.82 630.90 ship 0 0.995043 votes=3
480.11 283.23 522.90 306.27 517.23 316.80 474.44 293.76 ship 0 0.995034 votes=3
362.03 504.38 390.03 519.53 385.02 528.79 357.02 513.64 ship 0 0.994746 votes=3
113.99 136.84 126.74 113.43 134.98 117.92 122.23 141.33 ship 0 0.994514 votes=3
331.13 567.16 360.77 578.65 356.93 588.56 327.29 577.07 ship 0 0.994219 votes=3
273.30 241.02 298.71 254.92 294.03 263.49 268.62 249.58 ship 0 0.993936 votes=3
491.01 418.69 519.10 430.28 514.60 441.19 486.51 429.60 ship 0 0.993907 votes=3
406.70 583.57 431.66 600.38 425.39 609.69 400.43 592.88 ship 0 0.993797 votes=3
138.58 122.71 160.32 132.61 156.48 141.03 134.75 131.13 ship 0 0.993758 votes=3
598.00 443.87 621.00 457.10 616.22 465.41 593.22 452.18 ship 0 0.993720 votes=3
185.84 337.63 206.55 348.69 201.97 357.26 181.27 346.20 ship 0 0.993332 votes=3
543.48 596.25 570.58 610.06 565.55 619.94 538.45 606.13 ship 0 0.993133 votes=3
539.43 610.42 564.72 625.10 559.15 634.69 533.86 620.01 ship 0 0.993041 votes=3
354.43 515.29 384.10 531.52 378.65 541.50 348.97 525.27 ship 0 0.992891 votes=3
488.51 513.28 521.45 531.40 515.60 542.05 482.66 523.93 ship 0 0.992891 votes=3
464.47 554.30 495.52 573.57 490.09 582.32 459.04 563.05 ship 0 0.992363 votes=3
576.16 512.49 615.29 532.06 609.65 543.34 570.52 523.77 ship 0 0.992331 votes=3
143.87 221.36 161.92 234.96 157.06 241.41 139.01 227.80 ship 0 0.992235 votes=3
443.51 274.83 464.86 285.74 460.32 294.61 438.98 283.70 ship 0 0.992192 votes=3
509.73 379.55 539.11 398.16 533.26 407.41 503.87 388.80 ship 0 0.992146 votes=3
414.10 407.56 438.80 423.00 432.90 432.45 408.20 417.00 ship 0 0.992050 votes=3
456.88 568.45 488.78 586.86 482.13 598.38 450.24 579.97 ship 0 0.992027 votes=3
349.55 308.78 376.24 319.94 371.74 330.69 345.05 319.54 ship 0 0.991935 votes=3
432.27 615.28 461.78 627.71 457.27 638.43 427.76 626.00 ship 0 0.991737 votes=3
593.46 455.94 615.39 470.05 610.37 477.85 588.44 463.74 ship 0 0.991447 votes=3
321.55 589.97 350.95 606.92 345.48 616.41 316.08 599.46 ship 0 0.991431 votes=3
379.76 256.40 403.88 265.71 400.22 275.22 376.10 265.91 ship 0 0.991397 votes=3
376.89 400.52 401.28 411.72 397.40 420.17 373.01 408.97 ship 0 0.990763 votes=3
424.51 549.85 451.50 566.36 445.58 576.05 418.58 559.53 ship 0 0.990753 votes=3
289.32 349.26 313.20 361.43 308.45 370.75 284.57 358.57 ship 0 0.990706 votes=3
131.49 231.03 158.08 246.60 151.90 257.16 125.31 241.59 ship 0 0.990578 votes=3
36.16 334.94 48.46 364.36 38.47 368.54 26.17 339.12 ship 0 0.990139 votes=3
172.78 343.36 202.45 363.36 196.53 372.15 166.86 352.15 ship 0 0.989905 votes=3
216.65 152.96 241.14 164.28 236.69 173.90 212.20 162.57 ship 0 0.989048 votes=3
279.78 469.37 302.81 485.76 296.51 494.60 273.49 478.21 ship 0 0.988701 votes=3
396.36 597.77 425.23 612.73 420.40 622.05 391.53 607.10 ship 0 0.988055 votes=3
193.06 196.04 214.71 204.80 211.40 212.98 189.75 204.23 ship 0 0.988041 votes=3
432.60 370.08 463.32 387.28 457.16 398.27 426.45 381.07 ship 0 0.987538 votes=3
187.22 206.59 207.16 218.31 202.71 225.89 182.77 214.18 ship 0 0.987327 votes=3
157.33 269.22 182.54 285.45 177.47 293.32 152.26 277.08 ship 0 0.986993 votes=3
207.88 364.18 228.68 375.79 224.36 383.54 203.56 371.93 ship 0 0.986948 votes=3
319.75 295.74 342.62 305.31 339.22 313.44 316.35 303.87 ship 0 0.986826 votes=3
171.22 237.67 193.73 248.63 189.55 257.21 167.04 246.25 ship 0 0.986729 votes=3
362.45 287.93 386.82 298.16 382.94 307.40 358.57 297.17 ship 0 0.985736 votes=3
302.93 598.94 336.15 613.33 331.08 625.02 297.87 610.63 ship 0 0.985720 votes=3
279.85 444.87 299.55 457.68 295.24 464.32 275.53 451.51 ship 0 0.985676 votes=3
291.55 422.84 316.44 430.69 313.49 440.05 288.59 432.20 ship 0 0.985470 votes=3
341.32 248.49 364.74 259.74 360.49 268.57 337.08 257.33 ship 0 0.985266 votes=3
270.74 180.73 289.21 190.35 285.53 197.41 267.06 187.79 ship 0 0.984940 votes=3
242.58 231.64 263.54 240.39 260.04 248.76 239.09 240.01 ship 0 0.984500 votes=3
314.63 376.05 340.68 389.90 335.58 399.48 309.53 385.62 ship 0 0.984205 votes=3
497.85 255.81 518.90 265.28 514.29 275.52 493.24 266.05 ship 0 0.984180 votes=3
153.30 204.33 174.13 215.94 169.90 223.53 149.06 211.92 ship 0 0.983571 votes=3
303.11 399.94 326.52 411.04 322.15 420.25 298.74 409.15 ship 0 0.983129 votes=3
182.62 218.96 200.57 231.02 196.12 237.65 178.17 225.59 ship 0 0.982516 votes=3
533.16 422.28 558.13 435.53 553.19 444.85 528.22 431.59 ship 0 0.982505 votes=3
378.51 632.80 406.20 647.11 401.33 656.54 373.64 642.22 ship 0 0.982305 votes=3
508.16 472.38 535.00 482.17 531.88 490.72 505.04 480.93 ship 0 0.981092 votes=3
219.62 272.33 242.33 285.63 237.25 294.31 214.54 281.01 ship 0 0.980577 votes=3
237.97 307.62 263.48 321.55 258.92 329.90 233.41 315.96 ship 0 0.980024 votes=3
363.98 181.10 388.11 193.56 382.40 204.62 358.27 192.16 ship 0 0.979957 votes=3
439.55 511.19 470.64 527.25 465.63 536.96 434.53 520.90 ship 0 0.979784 votes=3
225.23 260.80 247.03 273.50 242.75 280.85 220.94 268.15 ship 0 0.978532 votes=3
439.36 596.73 467.32 609.39 462.41 620.24 434.45 607.57 ship 0 0.978258 votes=3
490.45 271.35 515.93 285.30 510.57 295.09 485.09 281.14 ship 0 0.978079 votes=3
255.53 414.87 278.22 428.91 273.28 436.89 250.59 422.85 ship 0 0.977274 votes=3
236.99 437.09 268.21 457.69 261.54 467.80 230.32 447.19 ship 0 0.975918 votes=3
197.96 115.89 220.02 127.74 215.65 135.87 193.59 124.03 ship 0 0.975916 votes=3
606.46 431.61 627.12 445.89 621.43 454.11 600.78 439.83 ship 0 0.975509 votes=3
198.24 315.11 212.41 338.13 204.52 342.99 190.34 319.98 ship 0 0.974885 votes=3
381.86 470.64 408.51 483.09 403.97 492.81 377.32 480.35 ship 0 0.972899 votes=3
322.95 501.46 351.19 513.61 346.88 523.63 318.64 511.48 ship 0 0.972618 votes=3
462.41 170.29 534.33 43.65 578.78 68.90 506.86 195.54 harbor 0 0.968434 votes=3
285.36 433.74 307.21 445.52 303.14 453.06 281.30 441.27 ship 0 0.967881 votes=3
341.35 467.37 367.75 478.50 364.18 486.97 337.78 475.84 ship 0 0.967737 votes=3
309.28 173.27 332.60 187.11 327.70 195.36 304.38 181.53 ship 0 0.967062 votes=3
587.12 554.14 591.41 584.68 579.57 586.35 575.27 555.80 ship 0 0.966874 votes=3
203.42 180.62 225.86 171.02 230.01 180.71 207.56 190.31 ship 0 0.964380 votes=3
394.13 612.22 418.86 624.17 415.02 632.13 390.29 620.18 ship 0 0.962731 votes=3
432.50 522.97 459.69 536.26 455.64 544.56 428.44 531.26 ship 0 0.962344 votes=3
350.92 685.12 516.40 373.90 580.90 408.20 415.42 719.41 harbor 0 0.959860 votes=3
211.57 351.76 236.36 361.02 233.18 369.53 208.39 360.28 ship 0 0.959487 votes=3
368.74 203.92 392.01 217.92 386.86 226.48 363.59 212.48 ship 0 0.956450 votes=3
323.54 578.61 344.58 588.60 340.72 596.73 319.68 586.74 ship 0 0.955946 votes=3
155.37 261.36 180.35 262.02 180.15 269.59 155.18 268.94 ship 0 0.955204 votes=3
274.36 380.06 296.78 393.85 291.41 402.57 269.00 388.77 ship 0 0.947897 votes=3
295.60 410.55 317.24 422.02 313.14 429.75 291.50 418.28 ship 0 0.944512 votes=3
252.32 210.39 271.85 219.30 268.49 226.67 248.96 217.75 ship 0 0.941742 votes=3
344.91 322.38 365.99 333.38 361.91 341.20 340.83 330.20 ship 0 0.932689 votes=3
453.51 226.41 480.72 239.72 474.21 253.02 447.00 239.71 ship 0 0.927370 votes=3
349.71 453.80 373.78 466.71 369.40 474.87 345.33 461.97 ship 0 0.926238 votes=3
146.68 282.92 169.61 291.19 165.85 301.63 142.92 293.37 ship 0 0.923497 votes=3
249.06 221.24 266.84 231.95 263.50 237.51 245.71 226.80 ship 0 0.921848 votes=3
451.75 506.48 476.46 515.38 473.43 523.80 448.72 514.90 ship 0 0.912794 votes=3
217.73 487.06 360.75 207.05 417.98 236.28 274.97 516.29 harbor 0 0.908513 votes=3
438.68 242.70 474.37 266.02 468.72 274.68 433.02 251.36 ship 0 0.908332 votes=3
429.06 303.78 454.78 310.15 452.48 319.46 426.76 313.09 ship 0 0.907941 votes=3
246.54 153.65 265.38 165.17 261.01 172.33 242.16 160.81 ship 0 0.899185 votes=3
150.24 106.26 166.13 114.03 163.16 120.10 147.27 112.33 ship 0 0.898984 votes=3
246.27 116.16 271.82 129.58 264.73 143.07 239.18 129.65 ship 0 0.898959 votes=3
165.22 173.35 191.60 185.85 186.88 195.81 160.50 183.31 ship 0 0.898208 votes=3
171.36 75.80 194.52 89.11 187.28 101.72 164.12 88.41 ship 0 0.885456 votes=3
269.17 477.29 286.20 492.57 279.96 499.52 262.93 484.23 ship 0 0.874858 votes=3
202.17 375.87 225.02 390.56 219.94 398.46 197.09 383.77 ship 0 0.872558 votes=3
324.96 525.44 343.93 520.24 346.19 528.49 327.23 533.69 ship 0 0.867677 votes=2
165.11 384.00 278.19 158.64 330.64 184.96 217.57 410.32 harbor 0 0.865226 votes=3
433.18 287.30 459.11 298.31 454.95 308.11 429.02 297.09 ship 0 0.862083 votes=3
311.68 319.13 330.37 326.51 327.33 334.20 308.64 326.82 ship 0 0.847113 votes=3
163.25 97.53 177.98 106.06 174.09 112.79 159.36 104.25 ship 0 0.844978 votes=3
409.77 346.79 429.74 356.61 425.99 364.24 406.02 354.43 ship 0 0.840068 votes=3
277.20 598.90 465.35 237.26 519.66 265.51 331.52 627.16 harbor 0 0.831757 votes=3
282.09 168.87 297.36 181.33 291.64 188.34 276.36 175.88 ship 0 0.826366 votes=3
212.54 322.24 223.87 303.92 231.94 308.91 220.62 327.23 ship 0 0.804892 votes=3
342.25 335.36 362.71 344.70 359.37 352.03 338.90 342.69 ship 0 0.791306 votes=3
525.07 640.90 596.50 494.28 651.74 521.19 580.31 667.81 harbor 0 0.756786 votes=3
162.62 186.39 184.87 196.75 181.44 204.11 159.19 193.74 ship 0 0.731271 votes=3
182.25 150.65 195.57 176.87 185.18 182.15 171.86 155.93 ship 0 0.676589 votes=3
88.09 188.86 151.12 78.54 185.02 97.91 121.99 208.23 harbor 0 0.653101 votes=2
