696.53 478.09 751.30 486.44 748.17 506.98 693.40 498.63 ship 0 0.999358 votes=3
661.43 327.73 713.03 340.18 708.76 357.89 657.16 345.44 ship 0 0.999291 votes=3
326.88 423.96 372.35 434.71 368.53 450.89 323.06 440.13 ship 0 0.999152 votes=3
671.68 616.54 715.86 622.92 713.50 639.25 669.32 632.87 ship 0 0.999031 votes=3
636.46 415.43 690.03 433.06 683.73 452.22 630.15 434.58 ship 0 0.999014 votes=3
629.24 510.51 676.73 522.39 672.49 539.35 624.99 527.46 ship 0 0.998984 votes=3
616.98 603.29 660.21 615.93 655.70 631.38 612.46 618.74 ship 0 0.998956 votes=3
715.14 389.39 760.09 395.02 758.13 410.61 713.18 404.97 ship 0 0.998918 votes=3
617.37 582.74 663.53 591.03 660.44 608.28 614.27 599.99 ship 0 0.998838 votes=3
352.75 356.34 394.70 361.71 392.64 377.79 350.69 372.42 ship 0 0.998747 votes=3
636.11 464.60 684.71 475.87 680.67 493.29 632.07 482.03 ship 0 0.998685 votes=3
369.82 490.20 413.10 499.33 409.76 515.18 366.47 506.05 ship 0 0.998584 votes=3
647.97 400.61 695.09 410.37 691.63 427.08 644.51 417.32 ship 0 0.998521 votes=3
655.15 352.10 704.33 359.84 701.27 379.24 652.10 371.50 ship 0 0.998456 votes=3
630.73 492.86 680.12 501.63 677.30 517.52 627.91 508.76 ship 0 0.998442 votes=3
388.60 402.90 430.00 407.46 428.51 420.96 387.11 416.40 ship 0 0.998400 votes=3
639.21 447.81 687.37 455.65 684.73 471.92 636.56 464.09 ship 0 0.998324 votes=3
674.23 593.23 720.36 599.37 717.90 617.92 671.76 611.78 ship 0 0.998274 votes=3
391.07 382.40 429.81 392.26 426.29 406.10 387.54 396.24 ship 0 0.998259 votes=3
693.86 505.48 735.62 514.21 732.46 529.35 690.69 520.62 ship 0 0.998237 votes=3
649.45 371.87 701.20 385.54 696.65 402.75 644.90 389.08 ship 0 0.998169 votes=3
348.78 618.90 384.11 625.07 381.83 638.14 346.50 631.97 ship 0 0.998126 votes=3
332.36 693.16 374.70 700.33 372.45 713.59 330.12 706.42 ship 0 0.998098 votes=3
336.55 390.55 377.53 398.88 374.73 412.66 333.75 404.33 ship 0 0.997928 votes=3
620.09 557.91 666.45 567.16 663.33 582.81 616.97 573.56 ship 0 0.997623 votes=3
296.58 626.51 335.61 639.32 330.94 653.52 291.92 640.71 ship 0 0.997574 votes=3
336.55 371.95 379.37 382.60 375.90 396.57 333.07 385.92 ship 0 0.997430 votes=3
665.51 307.33 712.15 315.65 708.90 333.85 662.26 325.53 ship 0 0.997098 votes=3
720.77 340.66 769.52 349.18 766.26 367.81 717.52 359.29 ship 0 0.996992 votes=3
723.39 366.46 762.34 373.32 759.49 389.53 720.53 382.67 ship 0 0.996956 votes=3
730.53 320.57 777.49 330.96 773.56 348.71 726.60 338.31 ship 0 0.996938 votes=3
339.02 674.45 376.80 678.47 375.21 693.46 337.43 689.45 ship 0 0.996903 votes=3
597.26 673.70 644.72 684.01 641.22 700.12 593.76 689.80 ship 0 0.996879 votes=3
312.98 555.64 347.29 564.23 343.85 577.97 309.54 569.39 ship 0 0.996825 votes=3
330.80 445.72 370.42 455.02 367.16 468.94 327.53 459.64 ship 0 0.995530 votes=3
367.96 510.23 400.79 516.42 398.28 529.75 365.45 523.56 ship 0 0.995312 votes=3
329.18 749.03 353.38 754.80 350.87 765.31 326.67 759.53 ship 0 0.995109 votes=3
612.58 632.16 649.90 639.97 646.87 654.46 609.55 646.65 ship 0 0.993997 votes=3
702.60 454.50 750.84 465.49 746.70 483.67 698.46 472.68 ship 0 0.993377 votes=3
394.05 368.45 425.27 370.80 424.25 384.29 393.03 381.93 ship 0 0.993327 votes=3
656.00 680.50 708.98 692.65 704.15 713.72 651.17 701.57 ship 0 0.992045 votes=3
360.80 527.28 406.17 537.26 402.86 552.30 357.49 542.32 ship 0 0.991899 votes=3
711.39 415.82 757.41 421.51 755.47 437.21 709.45 431.51 ship 0 0.988156 votes=3
580.31 776.89 666.30 317.80 774.66 338.09 688.67 797.19 harbor 0 0.980717 votes=3
262.29 786.23 343.10 367.72 429.87 384.48 349.06 802.98 harbor 0 0.979392 votes=3
270.02 714.96 313.75 723.50 310.68 739.18 266.96 730.64 ship 0 0.977767 votes=3
326.65 727.22 360.27 731.91 358.15 747.11 324.53 742.42 ship 0 0.977732 votes=3
383.58 418.45 420.43 425.29 417.16 442.92 380.30 436.08 ship 0 0.973249 votes=3
280.07 677.17 324.25 687.42 320.45 703.79 276.27 693.54 ship 0 0.970560 votes=3
326.43 462.22 363.48 469.39 360.38 485.44 323.33 478.28 ship 0 0.965751 votes=3
342.87 634.92 377.33 642.14 373.64 659.77 339.18 652.55 ship 0 0.949291 votes=3
325.92 481.95 359.62 490.52 355.89 505.15 322.20 496.58 ship 0 0.944342 votes=3
322.19 498.95 358.42 505.89 355.51 521.08 319.29 514.14 ship 0 0.940716 votes=3
314.98 516.59 353.16 522.68 350.12 541.71 311.95 535.62 ship 0 0.932764 votes=3
689.09 571.82 723.28 576.36 720.98 593.71 686.78 589.17 ship 0 0.928726 votes=3
356.03 564.89 395.33 570.84 392.78 587.64 353.49 581.69 ship 0 0.898294 votes=3
289.05 664.35 326.09 672.84 323.17 685.57 286.13 677.09 ship 0 0.883197 votes=3
285.30 700.22 319.37 709.59 316.24 720.97 282.17 711.61 ship 0 0.875676 votes=3
377.28 457.05 412.44 463.28 409.83 478.00 374.68 471.77 ship 0 0.829883 votes=3
599.02 696.81 640.69 703.54 638.08 719.71 596.40 712.98 ship 0 0.674201 votes=2
