166.31 174.59 215.64 155.16 224.95 178.80 175.62 198.23 vehicle 0 0.999735 votes=3
371.30 641.38 421.91 617.92 431.65 638.94 381.04 662.40 vehicle 0 0.999706 votes=3
307.32 155.48 333.90 214.79 311.82 224.68 285.24 165.37 vehicle 0 0.999677 votes=3
419.65 747.04 482.81 718.75 493.44 742.47 430.28 770.76 vehicle 0 0.999649 votes=3
496.09 279.09 519.55 330.23 498.31 339.97 474.85 288.84 vehicle 0 0.999618 votes=3
257.41 376.33 322.76 349.55 332.71 373.83 267.36 400.61 vehicle 0 0.999595 votes=3
386.12 682.20 446.97 656.80 456.89 680.56 396.03 705.96 vehicle 0 0.999523 votes=3
558.66 73.00 612.62 48.75 621.92 69.43 567.95 93.68 vehicle 0 0.999350 votes=3
689.61 98.40 714.23 143.94 693.60 155.09 668.98 109.56 vehicle 0 0.999299 votes=3
149.96 135.96 219.02 109.84 228.67 135.36 159.61 161.48 vehicle 0 0.998468 votes=3
