64.85 451.07 95.47 396.29 112.78 405.96 82.16 460.74 ship 0 0.999492 votes=3
81.06 207.82 97.17 166.82 112.60 172.88 96.49 213.88 ship 0 0.999371 votes=3
295.31 496.86 318.37 455.80 333.29 464.17 310.23 505.24 ship 0 0.999310 votes=3
207.11 536.21 233.64 488.13 250.11 497.22 223.58 545.30 ship 0 0.999307 votes=3
104.28 488.80 138.64 430.02 156.96 440.74 122.60 499.51 ship 0 0.999303 votes=3
156.16 508.92 188.23 455.40 205.20 465.57 173.12 519.09 ship 0 0.999298 votes=3
254.90 556.03 282.31 513.19 296.86 522.50 269.44 565.34 ship 0 0.999282 votes=3
313.76 512.23 338.16 464.56 354.05 472.69 329.65 520.36 ship 0 0.999260 votes=3
105.72 385.04 130.47 346.25 144.63 355.28 119.88 394.07 ship 0 0.999212 votes=3
153.21 277.31 176.63 227.73 193.46 235.68 170.04 285.26 ship 0 0.999193 votes=3
225.01 449.99 249.09 410.71 265.15 420.56 241.07 459.84 ship 0 0.999113 votes=3
404.55 180.52 420.14 153.18 431.03 159.39 415.43 186.73 vehicle 0 0.999111 votes=3
275.80 576.08 301.13 528.12 317.65 536.84 292.32 584.80 ship 0 0.999093 votes=3
274.47 363.91 298.27 324.79 312.39 333.39 288.59 372.50 ship 0 0.999036 votes=3
639.25 155.89 651.97 134.14 660.61 139.19 647.89 160.95 vehicle 0 0.999011 votes=3
90.87 461.06 120.39 418.18 136.33 429.15 106.81 472.03 ship 0 0.999007 votes=3
198.66 437.11 221.48 397.00 235.94 405.23 213.12 445.34 ship 0 0.998986 votes=3
137.80 485.73 163.22 442.68 178.57 451.74 153.15 494.80 ship 0 0.998963 votes=3
387.78 414.33 410.68 374.58 425.49 383.11 402.59 422.86 ship 0 0.998917 votes=3
303.97 313.43 326.73 279.57 341.44 289.46 318.67 323.31 ship 0 0.998905 votes=3
439.35 141.49 460.02 117.81 469.77 126.33 449.10 150.00 vehicle 0 0.998852 votes=3
184.94 512.79 213.92 472.28 228.39 482.64 199.41 523.14 ship 0 0.998755 votes=3
150.53 412.41 177.62 369.57 191.99 378.66 164.90 421.50 ship 0 0.998751 votes=3
348.53 402.43 369.37 364.32 384.11 372.37 363.27 410.49 ship 0 0.998740 votes=3
250.26 350.59 272.58 309.52 287.50 317.63 265.18 358.70 ship 0 0.998691 votes=3
614.77 420.26 641.30 380.96 655.16 390.32 628.62 429.62 ship 0 0.998597 votes=3
571.81 242.81 585.63 211.38 598.87 217.20 585.06 248.63 ship 0 0.998575 votes=3
313.15 380.84 334.03 342.92 348.46 350.86 327.58 388.79 ship 0 0.998324 votes=3
469.42 197.81 493.21 159.87 506.91 168.46 483.12 206.40 ship 0 0.998309 votes=3
595.02 413.80 617.59 378.60 631.69 387.64 609.12 422.84 ship 0 0.998014 votes=3
323.42 736.01 355.99 715.51 363.57 727.56 331.00 748.06 ship 0 0.997914 votes=3
243.58 278.08 263.90 246.18 276.75 254.37 256.43 286.27 ship 0 0.997595 votes=3
479.35 349.87 500.36 312.21 514.60 320.16 493.60 357.81 ship 0 0.997523 votes=3
234.64 539.99 259.60 502.31 273.91 511.79 248.95 549.47 ship 0 0.997188 votes=3
248.46 467.76 267.51 431.89 282.20 439.69 263.15 475.56 ship 0 0.997098 votes=3
533.06 315.88 547.69 288.98 557.73 294.43 543.10 321.34 ship 0 0.997066 votes=3
516.61 303.30 537.86 273.97 549.24 282.21 527.99 311.54 ship 0 0.997047 votes=3
628.00 111.07 641.20 88.38 650.31 93.68 637.11 116.37 vehicle 0 0.996980 votes=3
365.91 409.44 387.20 371.96 401.58 380.13 380.29 417.61 ship 0 0.996537 votes=3
541.50 220.88 556.62 192.20 567.80 198.09 552.69 226.77 ship 0 0.996527 votes=3
634.23 16.32 664.15 40.49 654.08 52.96 624.15 28.79 vehicle 0 0.996420 votes=3
474.17 275.49 489.78 252.35 499.94 259.20 484.33 282.35 ship 0 0.996344 votes=3
634.75 281.43 650.49 250.40 662.92 256.70 647.18 287.74 ship 0 0.996317 votes=3
518.20 368.41 539.54 331.23 553.24 339.10 531.91 376.27 ship 0 0.996184 votes=3
502.79 294.40 517.78 270.16 528.67 276.89 513.68 301.14 ship 0 0.996136 votes=3
228.20 270.26 245.92 238.62 259.92 246.46 242.19 278.10 ship 0 0.995890 votes=3
607.60 142.35 621.67 116.16 632.42 121.93 618.35 148.13 vehicle 0 0.995868 votes=3
457.93 267.51 473.58 241.66 483.99 247.96 468.34 273.81 ship 0 0.995622 votes=3
330.22 387.81 354.36 353.69 367.69 363.11 343.55 397.24 ship 0 0.995591 votes=3
670.97 174.06 688.07 151.32 697.64 158.51 680.54 181.25 vehicle 0 0.995566 votes=3
332.96 130.32 347.32 102.37 358.20 107.96 343.85 135.91 vehicle 0 0.995548 votes=3
436.37 273.02 472.15 294.19 464.38 307.32 428.60 286.16 ship 0 0.995138 votes=3
340.16 336.39 357.22 303.32 372.16 311.03 355.10 344.10 ship 0 0.995135 votes=3
262.97 289.89 279.69 258.26 294.79 266.24 278.06 297.87 ship 0 0.995081 votes=3
648.11 288.37 669.45 259.86 681.39 268.80 660.05 297.31 ship 0 0.995052 votes=3
622.08 374.83 642.92 344.39 655.18 352.79 634.34 383.22 ship 0 0.994961 votes=3
591.68 14.75 620.20 33.92 612.72 45.05 584.20 25.87 vehicle 0 0.994705 votes=3
212.12 259.39 230.28 230.41 241.88 237.68 223.72 266.67 ship 0 0.994641 votes=3
575.59 345.48 592.50 317.18 605.69 325.07 588.78 353.36 ship 0 0.994422 votes=3
566.59 396.77 587.40 361.64 599.58 368.85 578.77 403.99 ship 0 0.994360 votes=3
713.16 329.58 731.56 300.90 744.77 309.37 726.37 338.06 ship 0 0.994313 votes=3
742.46 288.07 765.59 251.43 779.60 260.27 756.47 296.91 ship 0 0.994310 votes=3
556.52 231.75 572.26 204.98 583.25 211.44 567.51 238.21 ship 0 0.994145 votes=3
623.57 268.62 635.38 242.57 646.46 247.59 634.65 273.64 ship 0 0.994021 votes=3
269.89 480.80 287.01 448.65 302.10 456.69 284.98 488.84 ship 0 0.993290 votes=3
499.19 357.26 520.49 322.38 534.99 331.24 513.69 366.11 ship 0 0.992884 votes=3
366.50 226.94 401.41 252.90 391.33 266.45 356.43 240.49 ship 0 0.992752 votes=3
590.37 356.16 609.48 324.18 622.92 332.20 603.80 364.19 ship 0 0.992654 votes=3
356.16 344.90 378.01 314.04 390.97 323.22 369.12 354.08 ship 0 0.992504 votes=3
688.14 252.89 713.03 232.01 721.00 241.50 696.11 262.39 ship 0 0.992039 votes=3
528.16 207.78 542.26 184.09 552.85 190.40 538.75 214.09 ship 0 0.990861 votes=3
590.19 247.62 606.78 223.00 617.78 230.41 601.18 255.04 ship 0 0.990839 votes=3
607.79 365.51 627.09 333.49 640.71 341.70 621.40 373.72 ship 0 0.990807 votes=3
666.66 302.07 680.67 271.61 693.04 277.30 679.04 307.76 ship 0 0.990401 votes=3
183.71 303.05 203.47 267.86 217.68 275.85 197.93 311.03 ship 0 0.990290 votes=3
202.08 316.52 221.11 274.91 236.58 281.98 217.55 323.59 ship 0 0.989621 votes=3
560.51 334.18 577.98 307.16 589.37 314.53 571.91 341.55 ship 0 0.989319 votes=3
510.35 200.29 526.58 172.34 539.29 179.72 523.06 207.67 ship 0 0.988990 votes=3
679.30 310.54 696.29 280.11 709.70 287.60 692.71 318.03 ship 0 0.988760 votes=3
533.20 376.34 554.10 341.27 568.04 349.57 547.14 384.65 ship 0 0.987025 votes=3
605.86 104.20 629.02 71.91 638.89 79.00 615.73 111.28 vehicle 0 0.986758 votes=3
281.62 295.99 299.93 264.85 314.51 273.42 296.20 304.56 ship 0 0.984535 votes=3
386.35 174.21 401.06 145.29 411.38 150.54 396.67 179.46 vehicle 0 0.982629 votes=3
546.79 325.60 560.28 299.88 571.51 305.77 558.02 331.49 ship 0 0.982454 votes=3
419.66 196.64 437.21 166.34 448.14 172.68 430.59 202.98 vehicle 0 0.982290 votes=3
494.57 56.45 547.15 97.88 534.55 113.88 481.97 72.45 ship 0 0.981821 votes=3
552.70 101.67 595.46 40.28 613.71 53.00 570.95 114.38 ship 0 0.981133 votes=3
588.61 132.35 602.93 109.56 612.24 115.41 597.91 138.20 vehicle 0 0.980629 votes=3
296.00 367.20 315.05 332.80 330.50 341.36 311.45 375.76 ship 0 0.977601 votes=3
551.14 388.37 570.63 352.53 584.25 359.93 564.77 395.77 ship 0 0.977394 votes=3
192.96 247.66 210.36 214.48 227.07 223.25 209.67 256.42 ship 0 0.976044 votes=3
216.53 324.69 239.30 285.97 254.53 294.92 231.76 333.64 ship 0 0.972339 votes=3
128.12 395.17 147.56 360.54 162.36 368.85 142.92 403.48 ship 0 0.972239 votes=3
576.19 118.72 589.62 96.61 598.91 102.26 585.49 124.37 vehicle 0 0.971576 votes=3
604.34 258.59 619.34 234.51 631.19 241.89 616.20 265.97 ship 0 0.968898 votes=3
238.99 330.26 257.23 297.78 271.07 305.55 252.83 338.03 ship 0 0.968203 votes=3
486.97 286.10 503.42 259.57 514.80 266.62 498.34 293.16 ship 0 0.965233 votes=3
461.68 333.83 480.90 301.11 496.83 310.47 477.61 343.19 ship 0 0.963214 votes=3
133.87 344.94 345.52 474.02 286.85 570.22 75.20 441.14 harbor 0 0.959584 votes=3
167.02 288.37 188.46 256.70 203.60 266.95 182.17 298.62 ship 0 0.956661 votes=3
756.08 35.75 784.59 -2.88 798.43 7.34 769.92 45.97 ship 0 0.911940 votes=3
592.84 89.49 611.40 66.02 620.75 73.42 602.20 96.89 vehicle 0 0.898159 votes=3
443.13 257.76 457.70 233.16 469.41 240.10 454.84 264.70 ship 0 0.870400 votes=3
445.86 218.83 655.11 359.71 611.33 424.74 402.08 283.85 harbor 0 0.827538 votes=3
672.27 241.19 696.70 228.34 701.94 238.30 677.51 251.15 ship 0 0.790587 votes=3
99.81 208.10 149.61 87.84 161.48 92.76 111.67 213.01 harbor 0 0.787441 votes=3
202.98 213.96 442.22 351.36 399.22 426.23 159.98 288.83 harbor 0 0.770607 votes=3
718.28 290.29 730.39 270.11 740.89 276.41 728.78 296.59 ship 0 0.643803 votes=2
