104.62 99.67 173.63 100.73 173.23 127.08 104.22 126.02 vehicle 0 0.999755 votes=3
75.37 425.64 159.30 429.13 158.00 460.31 74.07 456.81 vehicle 0 0.999748 votes=3
205.15 99.27 272.82 99.51 272.73 126.35 205.05 126.11 vehicle 0 0.999739 votes=3
455.93 98.30 527.93 99.98 527.27 128.43 455.26 126.76 vehicle 0 0.999727 votes=3
284.31 690.12 286.72 613.14 319.31 614.15 316.91 691.14 vehicle 0 0.999725 votes=3
390.14 689.55 396.92 610.38 429.43 613.17 422.65 692.34 vehicle 0 0.999715 votes=3
159.54 689.77 163.22 605.11 196.09 606.54 192.41 691.20 vehicle 0 0.999676 votes=3
294.19 443.25 341.47 367.44 371.06 385.89 323.79 461.70 vehicle 0 0.999676 votes=3
85.39 387.56 162.76 388.98 162.20 419.11 84.84 417.68 vehicle 0 0.999654 votes=3
205.10 686.70 207.82 629.40 232.95 630.59 230.23 687.89 vehicle 0 0.999640 votes=3
262.19 428.67 293.57 367.81 317.97 380.40 286.59 441.26 vehicle 0 0.999637 votes=3
414.61 497.98 459.88 424.44 489.21 442.49 443.94 516.03 vehicle 0 0.999632 votes=3
406.17 427.80 441.56 369.57 466.61 384.79 431.23 443.02 vehicle 0 0.999511 votes=3
211.65 426.56 246.70 372.54 270.01 387.66 234.96 441.69 vehicle 0 0.999400 votes=3
