270.09 217.56 339.59 217.24 339.83 270.24 270.33 270.55 storagetank 0 0.999434 votes=3
341.59 630.28 461.89 629.01 462.91 725.71 342.61 726.97 storagetank 0 0.999283 votes=3
194.37 213.47 261.15 213.14 261.46 274.15 194.68 274.49 storagetank 0 0.999238 votes=3
42.04 221.01 108.08 218.71 109.99 273.51 43.95 275.81 storagetank 0 0.998977 votes=3
560.86 585.87 743.36 587.72 741.65 756.83 559.14 754.98 storagetank 0 0.998824 votes=3
320.24 342.95 491.73 340.44 494.01 496.09 322.51 498.60 storagetank 0 0.998747 votes=3
62.94 342.82 243.14 345.22 241.04 503.01 60.84 500.61 storagetank 0 0.998715 votes=3
569.73 338.63 743.49 339.01 743.14 496.31 569.38 495.92 storagetank 0 0.998651 votes=3
74.55 627.75 205.73 627.70 205.78 747.67 74.60 747.73 storagetank 0 0.998396 votes=3
122.52 220.76 183.74 218.40 185.78 271.51 124.56 273.87 storagetank 0 0.998053 votes=3
613.35 104.18 731.32 106.56 729.01 221.65 611.04 219.27 storagetank 0 0.845478 votes=3
