438.52 34.90 508.83 16.90 514.37 38.53 444.06 56.53 ship 0 0.999483 votes=3
684.79 659.65 685.56 689.22 673.59 689.53 672.82 659.96 vehicle 0 0.999298 votes=3
278.28 347.04 320.16 345.63 320.74 362.69 278.86 364.11 ship 0 0.999187 votes=3
455.13 270.11 458.23 313.44 441.73 314.62 438.64 271.29 ship 0 0.998314 votes=3
514.41 331.21 555.03 326.67 556.83 342.84 516.21 347.37 ship 0 0.996966 votes=3
666.65 657.74 666.87 686.41 654.72 686.51 654.50 657.83 vehicle 0 0.996635 votes=3
430.30 266.06 430.47 301.64 416.29 301.71 416.12 266.13 ship 0 0.993019 votes=3
302.88 374.57 337.97 370.46 339.68 385.01 304.58 389.12 ship 0 0.992768 votes=3
279.13 750.82 287.85 778.73 275.81 782.50 267.09 754.58 vehicle 0 0.990880 votes=3
702.48 662.37 702.55 687.27 691.69 687.30 691.61 662.41 vehicle 0 0.984399 votes=3
139.54 415.16 240.18 677.72 186.25 698.39 85.61 435.83 harbor 0 0.964263 votes=3
547.20 337.93 589.18 542.86 556.86 549.48 514.88 344.56 harbor 0 0.951946 votes=3
321.77 359.28 368.11 637.73 316.46 646.33 270.13 367.87 harbor 0 0.933147 votes=3
713.36 710.75 716.53 659.25 734.70 660.37 731.54 711.87 ship 0 0.865135 votes=3
642.60 741.19 678.46 744.32 677.45 755.94 641.59 752.81 vehicle 0 0.856824 votes=3
271.66 381.05 293.37 376.67 295.58 387.63 273.87 392.01 ship 0 0.851004 votes=3
450.22 272.01 481.04 587.37 449.44 590.46 418.62 275.10 harbor 0 0.822497 votes=3
553.15 351.09 558.29 376.46 545.29 379.09 540.15 353.73 ship 0 0.785818 votes=3
