309.61 229.92 310.29 312.94 232.32 313.58 231.64 230.56 baseballfield 0 0.999531 votes=3
386.58 309.37 387.08 181.32 512.45 181.81 511.95 309.86 baseballfield 0 0.999464 votes=3
154.25 340.14 620.03 333.71 623.58 590.61 157.80 597.04 groundtrackfield 0 0.998996 votes=3
249.32 22.81 259.03 12.31 263.30 16.25 253.59 26.75 vehicle 0 0.986841 votes=3
256.42 76.08 264.83 66.05 269.83 70.24 261.42 80.27 vehicle 0 0.964722 votes=3
273.08 44.40 281.77 33.50 286.40 37.20 277.71 48.09 vehicle 0 0.930456 votes=3
727.04 357.05 727.04 373.01 719.68 373.01 719.67 357.05 vehicle 0 0.889453 votes=3
654.58 730.60 665.57 723.35 669.21 728.88 658.23 736.13 vehicle 0 0.802836 votes=3
35.73 111.22 57.50 111.16 57.52 117.92 35.75 117.98 vehicle 0 0.798655 votes=3
264.98 765.40 265.06 751.38 274.99 751.43 274.92 765.45 vehicle 0 0.797129 votes=2
125.57 730.83 125.60 744.85 118.96 744.87 118.93 730.84 vehicle 0 0.779329 votes=3
265.19 736.67 278.15 736.66 278.16 742.89 265.20 742.90 vehicle 0 0.761243 votes=3
616.20 9.11 631.19 9.54 631.00 16.09 616.01 15.66 vehicle 0 0.734486 votes=2
