434.37 436.87 441.99 404.99 447.81 406.39 440.19 438.26 vehicle 0 0.998527 votes=3
435.96 770.99 444.07 735.90 450.23 737.33 442.12 772.41 vehicle 0 0.997163 votes=3
443.28 284.08 448.62 259.89 454.26 261.13 448.92 285.32 vehicle 0 0.995707 votes=3
268.62 577.36 366.75 135.57 521.16 169.87 423.03 611.66 Expressway-Service-area 0 0.994280 votes=3
406.45 462.75 410.19 441.98 415.57 442.95 411.83 463.72 vehicle 0 0.990245 votes=3
468.87 359.44 480.90 299.82 488.25 301.30 476.22 360.92 vehicle 0 0.989662 votes=3
589.36 344.73 595.36 317.25 601.30 318.55 595.31 346.03 vehicle 0 0.988026 votes=3
395.01 434.01 399.91 414.84 404.85 416.10 399.95 435.27 vehicle 0 0.982545 votes=3
440.34 368.78 443.69 342.35 450.04 343.15 446.70 369.58 vehicle 0 0.981389 votes=3
418.58 318.25 425.76 293.88 430.87 295.39 423.69 319.75 vehicle 0 0.980989 votes=3
606.26 346.19 608.71 319.15 614.34 319.66 611.90 346.70 vehicle 0 0.979632 votes=3
400.77 395.43 406.32 368.06 412.52 369.32 406.97 396.69 vehicle 0 0.972104 votes=3
469.34 283.87 475.35 257.35 481.28 258.70 475.26 285.21 vehicle 0 0.971431 votes=3
546.50 464.38 551.11 441.61 557.06 442.82 552.46 465.59 vehicle 0 0.970550 votes=3
550.54 573.58 565.69 545.66 571.50 548.82 556.35 576.73 vehicle 0 0.966534 votes=3
451.64 366.81 456.64 334.29 463.02 335.28 458.01 367.80 vehicle 0 0.958241 votes=3
526.57 622.30 538.97 597.82 544.45 600.60 532.05 625.08 vehicle 0 0.951994 votes=3
484.62 685.95 596.65 172.26 749.92 205.69 637.89 719.37 Expressway-Service-area 0 0.944519 votes=3
633.00 292.82 641.03 314.27 635.63 316.29 627.60 294.84 vehicle 0 0.890292 votes=3
