801.00 949.00 798.00 954.00 783.00 946.00 785.00 940.00 van 0
789.00 976.00 787.00 982.00 768.00 973.00 771.00 968.00 small-car 0
774.00 992.00 771.00 998.00 755.00 991.00 757.00 984.00 small-car 0
791.00 717.00 768.00 717.00 768.00 710.00 791.00 710.00 small-car 0
659.00 801.00 657.00 807.00 639.00 799.00 641.00 793.00 small-car 0
647.00 819.00 644.00 824.00 628.00 815.00 630.00 809.00 small-car 0
699.00 824.00 689.00 838.00 683.00 834.00 692.00 819.00 van 0
674.00 947.00 672.00 951.00 654.00 943.00 655.00 938.00 van 0
607.00 988.00 602.00 990.00 596.00 975.00 601.00 973.00 van 0
713.00 81.00 705.00 81.00 704.00 64.00 711.00 63.00 small-car 0
939.00 143.00 918.00 145.00 917.00 137.00 939.00 136.00 small-car 0
611.00 879.00 602.00 895.00 594.00 890.00 603.00 874.00 small-car 0
625.00 738.00 623.00 743.00 607.00 737.00 608.00 731.00 van 0
622.00 747.00 619.00 753.00 600.00 745.00 603.00 739.00 van 0
603.00 773.00 601.00 780.00 583.00 772.00 585.00 765.00 van 0
597.00 780.00 594.00 787.00 577.00 780.00 580.00 773.00 van 0
900.00 454.00 849.00 459.00 844.00 409.00 894.00 403.00 intersection 0
689.00 915.00 685.00 924.00 666.00 914.00 670.00 905.00 small-car 0
894.00 885.00 863.00 816.00 943.00 782.00 973.00 851.00 intersection 0
