706.00 388.00 702.00 392.00 689.00 380.00 693.00 375.00 small-car 0
587.00 161.00 572.00 171.00 567.00 164.00 582.00 154.00 small-car 0
624.00 135.00 608.00 147.00 603.00 141.00 619.00 129.00 van 0
647.00 119.00 628.00 133.00 622.00 125.00 642.00 111.00 van 0
706.00 96.00 689.00 109.00 683.00 101.00 700.00 88.00 small-car 0
681.00 262.00 676.00 267.00 663.00 255.00 668.00 250.00 small-car 0
698.00 306.00 692.00 313.00 677.00 299.00 683.00 292.00 small-car 0
785.00 273.00 780.00 279.00 766.00 266.00 771.00 260.00 small-car 0
980.00 183.00 975.00 188.00 962.00 176.00 967.00 171.00 small-car 0
1000.00 171.59 984.18 160.42 988.00 155.00 1000.00 163.47 small-car 0
982.00 123.00 976.00 130.00 962.00 118.00 967.00 111.00 small-car 0
1000.00 9.33 985.00 16.00 981.91 9.04 1000.00 1.00 van 0
987.00 863.00 962.00 863.00 962.00 856.00 987.00 856.00 van 0
883.00 871.00 860.00 872.00 860.00 866.00 883.00 865.00 small-car 0
530.00 764.00 509.00 764.00 509.00 758.00 529.00 758.00 van 0
445.00 926.00 437.00 930.00 429.00 916.00 437.00 911.00 small-car 0
395.00 832.00 388.00 836.00 380.00 822.00 387.00 818.00 small-car 0
380.00 883.00 373.00 887.00 366.00 872.00 373.00 868.00 small-car 0
328.00 857.00 318.00 861.00 309.00 843.00 319.00 838.00 small-car 0
