892.00 74.00 889.00 81.00 872.00 72.00 875.00 66.00 van 0
871.00 109.00 868.00 115.00 851.00 106.00 854.00 100.00 small-car 0
861.00 115.00 859.00 120.00 844.00 112.00 847.00 108.00 small-car 0
857.00 124.00 853.00 131.00 834.00 122.00 838.00 114.00 van 0
875.00 133.00 872.00 139.00 855.00 131.00 858.00 124.00 small-car 0
903.00 134.00 892.00 149.00 885.00 143.00 897.00 129.00 van 0
936.00 175.00 933.00 181.00 917.00 174.00 920.00 168.00 van 0
906.00 182.00 903.00 189.00 882.00 179.00 886.00 172.00 dump-truck 0
899.00 192.00 895.00 198.00 879.00 189.00 883.00 183.00 small-car 0
989.00 191.00 986.00 197.00 971.00 189.00 974.00 183.00 small-car 0
972.00 214.00 969.00 221.00 951.00 212.00 955.00 205.00 dump-truck 0
970.00 225.00 967.00 231.00 949.00 222.00 952.00 216.00 small-car 0
908.00 243.00 904.00 251.00 884.00 240.00 888.00 232.00 dump-truck 0
761.00 74.00 751.00 88.00 745.00 83.00 755.00 70.00 van 0
876.00 9.00 874.00 15.00 857.00 6.00 860.00 1.00 small-car 0
855.00 45.00 852.00 50.00 839.00 43.00 842.00 38.00 small-car 0
838.00 70.00 835.00 76.00 818.00 67.00 821.00 61.00 van 0
819.00 93.00 817.00 98.00 800.00 91.00 803.00 86.00 van 0
811.00 100.00 808.00 107.00 792.00 100.00 795.00 93.00 van 0
805.00 74.00 802.00 81.00 784.00 72.00 788.00 66.00 van 0
799.00 83.00 796.00 89.00 778.00 81.00 781.00 74.00 van 0
762.00 45.00 760.00 50.00 743.00 41.00 746.00 36.00 small-car 0
778.00 28.00 774.00 36.00 753.00 25.00 757.00 18.00 van 0
753.00 61.00 750.00 68.00 734.00 59.00 738.00 53.00 small-car 0
747.00 70.00 743.00 77.00 722.00 66.00 726.00 59.00 van 0
725.00 58.00 721.00 65.00 703.00 55.00 707.00 48.00 small-car 0
804.00 110.00 801.00 116.00 786.00 108.00 789.00 102.00 small-car 0
772.00 119.00 769.00 125.00 750.00 115.00 753.00 109.00 dump-truck 0
785.00 101.00 782.00 107.00 765.00 99.00 769.00 92.00 small-car 0
752.00 104.00 742.00 114.00 737.00 109.00 747.00 99.00 small-car 0
743.00 98.00 733.00 111.00 727.00 106.00 737.00 93.00 dump-truck 0
732.00 127.00 730.00 135.00 709.00 128.00 711.00 120.00 dump-truck 0
673.00 83.00 670.00 99.00 660.00 96.00 664.00 81.00 small-car 0
687.00 29.00 684.00 34.00 668.00 26.00 671.00 21.00 van 0
681.00 38.00 678.00 44.00 662.00 36.00 666.00 30.00 small-car 0
675.00 46.00 672.00 52.00 657.00 45.00 659.00 39.00 van 0
669.00 53.00 665.00 60.00 649.00 52.00 652.00 45.00 small-car 0
664.00 63.00 660.00 69.00 643.00 60.00 646.00 53.00 van 0
657.00 36.00 654.00 42.00 635.00 32.00 639.00 26.00 dump-truck 0
651.00 45.00 647.00 52.00 631.00 44.00 635.00 37.00 van 0
642.00 52.00 638.00 60.00 623.00 51.00 627.00 44.00 van 0
900.00 652.00 883.00 661.00 879.00 654.00 896.00 644.00 van 0
883.00 648.00 867.00 656.00 864.00 650.00 880.00 643.00 small-car 0
875.00 641.00 859.00 648.00 857.00 643.00 872.00 636.00 van 0
866.00 636.00 846.00 644.00 844.00 638.00 864.00 630.00 small-car 0
856.00 630.00 837.00 639.00 834.00 633.00 854.00 624.00 van 0
832.00 621.00 813.00 628.00 810.00 621.00 829.00 614.00 small-car 0
823.00 614.00 804.00 622.00 802.00 616.00 820.00 608.00 small-car 0
815.00 608.00 794.00 617.00 791.00 611.00 812.00 601.00 small-car 0
803.00 602.00 784.00 611.00 781.00 605.00 800.00 596.00 small-car 0
789.00 597.00 773.00 604.00 770.00 597.00 786.00 591.00 small-car 0
778.00 593.00 762.00 599.00 759.00 594.00 775.00 587.00 van 0
770.00 585.00 750.00 593.00 748.00 587.00 767.00 579.00 small-car 0
760.00 578.00 745.00 585.00 742.00 580.00 757.00 573.00 van 0
747.00 573.00 731.00 581.00 728.00 575.00 745.00 567.00 van 0
735.00 568.00 719.00 574.00 716.00 569.00 732.00 562.00 small-car 0
725.00 563.00 707.00 570.00 704.00 564.00 723.00 557.00 small-car 0
714.00 557.00 692.00 565.00 689.00 558.00 711.00 551.00 small-car 0
703.00 549.00 685.00 559.00 682.00 552.00 700.00 543.00 small-car 0
614.00 502.00 605.00 516.00 599.00 512.00 609.00 499.00 small-car 0
602.00 496.00 593.00 511.00 588.00 508.00 596.00 493.00 small-car 0
586.00 487.00 574.00 504.00 567.00 499.00 579.00 482.00 dump-truck 0
565.00 479.00 555.00 492.00 550.00 488.00 560.00 475.00 small-car 0
545.00 466.00 535.00 482.00 529.00 478.00 539.00 462.00 small-car 0
530.00 457.00 518.00 474.00 511.00 469.00 523.00 453.00 dump-truck 0
516.00 454.00 504.00 466.00 500.00 461.00 512.00 450.00 small-car 0
580.00 543.00 569.00 558.00 563.00 553.00 574.00 539.00 small-car 0
569.00 538.00 560.00 553.00 553.00 549.00 563.00 534.00 small-car 0
551.00 529.00 541.00 543.00 535.00 538.00 545.00 525.00 small-car 0
526.00 546.00 514.00 562.00 508.00 557.00 519.00 541.00 dump-truck 0
490.00 684.00 441.00 751.00 403.00 732.00 452.00 664.00 tennis-court 0
427.00 651.00 377.00 720.00 339.00 700.00 388.00 632.00 tennis-court 0
364.00 620.00 313.00 688.00 276.00 669.00 326.00 600.00 tennis-court 0
300.00 588.00 250.00 656.00 212.00 637.00 262.00 569.00 tennis-court 0
116.00 287.00 106.00 301.00 100.00 296.00 110.00 282.00 van 0
92.00 292.00 76.00 302.00 72.00 295.00 88.00 285.00 van 0
43.00 288.00 39.00 293.00 22.00 283.00 25.00 277.00 van 0
25.00 264.00 21.00 271.00 0.00 260.00 4.00 253.00 van 0
81.00 242.00 73.00 255.00 66.00 251.00 74.00 238.00 van 0
48.00 191.00 45.00 198.00 25.00 189.00 29.00 182.00 small-car 0
55.00 130.00 52.00 137.00 32.00 128.00 35.00 121.00 small-car 0
71.00 106.00 68.00 113.00 47.00 104.00 50.00 97.00 dump-truck 0
95.00 66.00 93.00 72.00 76.00 64.00 78.00 58.00 small-car 0
87.00 84.00 83.00 90.00 68.00 81.00 71.00 75.00 van 0
155.00 102.00 152.00 107.00 136.00 99.00 139.00 93.00 van 0
147.00 40.00 139.00 41.00 138.00 26.00 146.00 25.00 small-car 0
328.00 216.00 321.00 220.00 311.00 205.00 319.00 201.00 dump-truck 0
358.00 208.00 355.00 214.00 338.00 206.00 341.00 200.00 dump-truck 0
437.00 213.00 417.00 212.00 417.00 205.00 437.00 205.00 small-car 0
458.00 182.00 437.00 183.00 437.00 177.00 457.00 176.00 van 0
462.00 173.00 444.00 173.00 445.00 167.00 462.00 167.00 van 0
498.00 125.00 475.00 125.00 475.00 118.00 498.00 118.00 dump-truck 0
395.00 94.00 390.00 97.00 383.00 86.00 387.00 83.00 van 0
507.00 56.00 495.00 72.00 489.00 67.00 501.00 52.00 dump-truck 0
873.00 697.00 871.00 713.00 863.00 712.00 865.00 695.00 small-car 0
854.00 687.00 851.00 703.00 845.00 702.00 849.00 685.00 small-car 0
823.00 673.00 821.00 690.00 814.00 689.00 816.00 672.00 small-car 0
778.00 648.00 772.00 664.00 764.00 661.00 770.00 645.00 van 0
587.00 667.00 584.00 674.00 567.00 664.00 571.00 657.00 dump-truck 0
592.00 659.00 589.00 664.00 573.00 655.00 576.00 650.00 small-car 0
604.00 643.00 601.00 649.00 584.00 640.00 587.00 634.00 small-car 0
610.00 635.00 607.00 641.00 590.00 631.00 593.00 625.00 small-car 0
614.00 626.00 611.00 632.00 595.00 623.00 598.00 618.00 small-car 0
622.00 619.00 619.00 625.00 601.00 615.00 604.00 609.00 small-car 0
627.00 610.00 623.00 616.00 607.00 607.00 611.00 601.00 van 0
531.00 610.00 520.00 623.00 515.00 619.00 527.00 606.00 dump-truck 0
457.98 949.21 447.17 1000.00 299.79 1000.00 316.98 919.21 baseball-field 0
