44.00 472.00 37.00 479.00 23.00 464.00 30.00 457.00 small-car 0
107.00 536.00 101.00 542.00 84.00 526.00 90.00 519.00 small-car 0
258.00 32.00 237.00 43.00 233.00 34.00 254.00 23.00 van 0
299.00 102.00 283.00 112.00 277.00 103.00 293.00 92.00 van 0
313.00 104.00 294.00 120.00 287.00 112.00 306.00 96.00 dump-truck 0
320.00 88.00 299.00 98.00 295.00 91.00 316.00 80.00 dump-truck 0
162.00 248.00 153.00 256.00 138.00 238.00 148.00 230.00 motorboat 0
158.00 258.00 152.00 265.00 135.00 250.00 141.00 243.00 cargo-truck 0
196.00 385.00 191.00 389.00 181.00 376.00 186.00 372.00 dump-truck 0
188.00 392.00 182.00 398.00 166.00 381.00 172.00 376.00 van 0
228.00 544.00 220.00 549.00 206.00 530.00 213.00 524.00 dump-truck 0
237.00 535.00 230.00 540.00 217.00 523.00 225.00 518.00 small-car 0
264.00 564.00 257.00 571.00 237.00 549.00 245.00 542.00 cargo-truck 0
580.00 333.00 574.00 338.00 560.00 325.00 565.00 319.00 small-car 0
562.00 317.00 556.00 322.00 544.00 308.00 550.00 303.00 dump-truck 0
546.00 301.00 541.00 306.00 525.00 290.00 531.00 284.00 dump-truck 0
527.00 277.00 520.00 284.00 507.00 270.00 515.00 264.00 van 0
508.00 257.00 502.00 264.00 488.00 252.00 494.00 244.00 small-car 0
582.00 243.00 562.00 252.00 559.00 244.00 579.00 236.00 small-car 0
669.00 392.00 631.00 417.00 614.00 392.00 653.00 367.00 intersection 0
428.00 67.00 406.00 77.00 403.00 69.00 424.00 60.00 small-car 0
433.00 76.00 412.00 88.00 407.00 80.00 429.00 68.00 van 0
685.00 30.00 666.00 40.00 662.00 33.00 681.00 23.00 small-car 0
706.00 36.00 683.00 48.00 679.00 40.00 701.00 28.00 dump-truck 0
626.00 200.00 607.00 210.00 603.00 203.00 622.00 192.00 small-car 0
644.00 331.00 627.00 339.00 623.00 331.00 640.00 323.00 van 0
699.00 362.00 682.00 371.00 677.00 363.00 695.00 354.00 van 0
327.00 595.00 322.00 600.00 308.00 586.00 314.00 581.00 small-car 0
338.00 589.00 332.00 596.00 314.00 580.00 319.00 574.00 dump-truck 0
511.00 535.00 501.00 542.00 490.00 527.00 500.00 520.00 dump-truck 0
694.00 505.00 673.00 515.00 667.00 504.00 689.00 494.00 cargo-truck 0
706.00 466.00 699.00 473.00 685.00 458.00 692.00 451.00 small-car 0
724.00 555.00 704.00 565.00 699.00 556.00 720.00 545.00 small-car 0
761.00 380.00 755.00 385.00 742.00 370.00 748.00 365.00 small-car 0
