639.58 1009.15 636.00 999.00 670.42 986.85 674.00 997.00 cargo-truck 0
654.00 965.00 636.00 971.00 634.00 964.00 651.00 958.00 van 0
649.00 955.00 633.00 961.00 631.00 956.00 647.00 950.00 van 0
641.00 947.00 625.00 952.00 623.00 946.00 639.00 941.00 van 0
587.00 916.00 570.00 922.00 568.00 915.00 585.00 910.00 van 0
582.00 898.00 560.00 905.00 558.00 897.00 580.00 891.00 cargo-truck 0
572.00 881.00 555.00 886.00 553.00 879.00 570.00 874.00 small-car 0
575.00 815.00 560.00 828.00 555.00 822.00 571.00 809.00 cargo-truck 0
536.00 849.00 529.00 853.00 518.00 835.00 525.00 831.00 cargo-truck 0
521.00 852.00 514.00 856.00 504.00 837.00 511.00 833.00 cargo-truck 0
528.00 869.00 523.00 872.00 516.00 858.00 522.00 855.00 cargo-truck 0
973.00 313.00 963.00 318.00 945.00 285.00 955.00 280.00 dump-truck 0
906.00 192.00 899.00 197.00 888.00 181.00 895.00 177.00 cargo-truck 0
883.00 143.00 879.00 146.00 870.00 134.00 875.00 131.00 van 0
854.00 130.00 849.00 134.00 840.00 120.00 846.00 116.00 small-car 0
797.00 108.00 791.00 113.00 782.00 102.00 788.00 97.00 cargo-truck 0
742.00 39.00 735.00 45.00 719.00 28.00 725.00 22.00 cargo-truck 0
728.00 1005.00 725.81 998.06 745.00 992.00 747.19 998.94 small-car 0
824.00 974.00 806.00 980.00 804.00 974.00 822.00 968.00 dump-truck 0
824.00 988.00 810.00 993.00 808.00 988.00 822.00 983.00 van 0
830.00 939.00 816.00 944.00 814.00 938.00 828.00 934.00 van 0
862.00 948.00 847.00 952.00 846.00 946.00 860.00 942.00 van 0
913.00 960.00 898.00 965.00 896.00 959.00 911.00 954.00 van 0
938.00 926.00 924.00 929.00 923.00 923.00 937.00 919.00 van 0
997.00 908.00 971.00 917.00 968.00 909.00 994.00 900.00 cargo-truck 0
985.00 899.00 968.00 905.00 966.00 899.00 983.00 893.00 small-car 0
86.00 362.00 67.00 363.00 67.00 357.00 85.00 356.00 small-car 0
268.00 351.00 249.00 354.00 248.00 347.00 267.00 345.00 cargo-truck 0
327.00 336.00 302.00 344.00 300.00 338.00 325.00 329.00 cargo-truck 0
637.00 182.00 623.00 189.00 621.00 184.00 634.00 177.00 cargo-truck 0
609.00 198.00 595.00 206.00 591.00 200.00 606.00 192.00 small-car 0
955.00 787.00 942.00 791.00 940.00 784.00 954.00 781.00 van 0
1000.00 198.00 990.00 204.00 986.56 198.26 1000.00 190.20 small-car 0
999.00 180.00 983.00 190.00 980.00 184.00 995.00 174.00 van 0
990.00 194.00 986.87 189.08 997.87 182.08 1001.00 187.00 van 0
982.00 106.00 967.00 110.00 965.00 105.00 981.00 101.00 van 0
971.00 136.00 954.00 142.00 952.00 137.00 969.00 130.00 van 0
967.00 126.00 952.00 132.00 950.00 127.00 965.00 120.00 van 0
929.00 71.00 923.00 74.00 916.00 58.00 922.00 56.00 small-car 0
920.00 76.00 913.00 80.00 904.00 66.00 912.00 62.00 cargo-truck 0
115.00 251.00 102.00 253.00 101.00 248.00 114.00 245.00 van 0
111.00 243.00 96.00 246.00 95.00 239.00 109.00 237.00 van 0
108.00 234.00 90.00 238.00 89.00 231.00 107.00 228.00 van 0
100.00 227.00 85.00 230.00 84.00 224.00 99.00 222.00 van 0
148.00 225.00 130.00 230.00 129.00 224.00 147.00 219.00 small-car 0
141.00 219.00 128.00 221.00 127.00 216.00 140.00 214.00 van 0
125.00 148.00 119.00 149.00 115.00 135.00 121.00 134.00 van 0
85.00 156.00 78.00 158.00 76.00 143.00 83.00 141.00 van 0
97.00 96.00 82.00 101.00 80.00 96.00 95.00 91.00 van 0
136.00 82.00 118.00 89.00 116.00 83.00 134.00 77.00 van 0
114.00 89.00 100.00 95.00 98.00 90.00 112.00 84.00 van 0
321.00 56.00 309.00 63.00 306.00 58.00 319.00 51.00 van 0
280.00 77.00 269.00 82.00 267.00 77.00 278.00 72.00 van 0
528.00 348.00 523.00 353.00 512.00 339.00 517.00 335.00 small-car 0
560.00 368.00 559.00 374.00 544.00 371.00 546.00 365.00 van 0
587.00 369.00 570.00 374.00 569.00 368.00 586.00 363.00 van 0
751.00 263.00 739.00 269.00 736.00 264.00 748.00 257.00 van 0
728.00 270.00 714.00 277.00 711.00 272.00 725.00 265.00 van 0
671.00 298.00 659.00 305.00 657.00 300.00 669.00 294.00 van 0
650.00 309.00 636.00 317.00 633.00 312.00 647.00 305.00 van 0
626.00 322.00 615.00 329.00 611.00 323.00 623.00 316.00 van 0
568.00 329.00 559.00 334.00 542.00 307.00 551.00 302.00 cargo-truck 0
679.00 232.00 643.00 251.00 638.00 241.00 674.00 222.00 cargo-truck 0
731.00 227.00 713.00 235.00 710.00 229.00 728.00 221.00 small-car 0
751.00 187.00 726.00 196.00 723.00 188.00 748.00 179.00 bus 0
789.00 206.00 783.00 210.00 772.00 197.00 777.00 192.00 small-car 0
805.00 229.00 798.00 233.00 791.00 219.00 798.00 215.00 van 0
691.00 796.00 687.00 802.00 675.00 794.00 679.00 788.00 van 0
299.00 948.00 283.00 952.00 281.00 946.00 297.00 941.00 van 0
346.00 1002.00 338.00 986.00 345.60 982.20 353.60 998.20 small-car 0
368.00 940.00 354.00 946.00 352.00 940.00 365.00 935.00 van 0
408.29 1000.00 401.00 1000.00 397.84 992.64 404.00 990.00 van 0
429.00 1000.00 421.60 1000.00 415.92 987.84 422.00 985.00 van 0
481.00 961.00 469.00 965.00 467.00 960.00 479.00 956.00 van 0
476.00 971.00 462.00 976.00 461.00 970.00 474.00 966.00 van 0
481.00 979.00 466.00 984.00 464.00 978.00 479.00 973.00 van 0
485.00 986.00 469.00 992.00 467.00 986.00 483.00 980.00 van 0
489.00 993.00 471.00 1000.00 468.00 994.00 486.00 987.00 dump-truck 0
540.00 943.00 535.00 946.00 529.00 933.00 534.00 930.00 van 0
10.30 7.10 -1.10 3.30 0.90 -2.70 12.30 1.10 van 0
167.00 156.00 151.00 158.00 151.00 152.00 166.00 150.00 dump-truck 0
